
 tid_9756_time_13:57:36:313 DPETW@ "GAZE_LOG_CALI: 650.703	477.823	649.449	483.676	927.879	461.817	925.655	468.133	290.471	468.681	290.213	474.542	565.814	454.82	564.41	461.153	
35.3541	-40.7173	311.777	-56.2985	-385.626	-30.2192	-111.133	-43.5883	36.6085	-46.5704	314.006	-62.6194	-385.368	-36.0853	-109.729	-49.9221	8.25736	-10.375	-595.54	72.7888	-13.5138	-596.013	8.03285	-10.5122	-603.335	73.4141	-13.6919	-603.786	8.58635	-11.7976	-598.075	73.6497	-15.0655	-598.783	0.101691	-0.236146	0.966382	0.0453632	-0.264487	0.963322	0.101691	0.0220187	0.994572	0.0453632	-0.00614928	0.998952	0.101691	0.0220187	0.994572	0.0453632	-0.00614928	0.998952	5.838	1.26168	2.60006	-0.35233	5.838	1.26168	2.60006	-0.35233	188.6	103.589	221.452	84.2181	1052.16	577.9	1235.44	469.836	1143.8	523.868	1	0	0
"
 tid_9756_time_13:57:36:336 DPETW@ "GAZE_LOG_CALI: 644.051	478.552	644.669	484.525	920.793	462.614	920.375	468.927	284.051	469.316	285.553	475.276	558.674	455.737	559.157	461.832	
30.5733	-39.8678	306.487	-55.5023	-390.295	-29.4858	-116.387	-42.9096	29.9559	-45.8416	306.907	-61.8201	-391.8	-35.4504	-116.871	-49.0055	7.14376	-10.1957	-595.634	71.5525	-13.3459	-596.007	6.9046	-10.3306	-603.429	72.1616	-13.5218	-603.781	7.03098	-11.6477	-598.304	71.9668	-14.8666	-598.631	0.0238794	-0.248881	0.96824	-0.0365837	-0.252485	0.966909	0.0238794	0.010198	0.999663	-0.0365837	0.00637235	0.99931	0.0238794	0.010198	0.999663	-0.0365837	0.00637235	0.99931	1.36839	0.584311	-2.0966	0.365111	1.36839	0.584311	-2.0966	0.365111	142.652	96.9129	173.313	91.5477	795.826	540.657	966.881	510.726	881.354	525.692	1	0	0
"
 tid_9756_time_13:57:36:358 DPETW@ "GAZE_LOG_CALI: 643.165	478.5	644.446	484.476	920.211	462.611	920.252	468.994	283.356	469.192	285.504	475.243	558.213	455.657	559.144	461.889	
30.3511	-39.9171	306.364	-55.436	-390.344	-29.5183	-116.4	-42.8533	29.0697	-45.8935	306.324	-61.8228	-392.497	-35.5748	-117.332	-49.0856	7.09452	-10.2095	-595.884	71.542	-13.3347	-596.155	6.85481	-10.3445	-603.679	72.1509	-13.5105	-603.929	6.82656	-11.674	-598.561	71.8504	-14.881	-598.803	-0.00534296	-0.251433	0.96786	-0.0565371	-0.257859	0.964527	-0.00534296	0.00763547	0.999957	-0.0565371	0.000565469	0.9984	-0.00534296	0.00763547	0.999957	-0.0565371	0.000565469	0.9984	-0.306139	0.437485	-3.24107	0.032399	-0.306139	0.437485	-3.24107	0.032399	125.876	95.3686	161.85	88.1989	702.239	532.042	902.931	492.044	802.585	512.043	1	0	0
"
 tid_9756_time_13:57:36:382 DPETW@ "GAZE_LOG_CALI: 643.283	478.499	644.552	484.481	920.406	462.712	920.387	469.132	283.53	469.279	285.645	475.246	558.463	455.743	559.415	462.061	
30.4563	-39.9119	306.498	-55.2977	-390.203	-29.5153	-116.13	-42.6805	29.188	-45.8939	306.519	-61.722	-392.323	-35.4878	-117.081	-48.9996	7.11976	-10.2093	-595.935	71.5968	-13.3023	-596.351	6.88041	-10.3442	-603.73	72.2062	-13.4775	-604.125	6.85503	-11.6652	-598.644	71.9057	-14.8607	-598.881	-0.00482841	-0.251383	0.967876	-0.0553289	-0.254646	0.96545	-0.00482841	0.00768687	0.999959	-0.0553289	0.00390749	0.99846	-0.00482841	0.00768687	0.999959	-0.0553289	0.00390749	0.998461	-0.276657	0.440429	-3.17175	0.223883	-0.276657	0.440429	-3.17175	0.223883	126.196	95.3853	162.589	90.0947	704.024	532.136	907.049	502.621	805.537	517.378	1	0	0
"
 tid_9756_time_13:57:36:405 DPETW@ "GAZE_LOG_CALI: 643.634	478.567	644.811	484.488	920.707	462.874	920.694	469.22	283.905	469.271	286.002	475.256	558.934	455.888	559.861	462.229	
30.7155	-39.9045	306.806	-55.2097	-389.845	-29.5054	-115.683	-42.5129	29.539	-45.8263	306.82	-61.5599	-391.947	-35.4961	-116.611	-48.8548	7.18217	-10.2092	-596.076	71.6925	-13.2761	-596.546	6.94369	-10.3441	-603.872	72.3029	-13.4509	-604.32	6.93776	-11.6587	-598.684	72.0055	-14.83	-599.124	-0.00110822	-0.245647	0.969359	-0.0552329	-0.25609	0.965074	-0.00110822	0.0136121	0.999907	-0.0552329	0.002416	0.99847	-0.00110822	0.0136121	0.999907	-0.0552329	0.002416	0.998471	-0.0635025	0.779939	-3.16623	0.138427	-0.0635025	0.779939	-3.16623	0.138427	128.389	98.7431	162.73	89.2158	716.257	550.868	907.837	497.717	812.047	524.293	1	0	0
"
 tid_9756_time_13:57:36:427 DPETW@ "GAZE_LOG_CALI: 643.968	478.53	645.226	484.429	921.044	462.932	921.076	469.274	284.318	469.156	286.411	475.179	559.365	455.955	560.294	462.283	
31.1306	-39.9634	307.189	-55.1558	-389.436	-29.5826	-115.25	-42.4586	29.8725	-45.8631	307.158	-61.5025	-391.534	-35.6103	-116.179	-48.7876	7.27839	-10.2249	-596.082	71.7911	-13.2647	-596.622	7.04118	-10.36	-603.878	72.4027	-13.4393	-604.397	7.0178	-11.6782	-598.796	72.1011	-14.8182	-599.261	-0.00445411	-0.251087	0.967954	-0.056618	-0.258876	0.96425	-0.00445411	0.00799398	0.999958	-0.056618	-0.000488624	0.998396	-0.00445411	0.00799398	0.999958	-0.056618	-0.000488624	0.998396	-0.25521	0.458026	-3.24571	-0.0279961	-0.25521	0.458026	-3.24571	-0.0279961	126.571	95.5088	162.029	87.5427	706.113	532.825	903.927	488.383	805.02	510.604	1	0	0
"
 tid_9756_time_13:57:36:450 DPETW@ "GAZE_LOG_CALI: 644.493	478.384	645.714	484.323	921.624	462.959	921.564	469.296	284.924	469.051	287.087	475.034	560.064	455.966	560.898	462.288	
31.6191	-40.0696	307.678	-55.1334	-388.758	-29.7276	-114.646	-42.4539	30.3979	-46.009	307.739	-61.4752	-390.926	-35.716	-115.481	-48.7761	7.39627	-10.2583	-596.354	71.9258	-13.2646	-596.791	7.16073	-10.3938	-604.15	72.539	-13.4392	-604.565	7.14217	-11.7097	-598.924	72.2585	-14.8172	-599.435	-0.00344496	-0.244173	0.969726	-0.0527382	-0.259061	0.96442	-0.00344496	0.0151306	0.99988	-0.0527382	-0.000623778	0.998608	-0.00344496	0.0151306	0.99988	-0.0527382	-0.000623778	0.998608	-0.197404	0.866951	-3.02308	-0.0357398	-0.197404	0.866951	-3.02308	-0.0357398	127.267	99.4968	164.387	87.4219	709.998	555.073	917.083	487.709	813.54	521.391	1	0	0
"
 tid_9756_time_13:57:36:472 DPETW@ "GAZE_LOG_CALI: 644.952	478.216	646.195	484.102	922.094	462.983	922.069	469.279	285.508	468.852	287.525	474.76	560.548	455.972	561.465	462.319	
32.0997	-40.2908	308.184	-55.1503	-388.319	-30.0016	-114.079	-42.4223	30.8567	-46.1771	308.21	-61.4509	-390.341	-35.915	-114.996	-48.7701	7.50817	-10.315	-596.299	72.0552	-13.2643	-596.885	7.27408	-10.4512	-604.094	72.67	-13.4389	-604.658	7.25248	-11.7558	-599.104	72.3719	-14.8137	-599.456	-0.0041878	-0.252951	0.96747	-0.0553215	-0.255121	0.965325	-0.0041878	0.00606754	0.999973	-0.0553215	0.0034164	0.998463	-0.0041878	0.00606754	0.999973	-0.0553215	0.0034164	0.998463	-0.239948	0.347647	-3.17133	0.195746	-0.239948	0.347647	-3.17133	0.195746	126.955	94.2627	163.028	89.7145	708.259	525.873	909.499	500.499	808.879	513.186	1	0	0
"
 tid_9756_time_13:57:36:495 DPETW@ "GAZE_LOG_CALI: 645.871	477.781	647.094	483.639	922.978	462.838	922.923	469.173	286.467	468.474	288.522	474.438	561.474	455.891	562.41	462.198	
32.9985	-40.7537	309.039	-55.2568	-387.32	-30.3241	-113.133	-42.5431	31.7761	-46.6122	309.095	-61.5962	-389.379	-36.2932	-114.07	-48.851	7.72002	-10.4087	-596.457	72.2724	-13.2933	-597.03	7.48879	-10.5462	-604.252	72.8899	-13.4682	-604.803	7.46835	-11.8523	-599.19	72.588	-14.8411	-599.524	-0.00390872	-0.249834	0.968281	-0.0552572	-0.251316	0.966326	-0.00390872	0.00928856	0.999949	-0.0552572	0.00735086	0.998445	-0.00390872	0.00928857	0.999949	-0.0552572	0.00735086	0.998445	-0.223963	0.532203	-3.16771	0.421177	-0.223963	0.532203	-3.16771	0.421177	127.329	95.9764	163.276	91.9059	710.345	535.433	910.887	512.724	810.616	524.079	1	0	0
"
 tid_9756_time_13:57:36:518 DPETW@ "GAZE_LOG_CALI: 646.507	477.238	647.697	483.1	923.641	462.547	923.606	468.927	287.136	467.935	289.252	473.861	562.262	455.652	563.095	461.796	
33.6016	-41.2931	309.724	-55.5037	-386.588	-30.9012	-112.448	-42.9455	32.4122	-47.1548	309.76	-61.8884	-388.71	-36.8319	-113.282	-49.0907	7.86338	-10.5424	-596.655	72.4338	-13.369	-597.036	7.63411	-10.6815	-604.451	73.0534	-13.5449	-604.81	7.61887	-11.9801	-599.244	72.7666	-14.9075	-599.71	-0.00284148	-0.242003	0.970271	-0.0542569	-0.257745	0.964688	-0.00284148	0.0173679	0.999845	-0.0542569	0.000717342	0.998527	-0.00284148	0.0173679	0.999845	-0.0542569	0.000717342	0.998527	-0.16283	0.995158	-3.11022	0.0411007	-0.16283	0.995158	-3.11022	0.0411007	128.086	100.427	164.017	88.0252	714.564	560.261	915.018	491.075	814.791	525.668	1	0	0
"
 tid_9756_time_13:57:36:540 DPETW@ "GAZE_LOG_CALI: 644.734	476.945	647.261	482.815	921.268	462.595	922.555	468.756	285.739	467.824	288.727	473.504	559.925	455.648	562.116	461.743	
33.1654	-41.5784	308.671	-55.6746	-387.114	-31.2589	-113.427	-42.9983	30.6392	-47.4478	307.382	-61.8399	-390.109	-36.9433	-115.619	-49.0947	7.75991	-10.616	-596.524	72.199	-13.3983	-597.132	7.52923	-10.7562	-604.319	72.8154	-13.5745	-604.906	7.20834	-12.0392	-599.766	72.2121	-14.9053	-599.745	-0.067682	-0.270606	0.960308	-0.11247	-0.248084	0.962188	-0.067682	-0.0128397	0.997624	-0.11247	0.00940149	0.993611	-0.067682	-0.0128397	0.997624	-0.11247	0.00940149	0.993611	-3.88118	-0.735682	-6.45798	0.538673	-3.88118	-0.735682	-6.45798	0.538673	90.7416	83.0611	130.065	92.9795	506.229	463.381	725.608	518.714	613.158	486.322	1	0	0
"
 tid_9756_time_13:57:36:563 DPETW@ "GAZE_LOG_CALI: 644.474	476.721	647.349	482.631	920.892	462.443	922.68	468.658	285.348	467.679	288.875	473.362	559.501	455.657	562.263	461.669	
33.2537	-41.7622	308.796	-55.7719	-386.967	-31.4009	-113.28	-43.0726	30.3786	-47.6721	307.006	-61.9916	-390.502	-37.0883	-116.043	-49.0861	7.782	-10.6555	-596.606	72.2325	-13.4191	-597.168	7.55165	-10.7962	-604.401	72.8493	-13.5956	-604.942	7.14465	-12.0794	-599.58	72.1149	-14.9208	-599.672	-0.0813048	-0.256344	0.96316	-0.133919	-0.241654	0.961077	-0.0813048	0.00167517	0.996688	-0.133919	0.0153256	0.990874	-0.0813048	0.00167517	0.996688	-0.133919	0.0153256	0.990874	-4.66358	0.0959804	-7.69704	0.878128	-4.66358	0.0959804	-7.69704	0.878128	82.8914	91.3376	117.518	96.3896	462.435	509.554	655.609	537.738	555.433	518.668	1	0	0
"
 tid_9756_time_13:57:36:585 DPETW@ "GAZE_LOG_CALI: 644.872	476.686	647.622	482.554	921.4	462.494	923.217	468.733	285.65	467.628	289.144	473.293	559.936	455.693	562.562	461.669	
33.5265	-41.8393	309.334	-55.6975	-386.697	-31.4693	-112.982	-43.0726	30.777	-47.7071	307.515	-61.9404	-390.199	-37.14	-115.608	-49.0494	7.84532	-10.6724	-596.611	72.3174	-13.4026	-596.829	7.6158	-10.8133	-604.406	72.9357	-13.579	-604.603	7.23674	-12.0867	-599.446	72.2225	-14.9076	-599.574	-0.0738212	-0.247991	0.965946	-0.135854	-0.253071	0.957861	-0.0738212	0.0104637	0.997217	-0.135854	0.00346464	0.990723	-0.0738212	0.0104637	0.997217	-0.135854	0.00346464	0.990723	-4.23373	0.599539	-7.80804	0.19851	-4.23373	0.599539	-7.80804	0.19851	87.2802	96.3689	116.518	89.6363	486.919	537.623	650.033	500.063	565.124	514.039	1	0	0
"
 tid_9756_time_13:57:36:607 DPETW@ "GAZE_LOG_CALI: 645.331	476.708	648.268	482.549	922.174	462.683	923.9	468.894	286.054	467.649	289.51	473.357	560.386	455.884	563.178	461.823	
34.1724	-41.844	310.018	-55.5365	-386.33	-31.4059	-112.365	-42.9185	31.2357	-47.685	308.291	-61.7512	-389.794	-37.1187	-115.158	-48.8589	7.99059	-10.6585	-596.226	72.4664	-13.3632	-596.742	7.76283	-10.7993	-604.021	73.0867	-13.5391	-604.515	7.34326	-12.0799	-599.379	72.3492	-14.8512	-599.11	-0.0867954	-0.264916	0.960357	-0.131432	-0.233826	0.963354	-0.0867954	-0.00733013	0.996199	-0.131432	0.0234754	0.991047	-0.0867954	-0.00733013	0.996199	-0.131432	0.0234754	0.991047	-4.97941	-0.41999	-7.55446	1.34516	-4.97941	-0.41999	-7.55446	1.34516	79.9538	86.2568	119.259	101.254	446.046	481.209	665.321	564.874	551.818	517.717	1	0	0
"
 tid_9756_time_13:57:36:630 DPETW@ "GAZE_LOG_CALI: 645.9	476.977	648.539	482.699	922.682	462.92	924.44	469.201	286.4	467.845	289.742	473.485	560.944	456.1	563.583	462.267	
34.4442	-41.6942	310.559	-55.229	-386.098	-31.2778	-111.96	-42.4746	31.8053	-47.4162	308.799	-61.5141	-389.447	-36.9222	-114.6	-48.6421	8.05365	-10.6246	-596.166	72.5695	-13.2704	-596.55	7.82669	-10.765	-603.961	73.1913	-13.4451	-604.324	7.47374	-12.0185	-599.057	72.4777	-14.7992	-599.191	-0.0695527	-0.247002	0.966516	-0.133243	-0.252821	0.958294	-0.0695527	0.0115671	0.997511	-0.133243	0.00381823	0.991076	-0.0695527	0.0115671	0.997511	-0.133243	0.00381823	0.991076	-3.98856	0.662758	-7.6571	0.218769	-3.98856	0.662758	-7.6571	0.218769	89.9845	97.1579	118.341	90.0405	502.006	542.024	660.203	502.318	578.799	518.777	1	0	0
"
 tid_9756_time_13:57:36:652 DPETW@ "GAZE_LOG_CALI: 646.34	477.222	649.188	483.014	923.386	463.405	925.107	469.635	286.906	468.111	290.276	473.731	561.453	456.596	564.105	462.684	
35.0928	-41.3792	311.228	-54.7953	-385.562	-31.0309	-111.438	-42.0578	32.2446	-47.1716	309.505	-61.0292	-388.94	-36.6563	-114.091	-48.1462	8.20326	-10.5555	-596.004	72.7002	-13.1656	-596.34	7.97821	-10.695	-603.799	73.3241	-13.3391	-604.113	7.57777	-11.9599	-599.16	72.6096	-14.6764	-598.913	-0.0829922	-0.262142	0.961454	-0.13191	-0.246921	0.960015	-0.0829922	-0.00436689	0.996541	-0.13191	0.00996239	0.991212	-0.0829922	-0.00436689	0.996541	-0.13191	0.0099624	0.991212	-4.76062	-0.250205	-7.58037	0.570813	-4.76062	-0.250205	-7.58037	0.570813	82.3871	88.1198	119.278	93.7424	459.621	491.603	665.426	522.97	557.84	500.539	1	0	0
"
 tid_9756_time_13:57:36:674 DPETW@ "GAZE_LOG_CALI: 646.836	477.411	649.6	483.304	923.933	463.837	925.729	470.058	287.253	468.336	290.62	473.966	561.999	457.012	564.592	463.076	
35.5051	-41.0888	311.851	-54.3715	-385.218	-30.7964	-110.951	-41.6653	32.7404	-46.9819	310.052	-60.5967	-388.592	-36.4311	-113.545	-47.7299	8.29835	-10.492	-595.906	72.8224	-13.0654	-596.149	8.07452	-10.6307	-603.701	73.448	-13.2375	-603.922	7.6916	-11.9066	-598.949	72.7379	-14.5759	-598.909	-0.0775831	-0.258491	0.962893	-0.135618	-0.255582	0.957228	-0.0775831	-0.000468403	0.996986	-0.135618	0.000875697	0.990761	-0.0775831	-0.000468403	0.996986	-0.135618	0.000875697	0.990761	-4.44966	-0.0268375	-7.79433	0.0501737	-4.44966	-0.0268375	-7.79433	0.0501737	85.6164	90.4467	117.248	88.6461	477.637	504.584	654.104	494.539	560.786	492.073	1	0	0
"
 tid_9756_time_13:57:36:698 DPETW@ "GAZE_LOG_CALI: 647.636	477.604	650.406	483.518	924.82	464.345	926.536	470.637	287.979	468.551	291.382	474.278	562.799	457.465	565.388	463.604	
36.311	-40.8753	312.659	-53.7924	-384.454	-30.4838	-110.154	-41.1373	33.5409	-46.7894	310.941	-60.0891	-387.865	-36.2153	-112.745	-47.2774	8.4853	-10.4288	-595.857	73.0095	-12.9346	-596.135	8.26392	-10.5667	-603.653	73.6376	-13.105	-603.908	7.87766	-11.856	-598.858	72.9315	-14.4592	-598.786	-0.0775626	-0.258903	0.962784	-0.132107	-0.253354	0.958311	-0.0775626	-0.000894561	0.996987	-0.132107	0.00330786	0.99123	-0.0775626	-0.000894562	0.996987	-0.132107	0.00330786	0.99123	-4.44848	-0.0512546	-7.59142	0.189527	-4.44848	-0.0512546	-7.59142	0.189527	85.8199	90.2764	119.497	90.1805	478.772	503.634	666.65	503.099	568.391	496.934	1	0	0
"
 tid_9756_time_13:57:36:721 DPETW@ "GAZE_LOG_CALI: 648.173	477.72	650.987	483.544	925.44	464.576	927.158	470.838	288.418	468.641	291.905	474.313	563.337	457.685	565.989	463.733	
36.892	-40.8493	313.281	-53.5918	-383.93	-30.4487	-109.554	-41.0084	34.0777	-46.6731	311.562	-59.858	-387.425	-36.1257	-112.206	-47.0572	8.61971	-10.4199	-595.783	73.1517	-12.895	-596.111	8.40007	-10.5577	-603.579	73.7817	-13.0649	-603.884	8.00227	-11.8287	-598.718	73.0633	-14.403	-598.675	-0.0789387	-0.252221	0.964445	-0.132401	-0.246633	0.960022	-0.0789387	0.00599004	0.996862	-0.132401	0.0102428	0.991143	-0.0789387	0.00599004	0.996861	-0.132401	0.0102428	0.991143	-4.52765	0.343206	-7.60878	0.586879	-4.52765	0.343206	-7.60878	0.586879	85.1659	94.2565	119.467	94.2272	475.124	525.838	666.48	525.675	568.151	521.981	1	0	0
"
 tid_9756_time_13:57:36:744 DPETW@ "GAZE_LOG_CALI: 648.899	477.558	651.613	483.435	926.077	464.566	927.798	470.786	289.106	468.433	292.554	474.08	564.062	457.724	566.656	463.72	
37.5184	-40.9581	313.923	-53.6437	-383.28	-30.6815	-108.886	-41.0209	34.8037	-46.835	312.2	-59.8683	-386.735	-36.3337	-111.481	-47.018	8.76704	-10.46	-595.819	73.3069	-12.9027	-596.153	8.54936	-10.5983	-603.615	73.9388	-13.0727	-603.926	8.17162	-11.8709	-598.682	73.2289	-14.4019	-598.805	-0.0739441	-0.249125	0.965644	-0.133	-0.249016	0.959324	-0.0739441	0.00929108	0.997219	-0.133	0.00776076	0.991086	-0.0739441	0.00929108	0.997219	-0.133	0.00776076	0.991086	-4.24074	0.532348	-7.6432	0.444664	-4.24074	0.532348	-7.6432	0.444664	88.1958	96.1012	119.269	92.7772	492.027	536.129	665.377	517.586	576.621	523.839	1	0	0
"
 tid_9756_time_13:57:36:766 DPETW@ "GAZE_LOG_CALI: 648.966	477.416	652.02	483.162	925.973	464.508	928.014	470.679	289.316	468.337	292.932	473.935	564.036	457.682	566.964	463.632	
37.9254	-41.2307	314.14	-53.7505	-382.901	-30.8271	-108.578	-41.1097	34.8711	-46.9774	312.096	-59.9265	-386.525	-36.43	-111.507	-47.0603	8.86127	-10.508	-595.788	73.3742	-12.9283	-596.294	8.64482	-10.6469	-603.584	74.0069	-13.0986	-604.067	8.19017	-11.9028	-598.888	73.2182	-14.4165	-598.922	-0.0931277	-0.257236	0.961851	-0.146882	-0.245437	0.95822	-0.0931277	0.000473976	0.995654	-0.146882	0.0109323	0.989094	-0.0931277	0.000473976	0.995654	-0.146882	0.0109323	0.989094	-5.34357	0.0271568	-8.4468	0.626384	-5.34357	0.0271568	-8.4468	0.626384	77.2025	91.0028	111.136	94.56	430.697	507.686	620.004	527.531	518.747	509.064	1	0	0
"
 tid_9756_time_13:57:36:788 DPETW@ "GAZE_LOG_CALI: 649.196	477.087	652.21	482.734	926.185	464.142	928.179	470.325	289.57	468.048	293.267	473.553	564.391	457.305	567.339	463.376	
38.115	-41.6592	314.305	-54.105	-382.566	-31.2087	-108.203	-41.3654	35.1008	-47.3067	312.308	-60.2919	-386.271	-36.7185	-111.152	-47.4375	8.90866	-10.6062	-596.003	73.45	-13.0059	-596.594	8.69291	-10.7464	-603.799	74.0834	-13.1771	-604.366	8.24432	-11.9761	-598.932	73.2935	-14.5085	-599.126	-0.0890156	-0.244003	0.96568	-0.144559	-0.243678	0.959022	-0.0890156	0.0142473	0.995928	-0.144559	0.0128385	0.989413	-0.0890156	0.0142473	0.995928	-0.144559	0.0128385	0.989413	-5.1075	0.816338	-8.31244	0.735611	-5.1075	0.816338	-8.31244	0.735611	79.6117	98.7672	112.544	95.5103	444.138	551.002	627.858	532.833	532.281	537.201	1	0	0
"
 tid_9756_time_13:57:36:811 DPETW@ "GAZE_LOG_CALI: 649.2	476.894	652.233	482.56	926.106	463.821	928.143	469.967	289.659	467.803	293.3	473.409	564.365	456.982	567.341	462.892	
38.1378	-41.8329	314.269	-54.4633	-382.533	-31.3534	-108.201	-41.8488	35.1049	-47.4993	312.229	-60.6136	-386.182	-36.9642	-111.179	-47.7601	8.91366	-10.644	-596.028	73.4487	-13.1058	-596.647	8.69799	-10.7846	-603.824	74.082	-13.2783	-604.419	8.24768	-12.0299	-599.046	73.2844	-14.5862	-599.204	-0.0908203	-0.25114	0.963681	-0.146717	-0.240604	0.959471	-0.0908203	0.00683598	0.995844	-0.146717	0.0159237	0.98905	-0.0908203	0.00683598	0.995844	-0.146717	0.0159237	0.98905	-5.21092	0.391676	-8.43779	0.912397	-5.21092	0.391676	-8.43779	0.912397	78.5738	94.4646	111.259	97.1872	438.348	526.999	620.693	542.188	524.696	528.482	1	0	0
"
 tid_9756_time_13:57:36:834 DPETW@ "GAZE_LOG_CALI: 649.065	476.599	652.095	482.327	925.95	463.377	927.986	469.579	289.53	467.53	293.235	473.07	564.315	456.535	567.283	462.499	
38.0005	-42.0665	314.111	-54.8517	-382.597	-31.6925	-108.259	-42.2424	34.9704	-47.7946	312.073	-61.0579	-386.311	-37.2371	-111.228	-48.2072	8.88383	-10.7129	-596.125	73.4301	-13.2009	-596.8	8.6678	-10.8544	-603.92	74.0629	-13.3746	-604.572	8.21591	-12.0972	-599.059	73.2668	-14.6951	-599.362	-0.0896982	-0.246675	0.964938	-0.146518	-0.243007	0.958895	-0.0896982	0.0114746	0.995903	-0.146518	0.0134536	0.989116	-0.0896982	0.0114746	0.995903	-0.146518	0.0134536	0.989117	-5.14658	0.657461	-8.42594	0.770859	-5.14658	0.657461	-8.42594	0.770859	79.1849	97.039	111.343	95.6263	441.757	541.361	621.16	533.48	527.022	531.804	1	0	0
"
 tid_9756_time_13:57:36:857 DPETW@ "GAZE_LOG_CALI: 648.988	476.455	651.903	482.105	925.801	463.123	927.874	469.272	289.508	467.325	293.113	472.928	564.191	456.254	567.163	462.303	
37.808	-42.288	313.999	-55.1588	-382.72	-31.8344	-108.379	-42.438	34.8929	-47.9381	311.924	-61.312	-386.332	-37.4429	-111.353	-48.4881	8.8399	-10.7574	-596.23	73.4024	-13.2596	-596.785	8.62334	-10.8995	-604.026	74.0349	-13.4341	-604.557	8.19859	-12.14	-599.144	73.2362	-14.7591	-599.397	-0.0840331	-0.245425	0.965767	-0.148261	-0.245975	0.95787	-0.0840331	0.0128968	0.996379	-0.148261	0.0103212	0.988894	-0.0840331	0.0128968	0.996379	-0.148261	0.0103212	0.988894	-4.82083	0.738952	-8.52665	0.591373	-4.82083	0.738952	-8.52665	0.591373	82.4125	97.7834	110.291	93.7609	459.763	545.514	615.291	523.073	533.288	528.819	1	0	0
"
 tid_9756_time_13:57:36:880 DPETW@ "GAZE_LOG_CALI: 648.847	476.288	651.707	481.923	925.662	462.901	927.711	469.064	289.381	467.23	292.994	472.744	564.133	456.071	567.026	462.069	
37.6121	-42.4703	313.836	-55.3666	-382.839	-32.0185	-108.516	-42.6726	34.7516	-48.1052	311.785	-61.5341	-386.461	-37.5376	-111.411	-48.6717	8.79556	-10.8024	-596.342	73.369	-13.3125	-596.823	8.57845	-10.9451	-604.138	74.0011	-13.4876	-604.595	8.16613	-12.1712	-599.155	73.2178	-14.8097	-599.513	-0.0800962	-0.238173	0.967914	-0.147508	-0.24898	0.95721	-0.0800962	0.0204574	0.996577	-0.147508	0.00724788	0.989034	-0.0800962	0.0204574	0.996577	-0.147508	0.00724788	0.989034	-4.59506	1.1722	-8.48276	0.415277	-4.59506	1.1722	-8.48276	0.415277	84.6314	102.055	110.702	91.9198	472.142	569.343	617.583	512.802	541.72	536.993	1	0	0
"
 tid_9756_time_13:57:36:902 DPETW@ "GAZE_LOG_CALI: 648.698	476.247	651.596	481.908	925.578	462.877	927.681	469.023	289.29	467.209	292.887	472.722	564.006	456.016	566.94	462.014	
37.5008	-42.4846	313.806	-55.4079	-382.947	-32.0409	-108.602	-42.7277	34.6025	-48.1461	311.7	-61.5585	-386.552	-37.5588	-111.538	-48.7263	8.76978	-10.8069	-596.345	73.3523	-13.3222	-596.745	8.55234	-10.9496	-604.141	73.9842	-13.4975	-604.518	8.13213	-12.1802	-599.238	73.1904	-14.8177	-599.451	-0.0828509	-0.24263	0.966574	-0.149876	-0.249286	0.956762	-0.0828509	0.0158049	0.996437	-0.149876	0.00683679	0.988681	-0.0828509	0.0158049	0.996437	-0.149876	0.00683679	0.988681	-4.75305	0.905591	-8.61996	0.391722	-4.75305	0.905591	-8.61996	0.391722	83.0155	99.3774	109.295	91.6933	463.127	554.406	609.735	511.538	532	527.25	1	0	0
"
 tid_9756_time_13:57:36:924 DPETW@ "GAZE_LOG_CALI: 648.612	476.299	651.535	481.916	925.541	462.812	927.602	468.915	289.115	467.187	292.697	472.695	563.925	455.932	566.754	461.919	
37.4397	-42.4773	313.727	-55.5157	-383.137	-32.0678	-108.789	-42.8222	34.5174	-48.0948	311.663	-61.6236	-386.727	-37.5809	-111.618	-48.8104	8.75276	-10.8061	-596.161	73.3149	-13.3427	-596.593	8.53502	-10.9489	-603.956	73.9465	-13.5184	-604.365	8.11044	-12.1744	-599.11	73.1742	-14.8338	-599.388	-0.0846229	-0.244255	0.966011	-0.148371	-0.252719	0.956096	-0.0846229	0.0140896	0.996313	-0.148371	0.00334756	0.988926	-0.0846229	0.0140896	0.996313	-0.148371	0.00334756	0.988926	-4.85483	0.807302	-8.53258	0.191801	-4.85483	0.807302	-8.53258	0.191801	81.9888	98.4384	110.173	89.6916	457.399	549.168	614.633	500.371	530.865	518.024	1	0	0
"
 tid_9756_time_13:57:36:947 DPETW@ "GAZE_LOG_CALI: 648.412	476.112	651.428	481.807	925.537	462.633	927.611	468.776	288.874	467.073	292.47	472.579	563.767	455.824	566.585	461.732	
37.3334	-42.5862	313.736	-55.6556	-383.364	-32.1837	-108.958	-43.0095	34.3174	-48.2811	311.659	-61.802	-386.968	-37.6951	-111.777	-48.9178	8.72556	-10.8296	-595.986	73.2859	-13.3757	-596.336	8.50739	-10.9727	-603.782	73.9173	-13.5518	-604.108	8.06254	-12.2089	-599.051	73.1466	-14.8623	-599.169	-0.0906038	-0.251758	0.96354	-0.149139	-0.253573	0.95575	-0.0906038	0.00620309	0.995868	-0.149139	0.00243372	0.988813	-0.0906038	0.00620309	0.995868	-0.149139	0.00243372	0.988813	-5.19844	0.355413	-8.57705	0.139442	-5.19844	0.355413	-8.57705	0.139442	78.517	93.9293	109.728	89.1965	438.031	524.013	612.152	497.609	517.88	501.373	1	0	0
"
 tid_9756_time_13:57:36:969 DPETW@ "GAZE_LOG_CALI: 648.321	475.996	651.378	481.668	925.558	462.574	927.597	468.722	288.618	466.912	292.295	472.436	563.583	455.751	566.499	461.71	
37.2833	-42.7251	313.722	-55.7097	-383.539	-32.3273	-109.043	-43.031	34.2259	-48.3978	311.681	-61.8611	-387.225	-37.8562	-111.96	-48.9909	8.71153	-10.8597	-595.805	73.2702	-13.3825	-596.239	8.49312	-11.0032	-603.6	73.9016	-13.5588	-604.011	8.03795	-12.2372	-598.817	73.1162	-14.871	-598.88	-0.0917513	-0.248728	0.964218	-0.146676	-0.245065	0.958347	-0.0917513	0.00930475	0.995739	-0.146676	0.0113243	0.98912	-0.0917513	0.00930475	0.995739	-0.146676	0.0113243	0.98912	-5.26459	0.53313	-8.43491	0.648849	-5.26459	0.53313	-8.43491	0.648849	77.8534	95.7284	111.177	94.3545	434.328	534.049	620.237	526.385	521.912	523.393	1	0	0
"
 tid_9756_time_13:57:36:993 DPETW@ "GAZE_LOG_CALI: 648.192	475.879	651.25	481.595	925.577	462.511	927.65	468.685	288.241	466.822	291.875	472.42	563.379	455.66	566.441	461.7	
37.1555	-42.7978	313.775	-55.7466	-383.96	-32.343	-109.101	-43.0414	34.0967	-48.5144	311.7	-61.9248	-387.602	-37.9462	-112.165	-49.0828	8.67541	-10.863	-595.389	73.2631	-13.3845	-596.078	8.45636	-11.0067	-603.184	73.8946	-13.5609	-603.851	8.00277	-12.2548	-598.466	73.082	-14.8819	-598.564	-0.0925422	-0.254641	0.962597	-0.147483	-0.239767	0.959563	-0.0925422	0.00317423	0.995704	-0.147483	0.0167562	0.988923	-0.0925422	0.00317423	0.995704	-0.147483	0.0167562	0.988923	-5.3099	0.18187	-8.48231	0.960107	-5.3099	0.18187	-8.48231	0.960107	77.3977	92.3089	110.71	97.5339	431.786	514.973	617.629	544.122	519.074	522.424	1	0	0
"
 tid_9756_time_13:57:37:16 DPETW@ "GAZE_LOG_CALI: 648.07	476.092	651.15	481.762	925.555	462.668	927.622	468.871	287.984	467.032	291.551	472.572	563.186	455.843	566.241	461.865	
37.0545	-42.6313	313.747	-55.5605	-384.285	-32.1914	-109.301	-42.8765	33.9753	-48.3009	311.678	-61.7678	-387.86	-37.736	-112.357	-48.8995	8.64726	-10.8204	-595.067	73.2261	-13.3382	-595.831	8.42772	-10.9637	-602.862	73.8573	-13.514	-603.603	7.97189	-12.2012	-598.266	73.047	-14.836	-598.318	-0.0953195	-0.258799	0.961217	-0.147115	-0.240008	0.959559	-0.0953195	-0.00119925	0.995446	-0.147115	0.0165226	0.988981	-0.0953195	-0.00119925	0.995446	-0.147115	0.0165226	0.988981	-5.46971	-0.0687117	-8.46095	0.946716	-5.46971	-0.0687117	-8.46095	0.946716	75.7888	89.9227	110.925	97.5038	422.811	501.661	618.826	543.954	514.289	514.524	1	0	0
"
 tid_9756_time_13:57:37:38 DPETW@ "GAZE_LOG_CALI: 647.89	476.391	650.886	482.147	925.554	462.996	927.555	469.186	287.6	467.297	291.291	472.902	562.957	456.187	565.921	462.266	
36.7912	-42.2458	313.68	-55.2451	-384.545	-31.8606	-109.622	-42.4757	33.7954	-48.0026	311.676	-61.439	-388.244	-37.4712	-112.587	-48.5554	8.58575	-10.7369	-595.066	73.1658	-13.2468	-595.472	8.36539	-10.879	-602.862	73.7966	-13.4215	-603.244	7.92558	-12.1297	-597.975	73.0068	-14.7492	-597.993	-0.0868656	-0.247011	0.965111	-0.144282	-0.242548	0.95935	-0.0868656	0.0111947	0.996157	-0.144282	0.0140147	0.989437	-0.0868656	0.0111947	0.996157	-0.144282	0.0140147	0.989437	-4.98362	0.641422	-8.29655	0.803012	-4.98362	0.641422	-8.29655	0.803012	80.6133	97.1151	112.586	96.2286	449.726	541.786	628.096	536.84	535.193	534.539	1	0	0
"
 tid_9756_time_13:57:37:60 DPETW@ "GAZE_LOG_CALI: 647.681	477.021	650.567	482.659	925.364	463.603	927.418	469.846	287.199	467.885	290.781	473.466	562.579	456.71	565.525	462.768	
36.4722	-41.7337	313.542	-54.5847	-385.056	-31.2966	-110.017	-41.973	33.5857	-47.3725	311.486	-60.8319	-388.646	-36.8822	-112.964	-48.0325	8.50739	-10.6065	-594.783	73.0874	-13.1028	-595.09	8.28589	-10.747	-602.579	73.7176	-13.2758	-602.862	7.87318	-11.9811	-597.689	72.9288	-14.6102	-597.718	-0.0815566	-0.243881	0.96637	-0.146803	-0.248357	0.95748	-0.0815566	0.0145435	0.996563	-0.146803	0.00791949	0.989134	-0.0815566	0.0145435	0.996563	-0.146803	0.00791949	0.989134	-4.67854	0.833311	-8.44196	0.453758	-4.67854	0.833311	-8.44196	0.453758	83.618	99.2301	111.075	92.9483	466.488	553.585	619.667	518.54	539.394	531.257	1	0	0
"
 tid_9756_time_13:57:37:83 DPETW@ "GAZE_LOG_CALI: 647.286	477.436	650.371	483.199	925.213	464.13	927.302	470.338	286.938	468.349	290.458	473.973	562.317	457.275	565.341	463.352	
36.2761	-41.194	313.426	-54.0922	-385.38	-30.7886	-110.202	-41.3895	33.1909	-46.9569	311.335	-60.3044	-388.908	-36.418	-113.227	-47.4676	8.45895	-10.4811	-594.596	73.0478	-12.975	-594.99	8.23674	-10.62	-602.391	73.6775	-13.1462	-602.763	7.78325	-11.8814	-597.865	72.8733	-14.4781	-597.553	-0.0960685	-0.267217	0.958836	-0.147914	-0.244957	0.958185	-0.0960685	-0.00994736	0.995325	-0.147914	0.0113859	0.988935	-0.0960685	-0.00994736	0.995325	-0.147914	0.0113859	0.988935	-5.51309	-0.569951	-8.50659	0.652376	-5.51309	-0.569951	-8.50659	0.652376	75.1966	85.3577	110.386	95.1003	419.507	476.193	615.824	530.545	509.178	492.306	1	0	0
"
 tid_9756_time_13:57:37:105 DPETW@ "GAZE_LOG_CALI: 647.134	477.924	650.17	483.647	925.031	464.639	927.152	470.832	286.496	468.825	290.224	474.421	562.063	457.741	565.061	463.788	
36.075	-40.7462	313.275	-53.5974	-385.615	-30.3408	-110.481	-40.953	33.0387	-46.4693	311.152	-59.7944	-389.351	-35.9414	-113.481	-47.0017	8.41152	-10.3757	-594.538	72.9891	-12.8622	-594.794	8.18866	-10.5132	-602.334	73.6183	-13.032	-602.566	7.74171	-11.7606	-597.453	72.8173	-14.3612	-597.446	-0.0883749	-0.246657	0.965065	-0.149694	-0.248419	0.957016	-0.0883749	0.0115251	0.996021	-0.149694	0.00773937	0.988702	-0.0883749	0.0115251	0.996021	-0.149694	0.00773936	0.988702	-5.07046	0.660352	-8.60946	0.443437	-5.07046	0.660352	-8.60946	0.443437	79.6006	97.7908	109.303	93.1566	444.076	545.555	609.782	519.702	521.735	526.064	1	0	0
"
 tid_9756_time_13:57:37:127 DPETW@ "GAZE_LOG_CALI: 646.772	478.382	649.749	484.145	924.748	465.164	926.804	471.385	286.156	469.252	289.745	474.815	561.672	458.236	564.666	464.417	
35.6542	-40.2481	312.927	-53.0438	-386.095	-29.946	-110.877	-40.3247	32.6769	-46.0109	310.869	-59.2694	-389.691	-35.5145	-113.872	-46.5057	8.31274	-10.2701	-594.438	72.8987	-12.7228	-594.724	8.08854	-10.4063	-602.234	73.5268	-12.8909	-602.497	7.65765	-11.6573	-597.471	72.7316	-14.238	-597.287	-0.0871678	-0.253086	0.963509	-0.146178	-0.247628	0.957764	-0.0871678	0.00491236	0.996181	-0.146178	0.00869772	0.98922	-0.0871678	0.00491236	0.996182	-0.146178	0.00869772	0.98922	-5.00076	0.281459	-8.4058	0.498349	-5.00076	0.281459	-8.4058	0.498349	80.2067	94.1279	111.29	93.861	447.457	525.121	620.866	523.632	528.834	517.425	1	0	0
"
 tid_9756_time_13:57:37:150 DPETW@ "GAZE_LOG_CALI: 646.267	478.628	649.257	484.369	924.232	465.394	926.327	471.734	285.6	469.493	289.269	475.164	561.15	458.53	564.253	464.618	
35.1618	-40.0238	312.449	-52.6944	-386.571	-29.5973	-111.289	-40.1228	32.1717	-45.7655	310.352	-59.0387	-390.248	-35.2728	-114.394	-46.2125	8.19801	-10.2039	-594.455	72.7977	-12.6606	-594.807	7.9723	-10.3391	-602.251	73.4244	-12.8278	-602.58	7.53847	-11.599	-597.388	72.6084	-14.1765	-597.265	-0.086046	-0.249899	0.964441	-0.147189	-0.243275	0.958724	-0.086046	0.00823195	0.996257	-0.147189	0.0131507	0.989021	-0.086046	0.00823195	0.996257	-0.147189	0.0131507	0.989021	-4.93634	0.471662	-8.46482	0.753503	-4.93634	0.471662	-8.46482	0.753503	80.7342	96.091	110.573	96.4719	450.4	536.072	616.863	538.197	529.337	531.667	1	0	0
"
 tid_9756_time_13:57:37:172 DPETW@ "GAZE_LOG_CALI: 645.932	478.748	648.83	484.449	923.711	465.343	925.892	471.628	285.156	469.572	288.816	475.238	560.764	458.486	563.664	464.589	
34.7344	-39.944	312.013	-52.8006	-387.026	-29.5237	-111.879	-40.1519	31.8366	-45.6455	309.829	-59.0895	-390.693	-35.1942	-114.78	-46.2566	8.09752	-10.1857	-594.417	72.6689	-12.6722	-594.581	7.87046	-10.3207	-602.212	73.2941	-12.8396	-602.354	7.45796	-11.5732	-597.23	72.509	-14.1923	-597.452	-0.08004	-0.243026	0.966712	-0.152583	-0.262881	0.952687	-0.08004	0.0154589	0.996672	-0.152583	-0.00735022	0.988263	-0.08004	0.0154589	0.996672	-0.152583	-0.00735022	0.988263	-4.59141	0.885762	-8.77691	-0.42114	-4.59141	0.885762	-8.77691	-0.42114	84.0965	100.257	107.297	84.6877	469.157	559.311	598.586	472.456	527.802	507.849	1	0	0
"
 tid_9756_time_13:57:37:194 DPETW@ "GAZE_LOG_CALI: 645.096	478.872	648.122	484.535	922.929	465.253	925.115	471.515	284.421	469.72	288.046	475.292	560.02	458.335	562.987	464.478	
34.0266	-39.8575	311.234	-52.9142	-387.797	-29.4688	-112.556	-40.2631	31.0012	-45.5212	309.046	-59.1796	-391.43	-35.0465	-115.524	-46.4072	7.93189	-10.1682	-594.311	72.5041	-12.702	-594.718	7.7026	-10.303	-602.106	73.1271	-12.8698	-602.491	7.26433	-11.5443	-597.355	72.3316	-14.2225	-597.503	-0.0889	-0.251794	0.963689	-0.152112	-0.258689	0.953909	-0.0889	0.00620703	0.996021	-0.152112	-0.00298417	0.988359	-0.0889	0.00620703	0.996021	-0.152112	-0.00298417	0.988359	-5.10043	0.355639	-8.74941	-0.17098	-5.10043	0.355639	-8.74941	-0.17098	78.8283	95.0026	107.391	87.1433	439.767	530.001	599.111	486.155	511.516	497.793	1	0	0
"
 tid_9756_time_13:57:37:217 DPETW@ "GAZE_LOG_CALI: 644.243	478.901	647.272	484.569	922.039	464.998	924.201	471.193	283.643	469.71	287.321	475.318	559.117	458.1	562.185	464.167	
33.1772	-39.8236	310.319	-53.2357	-388.523	-29.4432	-113.358	-40.5747	30.1475	-45.4919	308.155	-59.435	-392.21	-35.0564	-116.428	-46.6419	7.73631	-10.1647	-594.477	72.3101	-12.7802	-594.881	7.5045	-10.2994	-602.273	72.9303	-12.949	-602.655	7.06599	-11.5445	-597.448	72.1201	-14.2803	-597.478	-0.0876637	-0.248913	0.96455	-0.149861	-0.246245	0.957552	-0.0876637	0.00921245	0.996108	-0.149861	0.00997822	0.988657	-0.0876637	0.00921245	0.996108	-0.149861	0.00997822	0.988657	-5.02943	0.527842	-8.61928	0.571719	-5.02943	0.527842	-8.61928	0.571719	79.3289	96.6866	108.499	94.5075	442.56	539.395	605.296	527.238	518.553	526.579	1	0	0
"
 tid_9756_time_13:57:37:239 DPETW@ "GAZE_LOG_CALI: 643.385	478.955	646.384	484.592	921.198	464.697	923.247	470.92	282.925	469.758	286.495	475.366	558.261	457.81	561.35	463.808	
32.2891	-39.8007	309.363	-53.5086	-389.351	-29.3957	-114.193	-40.9331	29.2895	-45.4379	307.312	-59.7357	-392.929	-35.0083	-117.284	-46.9323	7.53035	-10.1585	-594.555	72.107	-12.8581	-595.038	7.29585	-10.2931	-602.35	72.7244	-13.0279	-602.811	6.86701	-11.5368	-597.64	71.92	-14.3501	-597.458	-0.0876877	-0.254303	0.963141	-0.144349	-0.237266	0.96066	-0.0876877	0.00364105	0.996141	-0.144349	0.0194556	0.989335	-0.0876877	0.00364105	0.996141	-0.144349	0.0194556	0.989335	-5.03063	0.208618	-8.30118	1.11479	-5.03063	0.208618	-8.30118	1.11479	79.1015	93.479	111.513	99.8566	441.292	521.501	622.109	557.08	527.44	533.912	1	0	0
"
 tid_9756_time_13:57:37:262 DPETW@ "GAZE_LOG_CALI: 642.277	479.096	645.297	484.706	920.027	464.426	922.164	470.638	281.862	469.861	285.437	475.448	557.118	457.554	560.237	463.619	
31.2019	-39.6868	308.279	-53.7912	-390.411	-29.3131	-115.306	-41.123	28.1817	-45.2969	306.139	-60.0072	-393.994	-34.9053	-118.427	-47.1886	7.27741	-10.137	-594.581	71.8483	-12.9134	-594.99	7.03958	-10.2713	-602.376	72.4624	-13.0839	-602.764	6.60875	-11.5099	-597.679	71.6493	-14.4139	-597.488	-0.0883473	-0.253991	0.963163	-0.147782	-0.241734	0.959023	-0.0883473	0.00394814	0.996082	-0.147782	0.0147159	0.98891	-0.0883473	0.00394814	0.996082	-0.147782	0.0147159	0.98891	-5.06857	0.226212	-8.49933	0.843187	-5.06857	0.226212	-8.49933	0.843187	78.4613	93.6697	109.243	97.0826	437.72	522.564	609.443	541.604	518.074	525.169	1	0	0
"
 tid_9756_time_13:57:37:284 DPETW@ "GAZE_LOG_CALI: 641.477	479.181	644.401	484.775	919.238	464.317	921.33	470.66	280.98	469.939	284.564	475.54	556.312	457.411	559.381	463.539	
30.3052	-39.6179	307.443	-53.769	-391.286	-29.2218	-116.163	-41.2022	27.3818	-45.2122	305.348	-60.1159	-394.878	-34.8273	-119.233	-47.3319	7.0685	-10.1195	-594.606	71.6488	-12.9201	-594.948	6.82792	-10.2536	-602.401	72.2603	-13.0907	-602.722	6.42	-11.4893	-597.552	71.4608	-14.4435	-597.456	-0.0812491	-0.246126	0.965826	-0.145466	-0.246149	0.958254	-0.0812491	0.0122344	0.996619	-0.145466	0.0102529	0.98931	-0.0812491	0.0122344	0.996619	-0.145466	0.0102529	0.98931	-4.66072	0.700998	-8.36468	0.58746	-4.66072	0.700998	-8.36468	0.58746	82.3425	98.4283	110.418	94.508	459.372	549.112	615.998	527.241	533.782	533.169	1	0	0
"
 tid_9756_time_13:57:37:306 DPETW@ "GAZE_LOG_CALI: 640.789	479.257	643.641	484.909	918.509	464.334	920.58	470.586	280.242	470.098	283.888	475.636	555.547	457.382	558.53	463.573	
29.5461	-39.4839	306.692	-53.8427	-391.963	-29.1251	-117.014	-41.1688	26.6935	-45.1356	304.618	-60.0982	-395.618	-34.6684	-119.999	-47.3611	6.89318	-10.0949	-594.71	71.4556	-12.9223	-594.795	6.65032	-10.2286	-602.505	72.0647	-13.093	-602.57	6.25763	-11.4608	-597.476	71.283	-14.4442	-597.396	-0.0756349	-0.237332	0.96848	-0.144645	-0.250016	0.957377	-0.0756349	0.0214164	0.996906	-0.144645	0.00629014	0.989464	-0.0756349	0.0214164	0.996906	-0.144645	0.00629014	0.989464	-4.3387	1.22716	-8.31687	0.360401	-4.3387	1.22716	-8.31687	0.360401	85.3869	103.687	110.73	92.2576	476.356	578.447	617.742	514.687	544.51	543.287	1	0	0
"
 tid_9756_time_13:57:37:329 DPETW@ "GAZE_LOG_CALI: 640.322	479.321	643.339	484.979	918.132	464.311	920.257	470.617	279.906	470.134	283.528	475.718	555.187	457.435	558.215	463.515	
29.2434	-39.4137	306.368	-53.8117	-392.325	-29.0437	-117.33	-41.2271	26.2262	-45.072	304.241	-60.1216	-395.954	-34.6323	-120.358	-47.3074	6.82187	-10.076	-594.62	71.3815	-12.9261	-594.811	6.57804	-10.2095	-602.415	71.9896	-13.0969	-602.585	6.15003	-11.4528	-597.656	71.1974	-14.4416	-597.424	-0.0867044	-0.251866	0.96387	-0.146925	-0.249379	0.957195	-0.0867044	0.00618438	0.996215	-0.146925	0.00685829	0.989124	-0.0867044	0.00618438	0.996215	-0.146925	0.00685829	0.989124	-4.97414	0.354341	-8.449	0.392954	-4.97414	0.354341	-8.449	0.392954	78.9438	95.0015	109.309	92.5789	440.412	529.994	609.811	516.479	518.971	515.375	1	0	0
"
 tid_9756_time_13:57:37:351 DPETW@ "GAZE_LOG_CALI: 640.055	479.306	643.138	485.029	917.867	464.318	920.077	470.588	279.551	470.152	283.25	475.695	554.88	457.407	557.834	463.505	
29.0427	-39.3633	306.188	-53.8406	-392.603	-29.0659	-117.71	-41.2368	25.96	-45.0869	303.975	-60.1142	-396.31	-34.6143	-120.666	-47.3362	6.77427	-10.0711	-594.502	71.305	-12.9249	-594.521	6.52976	-10.2046	-602.297	71.9125	-13.0957	-602.296	6.08613	-11.4504	-597.531	71.1278	-14.4429	-597.36	-0.0896901	-0.251885	0.963592	-0.151597	-0.260277	0.953559	-0.0896901	0.00609325	0.995951	-0.151597	-0.00460896	0.988432	-0.0896901	0.00609325	0.995951	-0.151597	-0.00460896	0.988432	-5.14587	0.34912	-8.71955	-0.264075	-5.14587	0.34912	-8.71955	-0.264075	77.1801	94.9847	106.518	86.039	430.572	529.9	594.245	479.994	503.6	493.631	1	0	0
"
 tid_9756_time_13:57:37:373 DPETW@ "GAZE_LOG_CALI: 640.088	479.212	643.154	484.906	917.901	464.303	920.089	470.582	279.503	470.058	283.214	475.613	554.87	457.39	557.831	463.486	
29.0589	-39.4864	306.2	-53.8461	-392.639	-29.1482	-117.714	-41.2556	25.9925	-45.1806	304.009	-60.1293	-396.358	-34.708	-120.675	-47.3531	6.77691	-10.094	-594.432	71.3054	-12.9273	-594.503	6.5324	-10.2277	-602.227	71.9128	-13.0982	-602.277	6.09264	-11.4704	-597.417	71.1285	-14.4453	-597.3	-0.0881809	-0.24917	0.964437	-0.150386	-0.258312	0.954285	-0.0881809	0.00893484	0.996064	-0.150386	-0.00252298	0.988624	-0.0881809	0.00893484	0.996064	-0.150386	-0.00252298	0.988624	-5.05917	0.511936	-8.64934	-0.144556	-5.05917	0.511936	-8.64934	-0.144556	78.0604	96.6085	107.237	87.2454	435.483	538.96	598.252	486.724	509.141	502.953	1	0	0
"
 tid_9756_time_13:57:37:401 DPETW@ "GAZE_LOG_CALI: 640.158	479.104	643.228	484.769	918.008	464.248	920.174	470.516	279.509	469.919	283.226	475.495	554.928	457.33	557.885	463.494	
29.1326	-39.6242	306.286	-53.913	-392.627	-29.2664	-117.659	-41.248	26.0624	-45.2891	304.116	-60.184	-396.352	-34.8478	-120.618	-47.4126	6.79272	-10.1226	-594.352	71.3199	-12.9332	-594.456	6.54839	-10.2567	-602.147	71.9276	-13.1041	-602.231	6.10876	-11.4978	-597.32	71.1455	-14.4571	-597.234	-0.0878683	-0.24805	0.964754	-0.149384	-0.258407	0.954416	-0.0878683	0.0100988	0.996081	-0.149384	-0.00258064	0.988776	-0.0878683	0.0100988	0.996081	-0.149384	-0.00258064	0.988776	-5.04124	0.578629	-8.59126	-0.14786	-5.04124	0.578629	-8.59126	-0.14786	78.2639	97.2675	107.85	87.2187	436.619	542.636	601.674	486.576	511.767	505.142	1	0	0
"
 tid_9756_time_13:57:37:423 DPETW@ "GAZE_LOG_CALI: 640.21	479.115	643.283	484.733	918.102	464.27	920.213	470.596	279.482	469.903	283.211	475.467	554.911	457.345	557.913	463.48	
29.1876	-39.6603	306.324	-53.8326	-392.642	-29.2944	-117.632	-41.2614	26.1148	-45.2785	304.211	-60.1627	-396.379	-34.8633	-120.635	-47.3979	6.80465	-10.1284	-594.251	71.3273	-12.9251	-594.444	6.56043	-10.2626	-602.046	71.9351	-13.0959	-602.218	6.11982	-11.4963	-597.21	71.149	-14.4492	-597.078	-0.0879347	-0.2462	0.965222	-0.146296	-0.251843	0.956647	-0.0879347	0.0120069	0.996054	-0.146296	0.00433642	0.989231	-0.0879347	0.0120069	0.996054	-0.146296	0.00433642	0.989231	-5.04517	0.687963	-8.4124	0.248459	-5.04517	0.687963	-8.4124	0.248459	78.2453	98.3807	109.679	91.2181	436.515	548.846	611.877	508.888	518.463	521.617	1	0	0
"
 tid_9756_time_13:57:37:445 DPETW@ "GAZE_LOG_CALI: 640.214	479.164	643.246	484.822	918.093	464.276	920.218	470.628	279.433	469.959	283.13	475.531	554.871	457.412	557.857	463.51	
29.151	-39.5709	306.329	-53.8001	-392.723	-29.2305	-117.687	-41.2316	26.1188	-45.2292	304.201	-60.1561	-396.428	-34.8071	-120.675	-47.3304	6.79544	-10.1095	-594.185	71.3179	-12.9159	-594.353	6.55108	-10.2435	-601.98	71.9256	-13.0867	-602.127	6.1199	-11.4825	-597.135	71.1416	-14.4395	-597.035	-0.0858943	-0.246829	0.965245	-0.147191	-0.253963	0.955948	-0.0858943	0.0114056	0.996239	-0.147191	0.0021079	0.989106	-0.0858943	0.0114056	0.996239	-0.147191	0.0021079	0.989106	-4.92778	0.653505	-8.46421	0.120774	-4.92778	0.653505	-8.46421	0.120774	79.4194	98.0698	109.155	89.9659	443.065	547.112	608.955	501.902	520.051	516.879	2	0	0
"
 tid_9756_time_13:57:37:467 DPETW@ "GAZE_LOG_CALI: 640.169	479.214	643.21	484.867	918.11	464.331	920.231	470.66	279.416	470.039	283.104	475.574	554.855	457.416	557.824	463.514	
29.1143	-39.5254	306.343	-53.7683	-392.749	-29.1873	-117.721	-41.228	26.0735	-45.1795	304.218	-60.1014	-396.445	-34.7276	-120.691	-47.3269	6.78719	-10.0994	-594.198	71.3133	-12.9105	-594.291	6.54272	-10.2332	-601.993	71.921	-13.0812	-602.066	6.10931	-11.4682	-597.178	71.1398	-14.4314	-596.983	-0.0868587	-0.247497	0.964988	-0.146949	-0.253971	0.955984	-0.0868587	0.0106935	0.996163	-0.146949	0.0021098	0.989142	-0.0868587	0.0106935	0.996163	-0.146949	0.0021098	0.989142	-4.9832	0.612704	-8.4502	0.120882	-4.9832	0.612704	-8.4502	0.120882	78.8534	97.6689	109.302	89.988	439.907	544.875	609.773	502.025	518.696	515.592	1	1	1
"
 tid_9756_time_13:57:37:489 DPETW@ "GAZE_LOG_CALI: 640.263	479.362	643.339	485.104	918.244	464.493	920.3	470.757	279.471	470.208	283.154	475.791	554.956	457.62	557.899	463.681	
29.2438	-39.2886	306.411	-53.6713	-392.699	-28.9706	-117.646	-41.0611	26.1675	-45.0306	304.353	-59.9397	-396.39	-34.5585	-120.589	-47.1224	6.81588	-10.0445	-594.087	71.33	-12.8797	-594.295	6.57174	-10.1777	-601.882	71.938	-13.05	-602.069	6.13094	-11.4297	-597.12	71.1656	-14.3872	-596.936	-0.0891713	-0.253276	0.963275	-0.144071	-0.249442	0.957613	-0.0891713	0.00466803	0.996005	-0.144071	0.00690562	0.989543	-0.0891713	0.00466803	0.996005	-0.144071	0.00690562	0.989543	-5.11599	0.267459	-8.28371	0.395666	-5.11599	0.267459	-8.28371	0.395666	77.5576	94.2988	111.01	92.7799	432.678	526.074	619.3	517.6	519.8	513.877	1	1	1
"
 tid_9756_time_13:57:37:512 DPETW@ "GAZE_LOG_CALI: 640.32	479.529	643.433	485.318	918.393	464.699	920.394	470.952	279.524	470.332	283.253	475.966	555.116	457.794	558.099	463.831	
29.3374	-39.075	306.505	-53.4763	-392.6	-28.7955	-117.446	-40.9103	26.2247	-44.8644	304.502	-59.7335	-396.337	-34.4338	-120.43	-46.9488	6.83786	-9.99913	-594.093	71.3699	-12.8423	-594.446	6.59402	-10.1317	-601.888	71.9783	-13.012	-602.22	6.14403	-11.3955	-597.117	71.2023	-14.3429	-596.954	-0.0907965	-0.254995	0.96267	-0.141424	-0.24257	0.95977	-0.0907965	0.00285116	0.995865	-0.141424	0.0141019	0.989849	-0.0907965	0.00285116	0.995865	-0.141424	0.0141019	0.989849	-5.20945	0.16336	-8.1311	0.808006	-5.20945	0.16336	-8.1311	0.808006	76.6397	93.301	112.578	96.9235	427.558	520.508	628.049	540.717	522.507	523.88	1	1	1
"
 tid_9756_time_13:57:37:534 DPETW@ "GAZE_LOG_CALI: 640.719	479.758	643.604	485.442	918.62	464.875	920.634	471.145	279.759	470.508	283.446	476.175	555.249	458.027	558.279	464.035	
29.5089	-38.9508	306.746	-53.283	-392.406	-28.5859	-117.265	-40.7068	26.6237	-44.6354	304.73	-59.5576	-396.102	-34.2578	-120.297	-46.7154	6.87808	-9.96044	-594.124	71.4157	-12.7939	-594.359	6.63478	-10.0925	-601.919	72.0247	-12.963	-602.133	6.23537	-11.3434	-596.882	71.2394	-14.2915	-596.815	-0.0767336	-0.240313	0.967658	-0.141814	-0.239909	0.960381	-0.0767336	0.0183236	0.996883	-0.141814	0.0168307	0.98975	-0.0767336	0.0183236	0.996883	-0.141814	0.0168307	0.98975	-4.40158	1.04992	-8.15401	0.964373	-4.40158	1.04992	-8.15401	0.964373	84.7816	102.188	112.402	98.5652	472.98	570.086	627.066	549.876	548.773	558.395	1	1	1
"
 tid_9756_time_13:57:37:556 DPETW@ "GAZE_LOG_CALI: 640.944	479.802	643.864	485.477	918.811	464.9	920.895	471.17	279.965	470.613	283.533	476.215	555.436	458.048	558.442	464.108	
29.7689	-38.9158	307.007	-53.2581	-392.319	-28.5458	-117.102	-40.6332	26.8484	-44.5915	304.921	-59.532	-395.895	-34.1527	-120.11	-46.6948	6.93559	-9.94767	-593.883	71.46	-12.7794	-594.224	6.69295	-10.0796	-601.678	72.0698	-12.9484	-601.999	6.28784	-11.3252	-596.855	71.2838	-14.2859	-596.817	-0.081055	-0.249215	0.96505	-0.145307	-0.247294	0.957983	-0.081055	0.00904986	0.996669	-0.145307	0.0090764	0.989345	-0.081055	0.00904986	0.996669	-0.145307	0.0090764	0.989345	-4.6494	0.518526	-8.35542	0.520047	-4.6494	0.518526	-8.35542	0.520047	82.3743	96.9521	110.419	94.1477	459.549	540.876	616.004	525.231	533.453	527.453	1	1	1
"
 tid_9756_time_13:57:37:580 DPETW@ "GAZE_LOG_CALI: 641.06	479.944	643.996	485.607	919.012	464.954	921.044	471.176	280.039	470.754	283.644	476.396	555.578	458.026	558.553	464.131	
29.9011	-38.7862	307.157	-53.2525	-392.208	-28.3652	-116.992	-40.6102	26.9644	-44.4495	305.122	-59.4781	-395.821	-34.0114	-119.967	-46.7161	6.96572	-9.9109	-593.857	71.4881	-12.7747	-594.162	6.72347	-10.0424	-601.652	72.0983	-12.9436	-601.936	6.31426	-11.2908	-596.797	71.3211	-14.28	-596.73	-0.0813516	-0.248189	0.96529	-0.143116	-0.246094	0.958622	-0.0813516	0.0101031	0.996634	-0.143116	0.0104012	0.989651	-0.0813516	0.0101031	0.996634	-0.143116	0.0104012	0.989651	-4.6665	0.578875	-8.22862	0.595957	-4.6665	0.578875	-8.22862	0.595957	82.2346	97.5977	111.744	94.9295	458.77	544.478	623.398	529.593	537.337	532.178	1	1	1
"
 tid_9756_time_13:57:37:603 DPETW@ "GAZE_LOG_CALI: 641.08	480.007	644.117	485.672	919.122	464.918	921.106	471.131	280.047	470.802	283.642	476.445	555.589	457.991	558.564	464.012	
30.0216	-38.7205	307.219	-53.2969	-392.21	-28.3161	-116.98	-40.7295	26.9845	-44.3856	305.232	-59.5139	-395.813	-33.9635	-119.957	-46.7511	6.99199	-9.89464	-593.679	71.4944	-12.7925	-594.101	6.75001	-10.0259	-601.474	72.1048	-12.9617	-601.875	6.31847	-11.2774	-596.783	71.3301	-14.285	-596.591	-0.0885303	-0.25674	0.962417	-0.140786	-0.240511	0.960382	-0.0885303	0.00110047	0.996073	-0.140786	0.0162492	0.989907	-0.0885303	0.00110047	0.996073	-0.140786	0.0162492	0.989907	-5.07907	0.0630521	-8.09441	0.931054	-5.07907	0.0630521	-8.09441	0.931054	78.1381	92.5062	113.122	98.2929	435.917	516.074	631.088	548.356	528.785	526.157	1	1	1
"
 tid_9756_time_13:57:37:625 DPETW@ "GAZE_LOG_CALI: 641.194	479.912	644.191	485.621	919.302	464.789	921.237	471.058	280.078	470.716	283.74	476.355	555.758	457.869	558.631	463.938	
30.0956	-38.7717	307.349	-53.3702	-392.112	-28.406	-116.913	-40.804	27.0986	-44.4814	305.413	-59.6435	-395.782	-34.0494	-119.787	-46.8739	7.00929	-9.91169	-593.72	71.5143	-12.8079	-594.014	6.76756	-10.0432	-601.515	72.125	-12.9773	-601.789	6.34376	-11.2966	-596.671	71.3711	-14.3143	-596.585	-0.0843918	-0.249599	0.964665	-0.138962	-0.24644	0.959144	-0.0843918	0.00857969	0.996396	-0.138962	0.0102024	0.990245	-0.0843918	0.00857969	0.996396	-0.138962	0.0102024	0.990245	-4.84123	0.491586	-7.98819	0.584567	-4.84123	0.491586	-7.98819	0.584567	80.538	96.7603	114.233	94.8156	449.305	539.807	637.281	528.957	539.486	529.397	1	1	1
"
 tid_9756_time_13:57:37:648 DPETW@ "GAZE_LOG_CALI: 641.452	479.699	644.39	485.459	919.609	464.627	921.514	470.865	280.295	470.52	283.958	476.116	555.98	457.738	558.895	463.764	
30.2944	-38.934	307.628	-53.5635	-391.893	-28.6449	-116.65	-40.9779	27.3563	-44.6942	305.721	-59.8051	-395.564	-34.2463	-119.565	-47.0049	7.05635	-9.95878	-593.747	71.577	-12.8501	-593.995	6.81525	-10.0909	-601.542	72.1886	-13.0201	-601.769	6.4034	-11.3435	-596.619	71.4289	-14.3455	-596.463	-0.0808119	-0.245783	0.96595	-0.137581	-0.24005	0.960962	-0.0808119	0.0125987	0.99665	-0.137581	0.0168445	0.990347	-0.0808119	0.0125987	0.99665	-0.137581	0.0168445	0.990347	-4.6356	0.721871	-7.90903	0.965162	-4.6356	0.721871	-7.90903	0.965162	82.6457	99.0062	115.103	98.6002	461.064	552.336	642.137	550.071	549.748	548.805	1	1	1
"
 tid_9756_time_13:57:37:671 DPETW@ "GAZE_LOG_CALI: 642.487	479.435	645.28	485.258	920.824	464.35	922.374	470.671	281.281	470.272	284.688	475.892	557.27	457.447	559.661	463.55	
31.1843	-39.1344	308.489	-53.7576	-391.161	-28.8691	-115.883	-41.1915	28.3915	-44.9576	306.938	-60.083	-394.576	-34.494	-118.275	-47.2957	7.26101	-10.0041	-593.532	71.7625	-12.8943	-593.868	7.02253	-10.1369	-601.327	72.3765	-13.0649	-601.642	6.64516	-11.4014	-596.56	71.7277	-14.4139	-596.586	-0.0763031	-0.255682	0.963745	-0.12306	-0.255855	0.958851	-0.0763031	0.00246555	0.997082	-0.12306	0.00103149	0.992399	-0.0763031	0.00246555	0.997082	-0.12306	0.00103149	0.992399	-4.37611	0.141266	-7.06874	0.0590999	-4.37611	0.141266	-7.06874	0.0590999	85.4692	93.217	123.81	89.4895	476.815	520.039	690.71	499.244	580.633	504.897	1	1	1
"
 tid_9756_time_13:57:37:694 DPETW@ "GAZE_LOG_CALI: 647.293	478.689	647.989	484.704	925.126	463.674	924.469	470.281	287.248	469.23	288.064	475.408	562.844	456.603	562.477	463.203	
33.8942	-39.6891	310.588	-54.1485	-387.779	-29.3532	-113.067	-41.5384	33.1981	-45.7038	311.247	-60.7605	-388.597	-35.5359	-112.7	-48.1397	7.90402	-10.1385	-594.521	72.378	-13.0002	-594.92	7.67444	-10.2728	-602.316	72.9991	-13.1719	-602.693	7.79102	-11.6381	-598.279	72.9598	-14.6313	-598.431	0.0273403	-0.320216	0.94695	-0.00871976	-0.323947	0.946035	0.0273403	-0.0642162	0.997561	-0.00871976	-0.0680569	0.997643	0.0273403	-0.0642162	0.997561	-0.00871976	-0.0680569	0.997643	1.56992	-3.68185	-0.500773	-3.90239	1.56992	-3.68185	-0.500773	-3.90239	145.406	54.6566	190.091	49.5897	811.194	304.918	1060.48	276.651	934.993	263.244	1	1	1
"
 tid_9756_time_13:57:37:716 DPETW@ "GAZE_LOG_CALI: 651.205	478.115	650.028	484.333	928.462	463.432	926.125	470.018	289.84	469.013	289.432	474.992	565.139	456.452	563.57	462.998	
35.9333	-40.0598	312.247	-54.4119	-386.408	-29.7698	-111.973	-41.7434	37.1105	-46.278	314.59	-61.0035	-386	-35.753	-110.404	-48.29	8.36563	-10.2139	-593.604	72.6691	-13.0373	-594.141	8.14181	-10.3495	-601.4	73.2948	-13.2096	-601.914	8.68043	-11.6942	-596.476	73.5652	-14.6406	-596.984	0.10495	-0.262015	0.95934	0.0526017	-0.278376	0.959031	0.10495	-0.00479192	0.994466	0.0526017	-0.0206752	0.998402	0.10495	-0.00479192	0.994466	0.0526017	-0.0206752	0.998402	6.02437	-0.274558	3.01589	-1.18468	6.02437	-0.274558	3.01589	-1.18468	190.396	88.8355	225.403	76.8845	1062.18	495.595	1257.48	428.923	1159.83	462.259	1	1	1
"
 tid_9756_time_13:57:37:739 DPETW@ "GAZE_LOG_CALI: 651.433	477.714	650.331	483.819	929.183	463.077	926.735	469.659	290.134	468.541	289.708	474.588	565.802	456.09	564.242	462.599	
36.2355	-40.5742	312.858	-54.7714	-386.132	-30.1734	-111.3	-42.1421	37.3385	-46.6794	315.312	-61.3589	-385.705	-36.2251	-109.741	-48.6522	8.43519	-10.3203	-593.578	72.8231	-13.1272	-594.232	8.21227	-10.4573	-601.374	73.4507	-13.3007	-602.005	8.73547	-11.7982	-596.573	73.7253	-14.7225	-596.915	0.104389	-0.267547	0.957874	0.0518766	-0.268652	0.961839	0.104389	-0.0105143	0.994481	0.0518766	-0.0105559	0.998598	0.104389	-0.0105143	0.994481	0.0518766	-0.0105559	0.998598	5.9923	-0.602439	2.97381	-0.604819	5.9923	-0.602439	2.97381	-0.604819	190.139	85.4577	225.142	82.5502	1060.74	476.751	1256.02	460.531	1158.38	468.641	1	1	1
"
 tid_9756_time_13:57:37:761 DPETW@ "GAZE_LOG_CALI: 651.702	477.576	650.457	483.682	929.405	462.983	927.13	469.542	290.156	468.449	289.926	474.462	566.087	455.966	564.51	462.507	
36.3618	-40.7106	313.254	-54.8889	-385.913	-30.2994	-111.033	-42.2346	37.6068	-46.8173	315.535	-61.4527	-385.684	-36.3179	-109.456	-48.7765	8.46635	-10.353	-593.713	72.8936	-13.1476	-594.057	8.2439	-10.4904	-601.508	73.5223	-13.3215	-601.83	8.79302	-11.8186	-596.23	73.7888	-14.7501	-597.008	0.100373	-0.242786	0.964873	0.0529034	-0.283647	0.957468	0.100373	0.0152142	0.994834	0.0529034	-0.026171	0.998257	0.100373	0.0152142	0.994834	0.0529034	-0.026171	0.998257	5.76133	0.871741	3.0336	-1.49966	5.76133	0.871741	3.0336	-1.49966	187.86	100.14	225.801	73.6616	1048.03	558.66	1259.7	410.944	1153.87	484.802	1	1	1
"
 tid_9756_time_13:57:37:784 DPETW@ "GAZE_LOG_CALI: 651.905	477.423	650.879	483.602	929.838	462.849	927.481	469.472	290.366	468.316	290.162	474.372	566.351	455.909	564.918	462.442	
36.7836	-40.7914	313.605	-54.9584	-385.676	-30.3896	-110.625	-42.2996	37.81	-46.9702	315.968	-61.5869	-385.473	-36.4508	-109.191	-48.8335	8.56074	-10.3684	-593.457	72.9859	-13.1649	-594.145	8.33944	-10.506	-601.252	73.6158	-13.3389	-601.918	8.84048	-11.8522	-596.247	73.8611	-14.7666	-596.772	0.0962058	-0.258488	0.961212	0.0458965	-0.267068	0.962584	0.0962058	-0.000899807	0.995361	0.0458965	-0.00883237	0.998907	0.0962058	-0.000899807	0.995361	0.0458965	-0.00883237	0.998907	5.52073	-0.0515551	2.6307	-0.506064	5.52073	-0.0515551	2.6307	-0.506064	185.513	90.9546	221.882	83.5221	1034.94	507.417	1237.83	465.953	1136.39	486.685	1	1	1
"
 tid_9756_time_13:57:37:806 DPETW@ "GAZE_LOG_CALI: 652.26	477.438	651.279	483.589	930.348	462.964	928.107	469.55	290.745	468.254	290.483	474.342	566.861	455.937	565.387	462.511	
37.1843	-40.8036	314.232	-54.8811	-385.355	-30.4201	-110.155	-42.23	38.1654	-46.955	316.479	-61.4726	-385.093	-36.5125	-108.682	-48.8051	8.65262	-10.3712	-593.344	73.105	-13.1425	-593.923	8.43249	-10.5089	-601.14	73.7366	-13.3163	-601.696	8.92451	-11.858	-596.279	73.9807	-14.7493	-596.769	0.0970674	-0.266153	0.959031	0.047517	-0.278941	0.959132	0.0970674	-0.00886886	0.995238	0.047517	-0.0211943	0.998646	0.0970674	-0.00886886	0.995238	0.047517	-0.0211943	0.998645	5.57055	-0.508155	2.72416	-1.21444	5.57055	-0.508155	2.72416	-1.21444	186.096	86.4177	222.924	76.5496	1038.19	482.107	1243.65	427.055	1140.97	454.415	1	1	1
"
 tid_9756_time_13:57:37:829 DPETW@ "GAZE_LOG_CALI: 652.558	477.484	651.498	483.67	930.697	462.995	928.425	469.616	290.974	468.35	290.738	474.356	567.188	456.013	565.66	462.572	
37.4032	-40.7233	314.552	-54.8149	-385.099	-30.4055	-109.883	-42.1689	38.4628	-46.9094	316.829	-61.4415	-384.864	-36.4169	-108.354	-48.7293	8.70441	-10.3608	-593.397	73.1715	-13.126	-593.863	8.48499	-10.4984	-601.193	73.8041	-13.2997	-601.635	8.9925	-11.8394	-596.186	74.0592	-14.7359	-596.747	0.0974552	-0.257515	0.961347	0.050016	-0.281566	0.958238	0.0974552	7.41184e-05	0.99524	0.050016	-0.0239615	0.998461	0.0974551	7.41184e-05	0.99524	0.050016	-0.0239615	0.998461	5.59265	0.00424667	2.86773	-1.37303	5.59265	0.00424667	2.86773	-1.37303	186.375	91.5352	224.42	75.0016	1039.75	510.657	1251.99	418.419	1145.87	464.538	1	1	1
"
 tid_9756_time_13:57:37:851 DPETW@ "GAZE_LOG_CALI: 655.33	478.055	653.263	484.126	933.091	463.654	929.65	470.039	293.846	468.91	292.429	474.798	569.6	456.716	567.001	463.036	
39.168	-40.267	315.779	-54.3916	-383.405	-29.9632	-108.541	-41.7057	41.2349	-46.3385	319.228	-60.782	-381.986	-35.8558	-105.942	-48.0261	9.11337	-10.2529	-593.311	73.4781	-13.025	-594.035	8.89933	-10.3891	-601.107	74.1145	-13.1972	-601.807	9.64232	-11.7074	-596.363	74.6246	-14.5747	-596.787	0.149202	-0.264732	0.95271	0.0975248	-0.26334	0.959761	0.149202	-0.00913246	0.988765	0.0975248	-0.00596251	0.995215	0.149202	-0.00913246	0.988765	0.0975248	-0.00596251	0.995215	8.58103	-0.523259	5.59675	-0.341629	8.58103	-0.523259	5.59675	-0.341629	216.975	86.3567	252.036	85.3127	1210.46	481.767	1406.06	475.942	1312.15	472.131	1	1	1
"
 tid_9756_time_13:57:37:873 DPETW@ "GAZE_LOG_CALI: 656.499	478.416	653.863	484.336	934.11	464.046	930.274	470.435	294.987	469.24	293.067	474.984	570.593	457.131	567.557	463.401	
39.7684	-40.0574	316.403	-53.9956	-382.766	-29.7772	-107.986	-41.3406	42.4046	-45.9772	320.248	-60.3898	-380.842	-35.5257	-104.948	-47.6111	9.2537	-10.2072	-593.372	73.6116	-12.9335	-593.938	9.04154	-10.3427	-601.168	74.2498	-13.1045	-601.71	9.91528	-11.6247	-596.333	74.8591	-14.4782	-596.753	0.17205	-0.252429	0.952197	0.117624	-0.265202	0.956991	0.17205	0.00261889	0.985085	0.117624	-0.00847788	0.993022	0.17205	0.00261889	0.985085	0.117624	-0.00847788	0.993022	9.90709	0.150052	6.75522	-0.485753	9.90709	0.150052	6.75522	-0.485753	230.669	93.1647	263.82	83.977	1286.86	519.747	1471.8	468.491	1386.72	483.796	1	1	1
"
 tid_9756_time_13:57:37:895 DPETW@ "GAZE_LOG_CALI: 656.775	478.723	654.051	484.606	934.542	464.398	930.566	470.759	295.082	469.556	293.24	475.384	570.913	457.462	567.829	463.709	
39.9561	-39.7875	316.696	-53.6716	-382.592	-29.3766	-107.713	-41.0325	42.6804	-45.6704	320.681	-60.0378	-380.748	-35.2095	-104.628	-47.2795	9.29635	-10.1286	-593.359	73.6762	-12.8589	-593.912	9.08475	-10.263	-601.155	74.3154	-13.0289	-601.684	9.97547	-11.5467	-596.076	74.9402	-14.3939	-596.59	0.167642	-0.241598	0.955786	0.117676	-0.257061	0.959204	0.167642	0.0140096	0.985749	0.117676	-4.12017e-05	0.993052	0.167642	0.0140096	0.985748	0.117676	-4.12017e-05	0.993052	9.65168	0.802718	6.75801	-0.00236068	9.65168	0.802718	6.75801	-0.00236068	228.098	99.8304	263.913	88.8977	1272.51	556.934	1472.32	495.943	1376.57	520.861	1	1	1
"
 tid_9756_time_13:57:37:918 DPETW@ "GAZE_LOG_CALI: 656.986	479.159	654.298	484.912	934.824	464.923	931.045	471.133	295.29	469.882	293.403	475.659	571.239	457.902	568.257	464.171	
40.2029	-39.481	317.176	-53.2967	-382.429	-29.1011	-107.285	-40.5705	42.8912	-45.2346	320.964	-59.5127	-380.539	-34.883	-104.302	-46.8395	9.35232	-10.0584	-593.233	73.7785	-12.7591	-593.836	9.14142	-10.192	-601.029	74.4191	-12.9279	-601.608	10.0251	-11.457	-596.066	75.0139	-14.2819	-596.655	0.170006	-0.243373	0.954918	0.115072	-0.261949	0.958197	0.170006	0.012071	0.985369	0.115072	-0.00502355	0.993344	0.170006	0.012071	0.985369	0.115072	-0.00502355	0.993344	9.78889	0.691637	6.60787	-0.28783	9.78889	0.691637	6.60787	-0.28783	229.542	98.8121	262.498	86.1574	1280.57	551.253	1464.42	480.655	1377.53	509.075	1	1	1
"
 tid_9756_time_13:57:37:941 DPETW@ "GAZE_LOG_CALI: 657.155	479.419	654.443	485.364	935.09	465.149	931.261	471.475	295.45	470.192	293.572	475.998	571.525	458.198	568.519	464.491	
40.3483	-39.0286	317.392	-52.9554	-382.26	-28.762	-107.023	-40.2498	43.0607	-44.9748	321.23	-59.2867	-380.379	-34.5726	-104.017	-46.5438	9.38691	-9.96646	-593.259	73.8367	-12.6829	-593.898	9.17648	-10.0988	-601.055	74.478	-12.8506	-601.67	10.0639	-11.3899	-596.058	75.0793	-14.221	-596.678	0.169445	-0.246517	0.954211	0.115399	-0.262975	0.957876	0.169445	0.00885099	0.9855	0.115399	-0.00609763	0.9933	0.169445	0.00885099	0.9855	0.115399	-0.00609763	0.9933	9.75595	0.507131	6.62678	-0.349371	9.75595	0.507131	6.62678	-0.349371	229.248	97.0328	262.756	85.5993	1278.93	541.327	1465.86	477.541	1377.96	501.731	1	1	1
"
 tid_9756_time_13:57:37:963 DPETW@ "GAZE_LOG_CALI: 657.34	479.753	654.652	485.589	935.316	465.436	931.428	471.771	295.782	470.497	293.748	476.369	571.79	458.518	568.724	464.682	
40.5571	-38.8037	317.56	-52.6585	-382.083	-28.391	-106.818	-40.0586	43.2457	-44.6406	321.456	-58.9995	-380.046	-34.2676	-103.751	-46.2239	9.43402	-9.89614	-593.223	73.8822	-12.6268	-593.949	9.22419	-10.0276	-601.019	74.5241	-12.7938	-601.721	10.1109	-11.3184	-596.261	75.1391	-14.1508	-596.735	0.177013	-0.257686	0.949876	0.118185	-0.260749	0.958145	0.177013	-0.00305948	0.984204	0.118185	-0.00387764	0.992984	0.177013	-0.00305948	0.984204	0.118185	-0.00387764	0.992984	10.1959	-0.175295	6.78741	-0.222173	10.1959	-0.175295	6.78741	-0.222173	233.804	90.2208	264.43	86.9134	1304.35	503.324	1475.2	484.872	1398.01	482.874	1	1	1
"
 tid_9756_time_13:57:37:986 DPETW@ "GAZE_LOG_CALI: 657.305	479.788	654.685	485.696	935.33	465.447	931.428	471.792	295.83	470.564	293.851	476.404	571.795	458.583	568.796	464.692	
40.5899	-38.6974	317.56	-52.6382	-381.98	-28.3562	-106.746	-40.0487	43.2108	-44.605	321.47	-58.9886	-379.997	-34.2005	-103.746	-46.1587	9.44364	-9.88112	-593.316	73.8949	-12.6254	-594.053	9.23398	-10.0123	-601.112	74.5368	-12.7923	-601.824	10.1045	-11.3085	-596.38	75.1405	-14.1414	-596.717	0.17472	-0.260149	0.949629	0.113558	-0.253748	0.960581	0.17472	-0.00550202	0.984603	0.113558	0.00351466	0.993525	0.17472	-0.00550202	0.984603	0.113558	0.00351466	0.993525	10.0625	-0.315244	6.5205	0.201376	10.0625	-0.315244	6.5205	0.201376	232.461	88.798	261.763	91.1298	1296.85	495.386	1460.32	508.395	1385.26	492.678	1	1	1
"
 tid_9756_time_13:57:38:8 DPETW@ "GAZE_LOG_CALI: 657.318	479.808	654.594	485.703	935.238	465.355	931.361	471.656	295.882	470.649	293.91	476.423	571.845	458.481	568.824	464.63	
40.4994	-38.6903	317.493	-52.774	-381.921	-28.3373	-106.717	-40.1111	43.2237	-44.5851	321.378	-59.0803	-379.946	-34.1149	-103.696	-46.2609	9.42584	-9.88144	-593.527	73.8963	-12.6513	-594.191	9.21602	-10.0126	-601.324	74.538	-12.8186	-601.963	10.108	-11.2972	-596.44	75.1445	-14.1689	-596.923	0.173969	-0.250529	0.95235	0.11546	-0.257072	0.95947	0.173969	0.00449334	0.984741	0.11546	1.62423e-05	0.993312	0.173969	0.00449334	0.984741	0.11546	1.62423e-05	0.993312	10.0188	0.25745	6.63017	0.000930613	10.0188	0.25745	6.63017	0.000930613	232.031	94.5299	262.884	89.0617	1294.45	527.363	1466.58	496.857	1386.47	504.07	1	1	1
"
 tid_9756_time_13:57:38:33 DPETW@ "GAZE_LOG_CALI: 657.27	479.8	654.515	485.664	935.122	465.229	931.3	471.593	295.921	470.585	293.963	476.388	571.889	458.271	568.831	464.539	
40.42	-38.7288	317.431	-52.8371	-381.868	-28.3722	-106.71	-40.2016	43.1752	-44.5929	321.262	-59.2064	-379.907	-34.1793	-103.653	-46.4707	9.41066	-9.89289	-593.71	73.8942	-12.6713	-594.291	9.2007	-10.0242	-601.506	74.5358	-12.8388	-602.062	10.0992	-11.3078	-596.558	75.146	-14.2136	-597.152	0.173124	-0.247331	0.953339	0.118824	-0.267712	0.956144	0.173124	0.00783934	0.984869	0.118824	-0.011122	0.992853	0.173124	0.00783934	0.984869	0.118824	-0.011122	0.992853	9.9698	0.449166	6.82467	-0.637256	9.9698	0.449166	6.82467	-0.637256	231.543	96.4098	264.855	82.6197	1291.73	537.851	1477.57	460.919	1392.02	489.32	1	1	1
"
 tid_9756_time_13:57:38:55 DPETW@ "GAZE_LOG_CALI: 657.271	479.668	654.457	485.539	934.993	465.057	931.259	471.329	295.949	470.474	293.973	476.307	571.936	458.107	568.852	464.329	
40.3621	-38.8542	317.39	-53.1011	-381.858	-28.453	-106.69	-40.412	43.1765	-44.7254	321.133	-59.3785	-379.878	-34.2903	-103.605	-46.634	9.39857	-9.91853	-593.808	73.8955	-12.7285	-594.374	9.18848	-10.0501	-601.604	74.537	-12.8967	-602.146	10.1	-11.3371	-596.6	75.1472	-14.2588	-597.4	0.173727	-0.24529	0.953757	0.12266	-0.273799	0.953933	0.173727	0.00991806	0.984744	0.12266	-0.0175738	0.992293	0.173727	0.00991806	0.984744	0.12266	-0.0175738	0.992293	10.0051	0.568273	7.04674	-1.00696	10.0051	0.568273	7.04674	-1.00696	231.909	97.5647	267.107	78.8301	1293.77	544.294	1490.14	439.778	1400.55	480.338	1	1	1
"
 tid_9756_time_13:57:38:77 DPETW@ "GAZE_LOG_CALI: 657.171	479.436	654.438	485.313	934.867	464.701	931.12	470.933	296.001	470.151	294.114	475.93	571.85	457.731	568.846	463.883	
40.3428	-39.08	317.252	-53.4972	-381.717	-28.8297	-106.695	-40.8581	43.0761	-44.9578	321.006	-59.7348	-379.826	-34.6134	-103.691	-47.0108	9.39758	-9.99262	-594.043	73.8873	-12.831	-594.57	9.18757	-10.1251	-601.839	74.5285	-13.0005	-602.342	10.0808	-11.4061	-596.809	75.1251	-14.3464	-597.459	0.169604	-0.243222	0.955027	0.116992	-0.263899	0.957429	0.169604	0.0122449	0.985436	0.116992	-0.00710638	0.993107	0.169604	0.0122449	0.985436	0.116992	-0.00710638	0.993107	9.76554	0.701597	6.71869	-0.407169	9.76554	0.701597	6.71869	-0.407169	229.486	98.7771	263.805	84.6967	1280.26	551.058	1471.72	472.506	1381.63	504.081	1	1	1
"
 tid_9756_time_13:57:38:99 DPETW@ "GAZE_LOG_CALI: 657.131	479.188	654.454	485.009	934.809	464.475	931.09	470.707	296.01	469.941	294.163	475.723	571.857	457.466	568.791	463.626	
40.3589	-39.3842	317.221	-53.7231	-381.668	-29.0377	-106.751	-41.1153	43.0367	-45.2053	320.948	-59.9608	-379.818	-34.8237	-103.685	-47.276	9.40227	-10.0531	-594.09	73.8764	-12.8871	-594.546	9.19234	-10.1864	-601.886	74.5175	-13.0573	-602.318	10.0725	-11.4612	-596.883	75.1233	-14.4063	-597.554	0.168077	-0.24344	0.955242	0.121459	-0.270451	0.955041	0.168077	0.0120897	0.9857	0.121459	-0.0140525	0.992497	0.168077	0.0120897	0.9857	0.121459	-0.0140525	0.992497	9.67676	0.692704	6.977	-0.805178	9.67676	0.692704	6.977	-0.805178	228.586	98.6144	266.398	80.654	1275.23	550.15	1486.18	449.952	1387.7	490.413	1	1	1
"
 tid_9756_time_13:57:38:124 DPETW@ "GAZE_LOG_CALI: 657.213	478.768	654.441	484.67	934.847	464.062	931.099	470.333	296.206	469.55	294.287	475.438	571.999	457.128	568.973	463.326	
40.3459	-39.7231	317.231	-54.0978	-381.544	-29.3228	-106.569	-41.4155	43.1181	-45.6258	320.987	-60.3745	-379.621	-35.2153	-103.543	-47.614	9.40203	-10.1292	-594.291	73.9092	-12.9709	-594.787	9.19217	-10.2635	-602.087	74.5505	-13.1422	-602.558	10.0942	-11.5595	-597.053	75.1512	-14.498	-597.703	0.17095	-0.245624	0.954172	0.11832	-0.267046	0.956393	0.17095	0.00970344	0.985232	0.11832	-0.0104141	0.992921	0.17095	0.00970344	0.985232	0.11832	-0.0104141	0.992921	9.8435	0.555975	6.79552	-0.596697	9.8435	0.555975	6.79552	-0.596697	230.326	97.1105	264.623	82.601	1284.94	541.76	1476.28	460.815	1387.49	491.823	1	1	1
"
 tid_9756_time_13:57:38:146 DPETW@ "GAZE_LOG_CALI: 657.364	478.528	654.588	484.427	934.975	463.88	931.255	470.094	296.305	469.232	294.465	475.093	572.131	456.927	569.18	463.135	
40.4928	-39.9661	317.387	-54.3371	-381.365	-29.6674	-106.362	-41.6061	43.2696	-45.8652	321.115	-60.557	-379.522	-35.5331	-103.41	-47.8142	9.43762	-10.1984	-594.333	73.9549	-13.0225	-594.86	9.22824	-10.3336	-602.129	74.5967	-13.1944	-602.632	10.1287	-11.6235	-596.98	75.1825	-14.5431	-597.714	0.16725	-0.239568	0.956365	0.11412	-0.262732	0.958096	0.16725	0.0161207	0.985783	0.11412	-0.00580586	0.99345	0.16725	0.0161207	0.985783	0.11412	-0.00580586	0.99345	9.62926	0.923686	6.55298	-0.332653	9.62926	0.923686	6.55298	-0.332653	228.168	100.745	262.228	85.1811	1272.91	562.039	1462.92	475.209	1372.39	512.459	1	1	1
"
 tid_9756_time_13:57:38:168 DPETW@ "GAZE_LOG_CALI: 657.45	478.314	654.785	484.208	935.13	463.728	931.358	469.997	296.443	469.039	294.53	474.858	572.243	456.807	569.312	462.988	
40.6905	-40.185	317.49	-54.4341	-381.3	-29.9028	-106.23	-41.7529	43.3559	-46.0792	321.27	-60.7088	-379.384	-35.7263	-103.299	-47.9348	9.48049	-10.2484	-594.153	73.9844	-13.0519	-594.904	9.27162	-10.3843	-601.949	74.6265	-13.2242	-602.675	10.1503	-11.6725	-597.055	75.2114	-14.5736	-597.655	0.171083	-0.250831	0.952793	0.111796	-0.257917	0.959677	0.171083	0.00431719	0.985247	0.111796	-0.000745729	0.993731	0.171083	0.00431719	0.985247	0.111796	-0.000745729	0.993731	9.8509	0.247358	6.41888	-0.0427271	9.8509	0.247358	6.41888	-0.0427271	230.453	93.908	260.909	88.0478	1285.65	523.894	1455.56	491.201	1376.2	499.75	1	1	1
"
 tid_9756_time_13:57:38:191 DPETW@ "GAZE_LOG_CALI: 657.682	478.264	654.911	484.151	935.26	463.722	931.41	470.004	296.553	469.027	294.6	474.876	572.35	456.807	569.378	462.997	
40.8158	-40.2425	317.542	-54.4268	-381.229	-29.8848	-106.163	-41.7436	43.5878	-46.1291	321.4	-60.7145	-379.273	-35.7382	-103.192	-47.9342	9.50862	-10.2516	-594.073	73.9994	-13.0504	-594.931	9.3001	-10.3876	-601.869	74.6417	-13.2227	-602.702	10.2015	-11.6765	-596.889	75.2379	-14.5733	-597.623	0.172595	-0.246811	0.95357	0.112722	-0.255347	0.960256	0.172595	0.00840059	0.984957	0.112722	0.00188652	0.993625	0.172595	0.00840059	0.984957	0.112722	0.00188652	0.993625	9.93911	0.481324	6.47225	0.10809	9.93911	0.481324	6.47225	0.10809	231.373	96.2916	261.465	89.554	1290.78	537.191	1458.66	499.604	1379.71	511.639	1	1	1
"
 tid_9756_time_13:57:38:214 DPETW@ "GAZE_LOG_CALI: 657.756	478.333	655.082	484.237	935.403	463.868	931.587	470.052	296.813	469.105	294.758	474.946	572.454	456.929	569.483	463.084	
40.9874	-40.1559	317.719	-54.3795	-381.071	-29.8153	-106.058	-41.6574	43.6617	-46.0603	321.543	-60.5682	-379.013	-35.6607	-103.087	-47.8129	9.54796	-10.233	-594.06	74.0278	-13.0324	-594.823	9.33995	-10.3687	-601.856	74.6706	-13.2045	-602.595	10.2234	-11.6641	-597.15	75.2646	-14.5405	-597.569	0.178116	-0.261173	0.948717	0.113483	-0.255243	0.960194	0.178116	-0.00672784	0.983986	0.113483	0.00197101	0.993538	0.178116	-0.00672784	0.983986	0.113483	0.00197101	0.993538	10.2603	-0.38548	6.51613	0.11293	10.2603	-0.38548	6.51613	0.11293	234.711	87.5448	261.925	89.648	1309.41	488.395	1461.23	500.128	1393.17	483.445	1	1	1
"
 tid_9756_time_13:57:38:237 DPETW@ "GAZE_LOG_CALI: 657.903	478.41	655.134	484.41	935.461	463.978	931.743	470.201	296.859	469.29	294.798	475.09	572.535	457.084	569.524	463.213	
41.0389	-39.9828	317.876	-54.2298	-381.031	-29.6705	-106.017	-41.5278	43.808	-45.9832	321.601	-60.4584	-378.967	-35.4747	-103.006	-47.6579	9.5597	-10.1956	-594.042	74.0438	-12.9962	-594.658	9.35184	-10.3308	-601.838	74.6869	-13.1678	-602.43	10.2549	-11.6305	-597.012	75.2821	-14.51	-597.599	0.177802	-0.2559	0.950212	0.117887	-0.26584	0.956782	0.177802	-0.00124723	0.984066	0.117887	-0.00914825	0.992985	0.177802	-0.00124723	0.984066	0.117887	-0.00914825	0.992985	10.2417	-0.0714609	6.77046	-0.524164	10.2417	-0.0714609	6.77046	-0.524164	234.532	90.7643	264.491	83.3386	1308.4	506.356	1475.54	464.929	1401.13	473.049	1	1	1
"
 tid_9756_time_13:57:38:260 DPETW@ "GAZE_LOG_CALI: 658.186	479.194	655.388	484.848	935.826	464.647	931.942	470.783	297.064	469.914	295.096	475.66	572.789	457.645	569.596	463.786	
41.2932	-39.5455	318.075	-53.6477	-380.733	-29.1008	-105.945	-40.9548	44.0916	-45.1993	321.967	-59.7889	-378.761	-34.8502	-102.752	-47.0965	9.61959	-10.0786	-594.105	74.0671	-12.8571	-594.472	9.41254	-10.2123	-601.901	74.7108	-13.027	-602.244	10.3194	-11.4629	-596.897	75.3474	-14.3614	-597.438	0.173139	-0.238773	0.955516	0.12661	-0.26537	0.955797	0.173139	0.0166685	0.984756	0.12661	-0.00894885	0.991912	0.173139	0.0166685	0.984756	0.12661	-0.00894885	0.991912	9.97179	0.955081	7.27405	-0.512738	9.97179	0.955081	7.27405	-0.512738	231.834	101.246	269.587	83.6329	1293.36	564.83	1503.97	466.571	1405.76	506.567	1	1	1
"
 tid_9756_time_13:57:38:284 DPETW@ "GAZE_LOG_CALI: 658.211	479.475	655.438	485.332	935.942	465.017	932.062	471.07	297.014	470.29	294.976	476.015	572.849	458.008	569.662	464.227	
41.3433	-39.0606	318.195	-53.36	-380.853	-28.7451	-105.88	-40.514	44.116	-44.9188	322.084	-59.4184	-378.812	-34.4747	-102.692	-46.7336	9.62764	-9.97657	-593.854	74.0852	-12.7703	-594.395	9.42061	-10.1089	-601.651	74.7292	-12.939	-602.166	10.3229	-11.3839	-596.791	75.3643	-14.2733	-597.357	0.176766	-0.249791	0.952028	0.126249	-0.265212	0.955889	0.176766	0.00512372	0.984239	0.126249	-0.00877239	0.99196	0.176766	0.00512372	0.984239	0.126249	-0.00877239	0.99196	10.1816	0.293569	7.2532	-0.502627	10.1816	0.293569	7.2532	-0.502627	233.96	94.7202	269.388	83.8402	1305.21	528.425	1502.86	467.728	1413.14	486.149	1	1	1
"
 tid_9756_time_13:57:38:307 DPETW@ "GAZE_LOG_CALI: 658.317	479.799	655.489	485.513	936.138	465.356	932.21	471.589	297.003	470.572	295.017	476.346	572.95	458.412	569.776	464.57	
41.3937	-38.8796	318.343	-52.8413	-380.812	-28.4135	-105.766	-40.1709	44.2224	-44.5944	322.28	-59.0798	-378.823	-34.1923	-102.591	-46.3295	9.63852	-9.9165	-593.848	74.1133	-12.6684	-594.343	9.43163	-10.0481	-601.644	74.7578	-12.8359	-602.115	10.3449	-11.3097	-596.622	75.3928	-14.1827	-597.217	0.173713	-0.239956	0.955115	0.124058	-0.263113	0.956755	0.173713	0.0154228	0.984676	0.124058	-0.00652158	0.992254	0.173713	0.0154228	0.984676	0.124058	-0.00652158	0.992253	10.005	0.883697	7.12653	-0.373662	10.005	0.883697	7.12653	-0.373662	232.158	100.747	268.133	85.2484	1295.16	562.045	1495.86	475.584	1402.08	510.348	1	1	1
"
 tid_9756_time_13:57:38:329 DPETW@ "GAZE_LOG_CALI: 658.384	480.053	655.551	485.742	936.273	465.709	932.297	471.816	297.023	470.787	294.99	476.556	572.953	458.752	569.812	464.802	
41.4562	-38.6513	318.43	-52.6142	-380.839	-28.2037	-105.729	-39.9384	44.2897	-44.3409	322.415	-58.7264	-378.802	-33.9767	-102.588	-45.9898	9.6509	-9.86333	-593.72	74.1246	-12.6133	-594.273	9.44413	-9.99422	-601.516	74.7693	-12.78	-602.045	10.3594	-11.2534	-596.556	75.4008	-14.0971	-597.034	0.17606	-0.242221	0.954113	0.121001	-0.252349	0.960041	0.17606	0.0129756	0.984294	0.121001	0.00472686	0.992641	0.17606	0.0129756	0.984294	0.121001	0.00472686	0.992641	10.1412	0.743468	6.94993	0.27083	10.1412	0.743468	6.94993	0.27083	233.55	99.4152	266.353	91.7835	1302.93	554.618	1485.93	512.042	1399.67	526.733	1	1	1
"
 tid_9756_time_13:57:38:352 DPETW@ "GAZE_LOG_CALI: 658.412	480.31	655.669	486.07	936.331	465.964	932.398	472.124	296.982	471.031	294.965	476.804	573.045	459.024	569.876	465.172	
41.574	-38.3228	318.531	-52.3053	-380.864	-27.9558	-105.666	-39.5693	44.3174	-44.0837	322.473	-58.4716	-378.843	-33.7322	-102.496	-45.717	9.67551	-9.79274	-593.509	74.1411	-12.5328	-594.218	9.46899	-9.92274	-601.305	74.786	-12.6985	-601.99	10.3645	-11.1927	-596.451	75.4199	-14.036	-597.074	0.175707	-0.249174	0.952386	0.123467	-0.26053	0.957538	0.175707	0.00581253	0.984425	0.123467	-0.00382349	0.992341	0.175708	0.00581253	0.984425	0.123467	-0.00382349	0.992341	10.12	0.333035	7.09229	-0.21907	10.12	0.333035	7.09229	-0.21907	233.324	95.3865	267.804	86.9645	1301.67	532.142	1494.03	485.157	1405.49	498.676	1	1	1
"
 tid_9756_time_13:57:38:374 DPETW@ "GAZE_LOG_CALI: 658.409	480.454	655.606	486.31	936.359	466.082	932.422	472.198	296.991	471.249	294.918	476.979	573.07	459.122	569.946	465.352	
41.5114	-38.0834	318.555	-52.2313	-380.911	-27.7802	-105.595	-39.3893	44.3141	-43.9397	322.501	-58.3528	-378.834	-33.5146	-102.471	-45.6189	9.66139	-9.74467	-593.526	74.1545	-12.5043	-594.279	9.45468	-9.87402	-601.322	74.7996	-12.6695	-602.05	10.3637	-11.1506	-596.471	75.4261	-14.0105	-597.075	0.178293	-0.250401	0.951583	0.120711	-0.258354	0.958479	0.178293	0.0044194	0.983967	0.120711	-0.00147785	0.992687	0.178293	0.0044194	0.983967	0.120711	-0.00147785	0.992687	10.2705	0.253214	6.93314	-0.0846748	10.2705	0.253214	6.93314	-0.0846748	234.861	94.6234	266.218	88.3247	1310.24	527.885	1485.18	492.746	1405.2	500.571	1	1	1
"
 tid_9756_time_13:57:38:396 DPETW@ "GAZE_LOG_CALI: 658.361	480.592	655.5	486.384	936.225	466.052	932.313	472.176	296.873	471.262	294.708	477.062	572.922	459.109	569.758	465.289	
41.4048	-38.0092	318.446	-52.2537	-381.122	-27.6972	-105.783	-39.4521	44.2663	-43.8015	322.367	-58.383	-378.953	-33.5016	-102.619	-45.6325	9.63378	-9.72424	-593.383	74.1151	-12.5121	-594.167	9.42666	-9.85335	-601.179	74.7598	-12.6775	-601.938	10.3512	-11.1311	-596.364	75.3919	-14.0153	-597.051	0.182475	-0.252196	0.950316	0.123799	-0.261972	0.957102	0.182475	0.0023569	0.983208	0.123799	-0.00532886	0.992293	0.182475	0.0023569	0.983208	0.123799	-0.00532886	0.992293	10.514	0.135041	7.11149	-0.305323	10.514	0.135041	7.11149	-0.305323	237.313	93.4859	267.967	86.1332	1323.92	521.539	1494.93	480.52	1418.75	489.025	1	1	1
"
 tid_9756_time_13:57:38:418 DPETW@ "GAZE_LOG_CALI: 658.014	480.605	655.197	486.347	935.811	465.951	931.986	472.046	296.527	471.278	294.38	477.042	572.526	458.959	569.452	465.084	
41.1022	-38.046	318.118	-52.3833	-381.45	-27.7175	-106.089	-39.657	43.9194	-43.7882	321.952	-58.4841	-379.299	-33.4853	-103.015	-45.782	9.56313	-9.7305	-593.338	74.0427	-12.5522	-594.199	9.35506	-9.8597	-601.134	74.6863	-12.7181	-601.971	10.27	-11.128	-596.363	75.2978	-14.0456	-597.074	0.182214	-0.252577	0.950265	0.119657	-0.259756	0.958232	0.182214	0.00197576	0.983257	0.119657	-0.00289597	0.992811	0.182214	0.00197576	0.983257	0.119657	-0.00289597	0.992811	10.4988	0.113203	6.87232	-0.165927	10.4988	0.113203	6.87232	-0.165927	237.077	93.2702	265.48	87.4843	1322.6	520.336	1481.06	488.057	1410.2	493.287	1	1	1
"
 tid_9756_time_13:57:38:441 DPETW@ "GAZE_LOG_CALI: 657.651	480.489	654.684	486.27	935.43	465.721	931.458	471.835	296.007	471.239	293.948	477.011	572.148	458.755	569.092	464.757	
40.5893	-38.1234	317.59	-52.5947	-381.883	-27.7479	-106.45	-39.9835	43.5568	-43.9045	321.57	-58.7142	-379.82	-33.5251	-103.393	-45.9864	9.44537	-9.74527	-593.451	73.9491	-12.6204	-594.437	9.23577	-9.87464	-601.247	74.5913	-12.7871	-602.209	10.1814	-11.1426	-596.136	75.2089	-14.097	-597.076	0.176738	-0.236989	0.955301	0.115802	-0.245608	0.962427	0.176738	0.0183358	0.984087	0.115802	0.0118553	0.993202	0.176738	0.0183358	0.984087	0.115802	0.0118553	0.993202	10.1815	1.05062	6.65033	0.679276	10.1815	1.05062	6.65033	0.679276	233.715	102.705	263.17	95.8268	1303.85	572.968	1468.17	534.599	1388.89	550.226	1	1	1
"
 tid_9756_time_13:57:38:464 DPETW@ "GAZE_LOG_CALI: 657.228	480.321	654.389	486.023	935.131	465.467	931.218	471.591	295.804	471.009	293.607	476.797	571.794	458.473	568.675	464.536	
40.2941	-38.3701	317.349	-52.8387	-382.225	-27.9625	-106.867	-40.2051	43.1329	-44.0721	321.271	-58.9678	-380.024	-33.7544	-103.747	-46.2684	9.37583	-9.79827	-593.382	73.8617	-12.6698	-594.181	9.16529	-9.92836	-601.178	74.503	-12.8373	-601.952	10.0879	-11.1949	-596.441	75.1293	-14.1584	-596.998	0.184914	-0.25385	0.949404	0.121235	-0.255765	0.959107	0.184914	0.000523821	0.982755	0.121235	0.00118536	0.992623	0.184914	0.000523821	0.982755	0.121235	0.00118536	0.992623	10.6561	0.0300127	6.96341	0.067916	10.6561	0.0300127	6.96341	0.067916	238.511	92.3511	266.21	89.7177	1330.61	515.208	1485.14	500.517	1416.45	496.908	1	1	1
"
 tid_9756_time_13:57:38:487 DPETW@ "GAZE_LOG_CALI: 657.099	480.158	654.219	485.789	934.957	465.194	931.11	471.331	295.568	470.803	293.449	476.616	571.724	458.197	568.586	464.349	
40.1238	-38.604	317.241	-53.0993	-382.383	-28.1439	-106.956	-40.3921	43.0046	-44.2355	321.097	-59.2418	-380.261	-33.9606	-103.817	-46.5448	9.33611	-9.84723	-593.405	73.8401	-12.7228	-594.212	9.12506	-9.97796	-601.201	74.4811	-12.891	-601.984	10.0554	-11.2357	-596.288	75.1071	-14.2265	-597.145	0.180436	-0.243923	0.952861	0.123738	-0.263993	0.956555	0.180436	0.011007	0.983525	0.123738	-0.00742348	0.992287	0.180436	0.011007	0.983525	0.123738	-0.00742348	0.992287	10.3958	0.63067	7.10806	-0.425338	10.3958	0.63067	7.10806	-0.425338	235.793	98.3734	267.652	84.7118	1315.44	548.806	1493.18	472.59	1412.33	500.428	1	1	1
"
 tid_9756_time_13:57:38:508 DPETW@ "GAZE_LOG_CALI: 657.037	479.766	654.238	485.527	934.946	464.886	931.06	470.971	295.597	470.498	293.49	476.345	571.642	457.856	568.562	463.966	
40.1432	-38.8656	317.191	-53.4596	-382.342	-28.4145	-106.98	-40.7752	42.9422	-44.6277	321.085	-59.5492	-380.231	-34.2663	-103.899	-46.8852	9.34106	-9.90984	-593.44	73.8333	-12.8104	-594.245	9.13008	-10.0414	-601.236	74.4742	-12.9797	-602.017	10.0426	-11.32	-596.427	75.0923	-14.3004	-597.049	0.180388	-0.252764	0.950563	0.119371	-0.255062	0.959528	0.180388	0.00187306	0.983594	0.119371	0.00197357	0.992848	0.180388	0.00187306	0.983594	0.119371	0.00197357	0.992848	10.3924	0.107319	6.8558	0.113077	10.3924	0.107319	6.8558	0.113077	235.766	93.0086	265.098	90.0158	1315.29	518.876	1478.93	502.18	1404.53	500.863	1	1	1
"
 tid_9756_time_13:57:38:532 DPETW@ "GAZE_LOG_CALI: 657.138	479.429	654.306	485.222	935.071	464.56	931.206	470.67	295.689	470.113	293.488	475.903	571.719	457.589	568.628	463.63	
40.2111	-39.1706	317.338	-53.7609	-382.344	-28.8577	-106.914	-41.1107	43.0433	-44.9649	321.211	-59.8757	-380.139	-34.6518	-103.822	-47.1527	9.35597	-9.99554	-593.339	73.8541	-12.8826	-594.142	9.14516	-10.1283	-601.135	74.4953	-13.0529	-601.914	10.0664	-11.4045	-596.416	75.1137	-14.3686	-596.987	0.185178	-0.256521	0.948634	0.120356	-0.256099	0.959129	0.185178	-0.00225583	0.982702	0.120356	0.00086835	0.99273	0.185178	-0.00225583	0.982702	0.120356	0.00086835	0.99273	10.6715	-0.129249	6.91265	0.0497528	10.6715	-0.129249	6.91265	0.0497528	238.633	90.5566	265.679	89.3371	1331.28	505.197	1482.17	498.394	1415.74	490.134	1	1	1
"
 tid_9756_time_13:57:38:554 DPETW@ "GAZE_LOG_CALI: 657.191	478.958	654.347	484.623	935.251	464.146	931.303	470.334	295.687	469.703	293.532	475.492	571.868	457.229	568.751	463.371	
40.2516	-39.7702	317.434	-54.0969	-382.3	-29.2687	-106.791	-41.3698	43.0963	-45.4356	321.391	-60.2907	-380.141	-35.0619	-103.674	-47.5125	9.36479	-10.1136	-593.359	73.8816	-12.9527	-594.181	9.1541	-10.2479	-601.155	74.5232	-13.1239	-601.952	10.0772	-11.5064	-596.346	75.1508	-14.4584	-596.946	0.182588	-0.248918	0.951158	0.120249	-0.255665	0.959258	0.182588	0.00574166	0.983173	0.120249	0.00132118	0.992743	0.182588	0.00574166	0.983173	0.120249	0.00132118	0.992743	10.5207	0.328974	6.9065	0.0756982	10.5207	0.328974	6.9065	0.0756982	237.087	95.0729	265.647	89.5186	1322.66	530.393	1481.99	499.406	1409.8	505.345	1	1	1
"
 tid_9756_time_13:57:38:577 DPETW@ "GAZE_LOG_CALI: 657.29	478.778	654.43	484.476	935.345	463.998	931.425	470.108	295.705	469.51	293.56	475.3	571.904	457.096	568.8	463.17	
40.3347	-39.9168	317.556	-54.3234	-382.272	-29.4603	-106.742	-41.5709	43.1952	-45.6157	321.485	-60.4387	-380.123	-35.2547	-103.638	-47.6456	9.3834	-10.1517	-593.276	73.8979	-13.0007	-594.089	9.17293	-10.2865	-601.073	74.5398	-13.1725	-601.861	10.0985	-11.548	-596.236	75.1631	-14.4896	-596.871	0.182085	-0.248182	0.951447	0.119909	-0.253371	0.959909	0.182085	0.00652759	0.983261	0.119909	0.00370479	0.992778	0.182085	0.00652759	0.983261	0.119909	0.00370479	0.992778	10.4914	0.374006	6.88692	0.212269	10.4914	0.374006	6.88692	0.212269	236.788	95.5118	265.454	90.8634	1320.99	532.841	1480.91	506.909	1407.88	511.072	1	1	1
"
 tid_9756_time_13:57:38:599 DPETW@ "GAZE_LOG_CALI: 657.312	478.645	654.481	484.422	935.433	463.923	931.524	470.05	295.628	469.403	293.538	475.16	571.95	456.937	568.841	463.014	
40.386	-39.9712	317.656	-54.3811	-382.294	-29.6007	-106.701	-41.727	43.2173	-45.7486	321.574	-60.514	-380.2	-35.3622	-103.591	-47.8043	9.39373	-10.1728	-593.176	73.9108	-13.0237	-594	9.18336	-10.3079	-600.972	74.5529	-13.1959	-601.772	10.1011	-11.5737	-596.1	75.1765	-14.5156	-596.811	0.17939	-0.247419	0.952157	0.12059	-0.255192	0.959341	0.17939	0.00744782	0.98375	0.12059	0.0017994	0.992701	0.17939	0.00744782	0.98375	0.12059	0.0017994	0.992701	10.3345	0.426733	6.92619	0.103098	10.3345	0.426733	6.92619	0.103098	235.166	96.0477	265.852	89.77	1311.94	535.831	1483.14	500.809	1404.32	509.616	1	1	1
"
 tid_9756_time_13:57:38:621 DPETW@ "GAZE_LOG_CALI: 657.347	478.658	654.497	484.447	935.525	463.926	931.639	470.018	295.625	469.452	293.492	475.234	571.995	456.964	568.861	463.003	
40.4017	-39.9456	317.771	-54.4135	-382.34	-29.5265	-106.68	-41.7384	43.2523	-45.7352	321.666	-60.5102	-380.203	-35.3132	-103.547	-47.7776	9.39614	-10.1597	-593.085	73.9212	-13.026	-593.871	9.18577	-10.2946	-600.881	74.5636	-13.1983	-601.642	10.1085	-11.5653	-596.045	75.1895	-14.5103	-596.742	0.181472	-0.249908	0.951112	0.122446	-0.256671	0.958711	0.181472	0.00477286	0.983385	0.122446	0.000207767	0.992475	0.181472	0.00477286	0.983385	0.122446	0.000207767	0.992475	10.4556	0.273466	7.03332	0.0119042	10.4556	0.273466	7.03332	0.0119042	236.397	94.5353	266.929	88.8877	1318.81	527.394	1489.14	495.887	1411.88	501.521	1	1	1
"
 tid_9756_time_13:57:38:643 DPETW@ "GAZE_LOG_CALI: 657.349	478.834	654.518	484.569	935.658	464.096	931.751	470.15	295.467	469.63	293.426	475.399	572.007	457.074	568.851	463.24	
40.4228	-39.8244	317.884	-54.2809	-382.406	-29.3613	-106.691	-41.5012	43.2539	-45.5592	321.799	-60.3405	-380.361	-35.1345	-103.534	-47.6677	9.39875	-10.1244	-592.966	73.9254	-12.9791	-593.694	9.18836	-10.2589	-600.762	74.5681	-13.1508	-601.466	10.1049	-11.5197	-595.819	75.1994	-14.4736	-596.577	0.176851	-0.243269	0.9537	0.123693	-0.259167	0.957879	0.176851	0.0118561	0.984166	0.123693	-0.00241838	0.992318	0.176851	0.0118561	0.984166	0.123693	-0.00241838	0.992318	10.1871	0.679318	7.10531	-0.138563	10.1871	0.679318	7.10531	-0.138563	233.623	98.6974	267.64	87.4721	1303.34	550.613	1493.11	487.989	1404.98	510.662	1	1	1
"
 tid_9756_time_13:57:38:666 DPETW@ "GAZE_LOG_CALI: 657.319	478.995	654.531	484.715	935.761	464.262	931.807	470.389	295.309	469.73	293.323	475.562	572.015	457.24	568.858	463.415	
40.4366	-39.6779	317.94	-54.0421	-382.509	-29.1988	-106.683	-41.3261	43.2244	-45.3988	321.902	-60.1747	-380.52	-35.0345	-103.526	-47.5014	9.39945	-10.0856	-592.796	73.9299	-12.9294	-593.627	9.18901	-10.2197	-600.592	74.5727	-13.1004	-601.399	10.0952	-11.4858	-595.631	75.2067	-14.4315	-596.445	0.174286	-0.243512	0.95411	0.122683	-0.257551	0.958445	0.174286	0.0117274	0.984625	0.122683	-0.000711307	0.992446	0.174286	0.0117274	0.984625	0.122683	-0.000711307	0.992446	10.0378	0.671946	7.04696	-0.0407549	10.0378	0.671946	7.04696	-0.0407549	232.065	98.6997	267.049	88.5178	1294.64	550.626	1489.82	493.823	1398.24	514.465	1	1	1
"
 tid_9756_time_13:57:38:688 DPETW@ "GAZE_LOG_CALI: 657.33	479.27	654.589	484.979	935.867	464.543	931.99	470.637	295.207	470.014	293.239	475.763	572.073	457.546	568.876	463.591	
40.4937	-39.4136	318.123	-53.7941	-382.593	-28.9977	-106.666	-41.1503	43.2349	-45.1237	322.009	-59.8927	-380.622	-34.751	-103.468	-47.1955	9.4096	-10.0282	-592.594	73.9431	-12.8749	-593.39	9.19922	-10.1615	-600.39	74.5863	-13.0453	-601.161	10.0948	-11.4175	-595.472	75.2223	-14.3607	-596.369	0.173758	-0.243681	0.954163	0.126938	-0.262535	0.956537	0.173758	0.0115777	0.98472	0.126938	-0.00601912	0.991892	0.173758	0.0115777	0.98472	0.126938	-0.00601912	0.991892	10.0071	0.66337	7.29285	-0.344872	10.0071	0.66337	7.29285	-0.344872	231.728	98.7189	269.518	85.5862	1292.76	550.733	1503.59	477.468	1405.37	504.804	1	1	1
"
 tid_9756_time_13:57:38:711 DPETW@ "GAZE_LOG_CALI: 657.4	479.429	654.609	485.256	935.965	464.781	932.07	470.868	295.182	470.21	293.196	475.932	572.019	457.83	568.919	463.795	
40.5145	-39.1367	318.203	-53.563	-382.636	-28.8281	-106.623	-40.9457	43.3051	-44.9646	322.107	-59.6546	-380.647	-34.5547	-103.522	-46.9118	9.41298	-9.97477	-592.503	73.9551	-12.8229	-593.335	9.20261	-10.1074	-600.299	74.5985	-12.9926	-601.107	10.1088	-11.3735	-595.34	75.2182	-14.2946	-596.158	0.174331	-0.243581	0.954084	0.120217	-0.25259	0.960076	0.174331	0.0116542	0.984618	0.120217	0.00450273	0.992737	0.174331	0.0116542	0.984618	0.120217	0.00450273	0.992737	10.0404	0.667753	6.90468	0.257988	10.0404	0.667753	6.90468	0.257988	232.06	98.8388	265.609	91.6876	1294.62	551.402	1481.78	511.507	1393.11	525.162	1	1	1
"
 tid_9756_time_13:57:38:733 DPETW@ "GAZE_LOG_CALI: 657.503	479.623	654.738	485.368	936.144	464.958	932.24	471.087	295.197	470.357	293.227	476.196	572.163	458.004	569.034	464.121	
40.6427	-39.0246	318.373	-53.3431	-382.606	-28.5645	-106.508	-40.6203	43.4084	-44.7703	322.286	-59.4782	-380.632	-34.4078	-103.379	-46.738	9.44024	-9.9287	-592.367	73.9848	-12.7575	-593.258	9.23019	-10.0608	-600.163	74.6287	-12.9264	-601.03	10.1312	-11.3311	-595.208	75.2535	-14.2521	-596.102	0.173463	-0.244584	0.953986	0.121528	-0.257862	0.958508	0.173463	0.0106598	0.984783	0.121528	-0.000995174	0.992588	0.173463	0.0106598	0.984783	0.121528	-0.000995174	0.992588	9.98982	0.610774	6.98027	-0.0570193	9.98982	0.610774	6.98027	-0.0570193	231.548	98.3418	266.394	88.619	1291.76	548.629	1486.16	494.387	1394.78	513.938	1	1	1
"
 tid_9756_time_13:57:38:756 DPETW@ "GAZE_LOG_CALI: 657.676	479.679	654.823	485.401	936.214	464.998	932.312	471.125	295.241	470.413	293.267	476.217	572.2	458.085	569.171	464.197	
40.7276	-38.9924	318.445	-53.3055	-382.565	-28.5435	-106.37	-40.5437	43.5814	-44.7146	322.357	-59.4374	-380.588	-34.3519	-103.341	-46.6569	9.45895	-9.92148	-592.306	74.013	-12.746	-593.351	9.24913	-10.0535	-600.102	74.6572	-12.9147	-601.123	10.1681	-11.3148	-595.034	75.2643	-14.2368	-596.061	0.173285	-0.237837	0.955723	0.115264	-0.251029	0.961092	0.173285	0.0176265	0.984714	0.115264	0.00627381	0.993315	0.173285	0.0176265	0.984714	0.115264	0.00627381	0.993315	9.98045	1.00998	6.61896	0.359465	9.98045	1.00998	6.61896	0.359465	231.461	102.39	262.793	92.7723	1291.28	571.214	1466.07	517.558	1381.8	540.392	1	1	1
"
 tid_9756_time_13:57:38:777 DPETW@ "GAZE_LOG_CALI: 657.754	479.612	654.856	485.368	936.286	464.981	932.332	471.103	295.266	470.363	293.303	476.174	572.275	458.038	569.238	464.126	
40.7607	-39.0253	318.466	-53.3278	-382.529	-28.5855	-106.304	-40.6153	43.6596	-44.7814	322.428	-59.4549	-380.563	-34.4017	-103.266	-46.7033	9.46713	-9.93016	-592.304	74.026	-12.7582	-593.415	9.25741	-10.0622	-600.101	74.6702	-12.9271	-601.187	10.1852	-11.327	-594.958	75.2817	-14.2443	-596.064	0.172575	-0.235254	0.95649	0.114843	-0.247408	0.962081	0.172575	0.0203197	0.984787	0.114843	0.0100269	0.993333	0.172575	0.0203197	0.984787	0.114843	0.0100269	0.993333	9.93967	1.16431	6.59493	0.574508	9.93967	1.16431	6.59493	0.574508	231.051	103.937	262.571	94.8951	1288.99	579.846	1464.83	529.401	1379.07	551.905	1	1	1
"
 tid_9756_time_13:57:38:799 DPETW@ "GAZE_LOG_CALI: 657.787	479.559	654.912	485.337	936.287	464.884	932.353	471.021	295.295	470.3	293.369	476.067	572.331	457.961	569.273	463.999	
40.8171	-39.0559	318.487	-53.4097	-382.463	-28.6935	-106.269	-40.7419	43.6925	-44.8349	322.429	-59.5516	-380.534	-34.4641	-103.21	-46.7803	9.48056	-9.94648	-592.318	74.0336	-12.783	-593.439	9.27102	-10.0788	-600.114	74.678	-12.9522	-601.211	10.1923	-11.3406	-594.961	75.2916	-14.2664	-596.139	0.171112	-0.234363	0.956972	0.116316	-0.249106	0.961466	0.171112	0.0213051	0.985021	0.116316	0.00822783	0.993178	0.171112	0.0213051	0.985021	0.116316	0.00822783	0.993178	9.85475	1.22078	6.67977	0.471425	9.85475	1.22078	6.67977	0.471425	230.197	104.485	263.435	93.8344	1284.23	582.898	1469.65	523.483	1379.22	550.315	1	1	1
"
 tid_9756_time_13:57:38:821 DPETW@ "GAZE_LOG_CALI: 657.765	479.456	654.867	485.248	936.214	464.803	932.275	470.872	295.293	470.201	293.379	475.962	572.318	457.855	569.251	463.871	
40.7725	-39.1452	318.408	-53.5586	-382.453	-28.7981	-106.291	-40.8696	43.6701	-44.9374	322.357	-59.6335	-380.536	-34.5638	-103.223	-46.887	9.47117	-9.97041	-592.4	74.0254	-12.817	-593.518	9.26154	-10.103	-600.196	74.6695	-12.9866	-601.29	10.1879	-11.3647	-594.986	75.2856	-14.2906	-596.231	0.170265	-0.231896	0.957723	0.117109	-0.247875	0.961688	0.170265	0.0238826	0.985109	0.117109	0.00947475	0.993074	0.170265	0.0238826	0.985109	0.117109	0.00947475	0.993074	9.80608	1.3685	6.72558	0.542872	9.80608	1.3685	6.72558	0.542872	229.703	105.929	263.897	94.4967	1281.47	590.958	1472.23	527.178	1378.64	556.831	3	1	1
"