
 tid_8864_time_14:6:53:205 DPETW@ "GAZE_LOG_CALI: 617.722	356.655	619.29	362.476	907.253	385.019	906.705	391.394	246.748	359.702	248.961	365.7	537.427	388.234	537.48	394.622	
18.8324	-150.679	306.312	-121.779	-418.696	-144.426	-130.124	-115.488	17.2642	-156.501	306.862	-128.156	-420.91	-150.425	-130.178	-121.876	4.34068	-34.9918	-586.867	70.9583	-28.4107	-589.864	4.05581	-35.4645	-594.647	71.5677	-28.7919	-597.631	3.99973	-36.542	-589.846	71.4495	-30.0458	-592.883	-0.0113962	-0.218927	0.975675	-0.024049	-0.255273	0.96657	-0.0113962	0.0410564	0.999092	-0.024049	0.00359227	0.999704	-0.0113962	0.0410564	0.999092	-0.024049	0.00359227	0.999704	-0.653519	2.35302	-1.37805	0.205822	-0.653519	2.35302	-1.37805	0.205822	121.076	94.328	181.557	79.5036	675.459	526.237	1012.87	443.535	844.165	484.886	1	0	0
"
 tid_8864_time_14:6:53:227 DPETW@ "GAZE_LOG_CALI: 617.765	356.44	619.376	362.198	907.252	384.876	906.877	391.396	246.859	359.498	249.002	365.567	537.273	388.072	537.499	394.54	
18.9187	-150.956	306.485	-121.777	-418.654	-144.559	-130.105	-115.57	17.3069	-156.716	306.861	-128.299	-420.799	-150.629	-130.332	-122.038	4.36026	-35.0354	-586.803	70.9727	-28.4098	-589.649	4.07562	-35.5088	-594.584	71.5825	-28.7911	-597.416	4.01024	-36.5964	-589.94	71.4237	-30.0708	-592.672	-0.0137087	-0.228036	0.973556	-0.0322975	-0.260304	0.964987	-0.0137087	0.0317088	0.999403	-0.0322975	-0.0016772	0.999477	-0.0137087	0.0317088	0.999403	-0.0322975	-0.0016772	0.999477	-0.785872	1.81708	-1.85084	-0.0960965	-0.785872	1.81708	-1.85084	-0.0960965	119.833	89.1759	177.023	76.6523	668.524	497.495	987.576	427.628	828.05	462.561	1	0	0
"
 tid_8864_time_14:6:53:248 DPETW@ "GAZE_LOG_CALI: 617.731	356.251	619.293	362.024	907.231	384.62	906.805	391.234	246.694	359.207	248.872	365.257	537.167	387.81	537.378	394.269	
18.835	-151.131	306.413	-121.939	-418.784	-144.869	-130.227	-115.84	17.2732	-156.905	306.84	-128.555	-420.964	-150.92	-130.438	-122.3	4.3402	-35.088	-586.745	70.9479	-28.4568	-589.584	4.05526	-35.5621	-594.525	71.5574	-28.8388	-597.351	4.00165	-36.6408	-589.756	71.4046	-30.1251	-592.551	-0.0109654	-0.220612	0.9753	-0.0307389	-0.258729	0.965461	-0.0109654	0.0393313	0.999166	-0.0307389	-3.29167e-05	0.999527	-0.0109654	0.0393313	0.999166	-0.0307389	-3.29167e-05	0.999527	-0.628773	2.2541	-1.76148	-0.00188599	-0.628773	2.2541	-1.76148	-0.00188599	121.313	93.3137	177.861	77.5304	676.783	520.579	992.251	432.526	834.517	476.553	1	0	0
"
 tid_8864_time_14:6:53:270 DPETW@ "GAZE_LOG_CALI: 617.58	356.007	619.269	361.909	907.172	384.422	906.733	390.79	246.622	359.048	248.85	365.028	537.065	387.611	537.197	394.041	
18.8111	-151.246	306.341	-122.384	-418.806	-145.098	-130.408	-116.069	17.1221	-157.149	306.781	-128.753	-421.035	-151.08	-130.54	-122.499	4.33536	-35.1273	-586.74	70.9129	-28.5276	-589.432	4.05036	-35.602	-594.52	71.5221	-28.9107	-597.199	3.9669	-36.6947	-589.87	71.3838	-30.1686	-592.497	-0.0174716	-0.228732	0.973333	-0.0283942	-0.258313	0.965644	-0.0174716	0.0309784	0.999367	-0.0283942	0.000415787	0.999597	-0.0174716	0.0309784	0.999367	-0.0283942	0.000415787	0.999597	-1.00158	1.77522	-1.62709	0.0238228	-1.00158	1.77522	-1.62709	0.0238228	117.749	88.7006	179.125	77.7476	656.901	494.843	999.302	433.738	828.101	464.291	1	0	0
"
 tid_8864_time_14:6:53:292 DPETW@ "GAZE_LOG_CALI: 617.577	355.978	619.275	361.882	907.152	384.375	906.763	390.728	246.521	359.019	248.845	365.006	537.047	387.558	537.199	394.013	
18.8169	-151.273	306.371	-122.446	-418.812	-145.12	-130.406	-116.097	17.1196	-157.178	306.761	-128.8	-421.137	-151.108	-130.558	-122.552	4.33667	-35.1321	-586.723	70.9153	-28.5364	-589.398	4.05168	-35.6068	-594.504	71.5245	-28.9196	-597.164	3.96539	-36.693	-589.734	71.3796	-30.1804	-592.5	-0.0176362	-0.222001	0.974887	-0.0299879	-0.260844	0.964915	-0.0176362	0.0378826	0.999126	-0.0299879	-0.00221741	0.999548	-0.0176362	0.0378826	0.999127	-0.0299879	-0.00221741	0.999548	-1.01126	2.17103	-1.71844	-0.127048	-1.01126	2.17103	-1.71844	-0.127048	117.659	92.4827	178.249	76.296	656.394	515.942	994.415	425.64	825.404	470.791	1	0	0
"
 tid_8864_time_14:6:53:314 DPETW@ "GAZE_LOG_CALI: 617.595	355.934	619.341	361.865	907.228	384.327	906.795	390.677	246.468	358.951	248.83	364.985	537.031	387.539	537.218	393.987	
18.883	-151.29	306.403	-122.497	-418.826	-145.141	-130.387	-116.122	17.1373	-157.222	306.837	-128.849	-421.189	-151.177	-130.574	-122.571	4.35073	-35.1301	-586.617	70.9206	-28.5443	-589.379	4.06588	-35.6049	-594.397	71.5299	-28.9277	-597.146	3.96899	-36.7	-589.636	71.3817	-30.1816	-592.367	-0.0198318	-0.22414	0.974355	-0.0299876	-0.253667	0.966827	-0.0198318	0.0356786	0.999166	-0.0299876	0.00520982	0.999537	-0.0198318	0.0356786	0.999166	-0.0299876	0.00520982	0.999537	-1.13708	2.04467	-1.71844	0.298502	-1.13708	2.04467	-1.71844	0.298502	116.474	91.3014	178.255	80.3884	649.783	509.352	994.448	448.471	822.115	478.911	1	0	0
"
 tid_8864_time_14:6:53:336 DPETW@ "GAZE_LOG_CALI: 617.538	355.744	619.27	361.743	907.099	384.159	906.806	390.547	246.438	358.736	248.721	364.851	536.983	387.329	537.157	393.799	
18.8121	-151.412	306.414	-122.627	-418.935	-145.275	-130.448	-116.311	17.0805	-157.412	306.708	-129.016	-421.22	-151.392	-130.622	-122.781	4.33384	-35.1567	-586.566	70.9111	-28.5765	-589.279	4.04874	-35.6319	-594.346	71.5204	-28.9603	-597.046	3.95616	-36.7491	-589.671	71.3654	-30.2316	-592.484	-0.0192559	-0.232383	0.972434	-0.032723	-0.26835	0.962766	-0.0192559	0.02722	0.999444	-0.032723	-0.0100239	0.999414	-0.0192559	0.02722	0.999444	-0.032723	-0.0100239	0.999414	-1.10376	1.55978	-1.87532	-0.574337	-1.10376	1.55978	-1.87532	-0.574337	116.776	86.654	176.738	71.9834	651.468	483.426	985.987	401.581	818.623	442.031	1	0	0
"
 tid_8864_time_14:6:53:358 DPETW@ "GAZE_LOG_CALI: 617.388	355.491	619.156	361.534	907.079	383.918	906.718	390.394	246.383	358.507	248.549	364.631	536.887	387.125	537.09	393.585	
18.6988	-151.621	306.326	-122.779	-419.108	-145.496	-130.514	-116.525	16.9302	-157.665	306.688	-129.257	-421.275	-151.62	-130.718	-122.985	4.30723	-35.2013	-586.483	70.8943	-28.6205	-589.31	4.02173	-35.6772	-594.264	71.5034	-29.0049	-597.076	3.92229	-36.8131	-589.801	71.3479	-30.2779	-592.376	-0.0215888	-0.246625	0.96887	-0.0319123	-0.261282	0.964735	-0.0215888	0.0125404	0.999688	-0.0319123	-0.00268684	0.999487	-0.0215888	0.0125404	0.999688	-0.0319123	-0.00268684	0.999487	-1.23714	0.718531	-1.82876	-0.153945	-1.23714	0.718531	-1.82876	-0.153945	115.477	78.5991	177.169	75.9777	644.225	438.488	988.39	423.865	815.785	428.817	1	0	0
"
 tid_8864_time_14:6:53:380 DPETW@ "GAZE_LOG_CALI: 617.395	355.39	619.11	361.389	907.033	383.775	906.633	390.303	246.308	358.352	248.497	364.473	536.832	386.985	537.005	393.371	
18.6528	-151.766	306.241	-122.871	-419.16	-145.653	-130.599	-116.739	16.9374	-157.766	306.642	-129.4	-421.35	-151.775	-130.773	-123.125	4.29691	-35.2355	-586.471	70.8745	-28.6557	-589.305	4.01127	-35.7119	-594.251	71.4833	-29.0406	-597.072	3.92319	-36.8359	-589.689	71.3358	-30.3104	-592.364	-0.0187412	-0.239184	0.970793	-0.030253	-0.260298	0.965054	-0.0187412	0.0202256	0.99962	-0.030253	-0.00165391	0.999541	-0.0187412	0.0202256	0.99962	-0.030253	-0.00165391	0.999541	-1.07407	1.15892	-1.73363	-0.0947621	-1.07407	1.15892	-1.73363	-0.0947621	117.024	82.7712	178.065	76.5139	652.851	461.764	993.389	426.856	823.111	444.269	1	0	0
"
 tid_8864_time_14:6:53:402 DPETW@ "GAZE_LOG_CALI: 617.428	355.457	619.13	361.487	907.086	383.937	906.737	390.39	246.305	358.503	248.556	364.597	536.866	387.089	537.033	393.572	
18.6724	-151.668	306.345	-122.784	-419.101	-145.529	-130.572	-116.538	16.9705	-157.699	306.695	-129.238	-421.353	-151.624	-130.739	-123.021	4.30144	-35.2134	-586.531	70.8856	-28.617	-589.194	4.01588	-35.6894	-594.311	71.4946	-29.0014	-596.961	3.9304	-36.8075	-589.64	71.3451	-30.2783	-592.343	-0.017796	-0.232758	0.972372	-0.0311866	-0.266379	0.963364	-0.017796	0.0268411	0.999481	-0.0311866	-0.00796531	0.999482	-0.017796	0.0268411	0.999481	-0.0311866	-0.00796531	0.999482	-1.02006	1.53807	-1.78721	-0.456384	-1.02006	1.53807	-1.78721	-0.456384	117.543	86.3986	177.564	73.1017	655.746	482	990.592	407.82	823.169	444.91	1	0	0
"
 tid_8864_time_14:6:53:424 DPETW@ "GAZE_LOG_CALI: 617.405	355.647	619.209	361.573	907.151	384.067	906.798	390.493	246.341	358.704	248.56	364.739	536.893	387.229	537.073	393.74	
18.7519	-151.582	306.406	-122.681	-419.097	-145.387	-130.532	-116.37	16.9473	-157.509	306.76	-129.109	-421.317	-151.423	-130.712	-122.881	4.31934	-35.1806	-586.421	70.8967	-28.5848	-589.179	4.03397	-35.6562	-594.202	71.5059	-28.9687	-596.946	3.92564	-36.7671	-589.721	71.3537	-30.244	-592.287	-0.0234584	-0.240552	0.970353	-0.0314921	-0.263913	0.964032	-0.0234584	0.0187904	0.999548	-0.0314921	-0.00541019	0.999489	-0.0234584	0.0187904	0.999548	-0.0314921	-0.00541019	0.999489	-1.34443	1.07668	-1.80469	-0.309983	-1.34443	1.07668	-1.80469	-0.309983	114.467	82.0532	177.407	74.5456	638.587	457.758	989.717	415.875	813.805	435.287	1	0	0
"
 tid_8864_time_14:6:53:446 DPETW@ "GAZE_LOG_CALI: 617.515	355.788	619.299	361.703	907.122	384.166	906.836	390.593	246.373	358.821	248.643	364.874	536.928	387.373	537.08	393.812	
18.8411	-151.452	306.444	-122.581	-419.014	-145.252	-130.525	-116.298	17.0574	-157.368	306.731	-129.009	-421.285	-151.306	-130.676	-122.737	4.33961	-35.1497	-586.416	70.9002	-28.5625	-589.132	4.0545	-35.6249	-594.196	71.5095	-28.9463	-596.898	3.95012	-36.7308	-589.617	71.3578	-30.2202	-592.379	-0.0221529	-0.234696	0.971816	-0.0322854	-0.271166	0.961991	-0.0221529	0.0248261	0.999446	-0.0322854	-0.0129447	0.999395	-0.0221529	0.0248261	0.999446	-0.0322854	-0.0129447	0.999395	-1.26976	1.42257	-1.85029	-0.7417	-1.26976	1.42257	-1.85029	-0.7417	115.2	85.3866	176.973	70.4262	642.677	476.355	987.295	392.894	814.571	432.774	1	0	0
"
 tid_8864_time_14:6:53:468 DPETW@ "GAZE_LOG_CALI: 617.556	355.567	619.264	361.553	907.196	384.084	906.817	390.506	246.436	358.635	248.645	364.718	536.945	387.254	537.124	393.739	
18.8062	-151.602	306.425	-122.667	-419.012	-145.408	-130.481	-116.371	17.0983	-157.589	306.805	-129.092	-421.222	-151.492	-130.66	-122.856	4.33198	-35.1879	-586.465	70.9064	-28.5852	-589.218	4.0468	-35.6636	-594.246	71.5157	-28.9692	-596.985	3.96	-36.7797	-589.646	71.3653	-30.2396	-592.296	-0.0183354	-0.235752	0.97164	-0.0309302	-0.261385	0.964739	-0.0183354	0.0237596	0.99955	-0.0309302	-0.00278609	0.999518	-0.0183354	0.0237596	0.99955	-0.0309302	-0.00278609	0.999518	-1.05089	1.36145	-1.77246	-0.159631	-1.05089	1.36145	-1.77246	-0.159631	117.28	84.7528	177.726	75.9815	654.283	472.819	991.496	423.886	822.889	448.352	1	0	0
"
 tid_8864_time_14:6:53:490 DPETW@ "GAZE_LOG_CALI: 617.315	355.499	619.177	361.473	907.004	383.975	906.755	390.41	246.273	358.569	248.583	364.658	536.877	387.169	537.106	393.642	
18.7195	-151.682	306.363	-122.763	-419.074	-145.468	-130.499	-116.468	16.8579	-157.657	306.613	-129.2	-421.385	-151.558	-130.728	-122.941	4.31194	-35.2063	-586.504	70.8991	-28.6104	-589.275	4.02651	-35.6822	-594.284	71.5083	-28.9946	-597.042	3.9052	-36.8018	-589.748	71.3416	-30.2711	-592.472	-0.0259534	-0.239525	0.970543	-0.0351124	-0.268855	0.96254	-0.0259534	0.0198321	0.999466	-0.0351124	-0.0105704	0.999327	-0.0259534	0.0198321	0.999466	-0.0351124	-0.0105704	0.999327	-1.48748	1.13637	-2.01232	-0.605651	-1.48748	1.13637	-2.01232	-0.605651	113.092	82.5786	175.407	71.6495	630.918	460.689	978.563	399.718	804.038	427.266	1	0	0
"
 tid_8864_time_14:6:53:512 DPETW@ "GAZE_LOG_CALI: 614.979	355.688	617.96	361.469	903.944	384.07	905.249	390.424	243.963	358.667	247.577	364.708	533.827	387.208	535.639	393.687	
17.5022	-151.686	304.856	-122.75	-420.08	-145.419	-131.966	-116.422	14.5217	-157.468	303.551	-129.105	-423.696	-151.46	-133.778	-122.902	4.03361	-35.2182	-586.787	70.556	-28.6061	-589.325	3.74458	-35.694	-594.567	71.1605	-28.9903	-597.092	3.36453	-36.7701	-589.77	70.6288	-30.2556	-592.466	-0.0770696	-0.218209	0.972854	-0.110198	-0.262201	0.958701	-0.0770696	0.0410197	0.996181	-0.110198	-0.00513619	0.993896	-0.0770696	0.0410197	0.996182	-0.110198	-0.00513619	0.993896	-4.42387	2.35091	-6.32681	-0.294283	-4.42387	2.35091	-6.32681	-0.294283	84.6936	94.1671	133.32	74.6213	472.489	525.339	743.767	416.297	603.421	462.67	1	0	0
"
 tid_8864_time_14:6:53:534 DPETW@ "GAZE_LOG_CALI: 615.201	355.716	618.203	361.567	904.28	384.302	905.377	390.55	244.111	358.836	247.76	364.772	534.116	387.434	535.858	393.832	
17.7453	-151.588	304.984	-122.623	-419.897	-145.354	-131.747	-116.278	14.7428	-157.44	303.888	-128.873	-423.548	-151.292	-133.489	-122.676	4.08927	-35.1943	-586.702	70.6009	-28.5808	-589.452	3.80094	-35.6699	-594.483	71.2059	-28.9646	-597.219	3.41463	-36.7415	-589.676	70.6994	-30.199	-592.402	-0.0782048	-0.21693	0.973049	-0.101332	-0.246955	0.963714	-0.0782048	0.042305	0.996039	-0.101332	0.0108871	0.994793	-0.0782048	0.042305	0.996039	-0.101332	0.0108871	0.994793	-4.48941	2.42462	-5.81621	0.623798	-4.48941	2.42462	-5.81621	0.623798	84.1265	94.918	138.319	83.4935	469.325	529.528	771.654	465.794	618.446	494.155	1	0	0
"
 tid_8864_time_14:6:53:556 DPETW@ "GAZE_LOG_CALI: 615.423	355.811	618.424	361.479	904.462	384.333	905.628	390.577	244.373	358.814	247.926	364.762	534.312	387.398	536.017	393.815	
17.9662	-151.676	305.235	-122.597	-419.731	-145.365	-131.588	-116.295	14.9651	-157.345	304.07	-128.842	-423.286	-151.313	-133.293	-122.712	4.13932	-35.2015	-586.632	70.6437	-28.5733	-589.321	3.85163	-35.6773	-594.412	71.2494	-28.9571	-597.088	3.46647	-36.7364	-589.732	70.744	-30.2002	-592.416	-0.0799988	-0.219981	0.972218	-0.10397	-0.255741	0.961138	-0.0799988	0.0391436	0.996026	-0.10397	0.00173363	0.994579	-0.0799988	0.0391436	0.996026	-0.10397	0.00173363	0.994579	-4.59202	2.24334	-5.96782	0.0993298	-4.59202	2.24334	-5.96782	0.0993298	83.1973	93.1909	136.901	78.4628	464.141	519.893	763.746	437.728	610.165	472.247	1	0	0
"
 tid_8864_time_14:6:53:578 DPETW@ "GAZE_LOG_CALI: 615.594	355.574	618.569	361.355	904.577	384.091	905.836	390.469	244.555	358.704	248.141	364.509	534.493	387.283	536.239	393.716	
18.111	-151.8	305.444	-122.704	-419.516	-145.618	-131.366	-116.394	15.1358	-157.582	304.185	-129.083	-423.104	-151.423	-133.112	-122.827	4.17389	-35.2505	-586.724	70.6945	-28.5984	-589.344	3.88671	-35.7268	-594.504	71.3008	-28.9825	-597.111	3.50586	-36.7777	-589.751	70.7821	-30.2468	-592.517	-0.0779932	-0.215219	0.973446	-0.108219	-0.263753	0.958501	-0.0779932	0.0440609	0.99598	-0.108219	-0.00668727	0.994105	-0.0779932	0.0440609	0.99598	-0.108219	-0.00668727	0.994105	-4.47758	2.52532	-6.21282	-0.383155	-4.47758	2.52532	-6.21282	-0.383155	84.3254	95.8231	134.568	73.7646	470.434	534.578	750.727	411.518	606.183	465.408	1	0	0
"
 tid_8864_time_14:6:53:600 DPETW@ "GAZE_LOG_CALI: 615.691	355.39	618.826	361.295	904.777	384.003	906.021	390.393	244.757	358.383	248.346	364.268	534.764	387.199	536.574	393.58	
18.3679	-151.86	305.629	-122.78	-419.311	-145.858	-131.03	-116.529	15.2329	-157.766	304.385	-129.172	-422.901	-151.744	-132.841	-122.911	4.23269	-35.2811	-586.654	70.7627	-28.6333	-589.558	3.94627	-35.7579	-594.434	71.3698	-29.0177	-597.325	3.53002	-36.8449	-589.887	70.8404	-30.2718	-592.614	-0.0886889	-0.231603	0.968759	-0.107963	-0.255786	0.960686	-0.0886889	0.0270219	0.995693	-0.107963	0.00157319	0.994154	-0.0886889	0.0270219	0.995693	-0.107963	0.00157319	0.994154	-5.09005	1.54843	-6.19789	0.0901372	-5.09005	1.54843	-6.19789	0.0901372	78.5053	86.4584	134.761	78.2549	437.965	482.334	751.803	436.568	588.495	448.593	1	0	0
"
 tid_8864_time_14:6:53:622 DPETW@ "GAZE_LOG_CALI: 615.993	355.306	619.144	361.24	904.989	384.035	906.319	390.393	245.062	358.345	248.741	364.216	534.982	387.176	536.847	393.57	
18.6862	-151.915	305.927	-122.78	-418.915	-145.91	-130.758	-116.539	15.5353	-157.85	304.597	-129.14	-422.597	-151.783	-132.623	-122.934	4.30709	-35.2996	-586.759	70.8274	-28.6323	-589.516	4.02173	-35.7766	-594.539	71.4354	-29.0167	-597.283	3.59966	-36.8596	-589.897	70.8911	-30.2715	-592.628	-0.088195	-0.226313	0.970054	-0.112184	-0.25862	0.959443	-0.088195	0.0324671	0.995574	-0.112184	-0.00148553	0.993686	-0.088195	0.0324671	0.995574	-0.112184	-0.00148553	0.993686	-5.06245	1.86055	-6.44123	-0.0851144	-5.06245	1.86055	-6.44123	-0.0851144	78.8376	89.4084	132.461	76.57	439.819	498.791	738.972	427.169	582.932	452.219	1	0	0
"
 tid_8864_time_14:6:53:644 DPETW@ "GAZE_LOG_CALI: 616.206	355.382	619.352	361.241	905.252	384.053	906.414	390.414	245.285	358.41	248.924	364.217	535.232	387.225	537.038	393.65	
18.8948	-151.914	306.022	-122.76	-418.733	-145.91	-130.567	-116.46	15.7482	-157.774	304.861	-129.122	-422.373	-151.718	-132.373	-122.885	4.35424	-35.2978	-586.733	70.8658	-28.6275	-589.658	4.0695	-35.7748	-594.513	71.4741	-29.0118	-597.424	3.6487	-36.8445	-589.918	70.9502	-30.2626	-592.608	-0.08883	-0.225815	0.970112	-0.104695	-0.249978	0.962575	-0.08883	0.0329633	0.995501	-0.104695	0.00767255	0.994475	-0.08883	0.0329633	0.995501	-0.104695	0.00767255	0.994475	-5.09908	1.889	-6.00978	0.439609	-5.09908	1.889	-6.00978	0.439609	78.5352	89.69	136.685	81.6165	438.132	500.363	762.541	455.322	595.715	470.106	1	0	0
"
 tid_8864_time_14:6:53:666 DPETW@ "GAZE_LOG_CALI: 616.298	355.202	619.363	360.919	905.45	383.963	906.616	390.314	245.458	358.143	249.029	364.043	535.549	387.029	537.313	393.316	
18.9057	-152.236	306.224	-122.859	-418.628	-146.084	-130.292	-116.794	15.8405	-157.954	305.058	-129.212	-422.201	-151.984	-132.056	-123.081	4.35811	-35.3625	-586.856	70.925	-28.6827	-589.757	4.07348	-35.8402	-594.636	71.534	-29.0676	-597.524	3.67085	-36.9032	-590.028	71.0162	-30.3043	-592.77	-0.0848205	-0.223942	0.970904	-0.104829	-0.250365	0.962459	-0.0848205	0.0349772	0.995782	-0.104829	0.00726865	0.994464	-0.0848205	0.0349772	0.995782	-0.104829	0.00726865	0.994464	-4.86869	2.00446	-6.01747	0.416467	-4.86869	2.00446	-6.01747	0.416467	80.7461	90.6993	136.662	81.3134	450.466	505.993	762.409	453.631	602.32	472.822	1	0	0
"
 tid_8864_time_14:6:53:688 DPETW@ "GAZE_LOG_CALI: 616.53	354.793	619.309	360.426	905.776	383.634	906.868	389.776	245.827	357.781	249.103	363.67	535.913	386.874	537.809	392.998	
18.8511	-152.729	306.476	-123.398	-418.554	-146.456	-129.796	-117.112	16.0726	-158.363	305.384	-129.542	-421.831	-152.346	-131.692	-123.236	4.34655	-35.4732	-587.037	71.0247	-28.7988	-590.105	4.06186	-35.9523	-594.817	71.6346	-29.185	-597.871	3.7262	-37.0043	-590.214	71.0989	-30.3638	-592.832	-0.0709069	-0.222245	0.972409	-0.102965	-0.226553	0.968541	-0.0709069	0.0370063	0.996796	-0.102965	0.0318434	0.994175	-0.0709069	0.0370063	0.996796	-0.102965	0.0318434	0.994175	-4.06887	2.12079	-5.91292	1.8248	-4.06887	2.12079	-5.91292	1.8248	88.4057	91.6436	137.748	94.7528	493.198	511.261	768.47	528.607	630.834	519.934	1	0	0
"
 tid_8864_time_14:6:53:710 DPETW@ "GAZE_LOG_CALI: 615.156	356.117	619.378	358.791	906.926	384.258	907.203	388.5	246.485	359.534	249.372	362.052	536.644	388.415	538.028	391.636	
18.9202	-154.364	306.812	-124.674	-418.284	-148.074	-129.577	-118.473	14.6982	-157.039	306.535	-128.917	-421.173	-150.593	-130.961	-121.695	4.36418	-35.8664	-587.322	71.0834	-29.0972	-589.941	4.07988	-36.3505	-595.102	71.6942	-29.4875	-597.707	3.42332	-36.8203	-593.019	71.2967	-30.0817	-592.257	-0.293921	-0.210297	0.932408	-0.0723185	-0.108096	0.991507	-0.293921	0.0381934	0.955066	-0.0723185	0.152208	0.985699	-0.293921	0.0381934	0.955066	-0.0723185	0.152208	0.985699	-17.1057	2.18885	-4.19614	8.7549	-17.1057	2.18885	-4.19614	8.7549	-41.0756	92.7595	154.489	161.997	0	517.486	861.863	903.746	430.932	710.616	1	0	0
"
 tid_8864_time_14:6:53:764 DPETW@ "GAZE_LOG_CALI: 621.389	364.59	628.896	378.638	892.505	391.429	891.498	406.224	250.572	364.805	259.316	380.356	521.596	395.246	528.644	405.708	
28.439	-134.515	291.097	-106.944	-408.336	-129.767	-138.961	-104.402	20.9313	-148.565	292.106	-121.743	-417.084	-145.321	-146.009	-114.864	6.56879	-31.4868	-587.907	68.4512	-25.7824	-598.694	6.3143	-31.9116	-595.691	69.0188	-26.1234	-606.466	4.8558	-35.0396	-590.031	67.8312	-28.406	-591.299	-0.220015	-0.471855	0.853784	-0.0772054	-0.148382	0.985912	-0.220015	-0.234802	0.946817	-0.0772054	0.111846	0.990722	-0.220015	-0.234802	0.946817	-0.0772054	0.111846	0.990722	-13.0818	-13.5799	-4.45596	6.42177	-13.0818	-13.5799	-4.45596	6.42177	2.00942	-61.1285	148.571	141.131	11.2102	0	828.848	787.343	389.888	355.361	1	0	0
"
 tid_8864_time_14:6:53:903 DPETW@ "GAZE_LOG_CALI: 616.395	357.522	621.677	359.19	893.635	384.272	909.272	389.369	247.268	356.42	251.674	362.253	538.361	386.612	540.348	392.577	
21.2191	-153.965	308.882	-123.805	-415.982	-147.873	-127.256	-117.532	15.9368	-155.634	293.237	-128.901	-420.39	-153.708	-129.244	-123.498	4.8951	-35.7973	-587.332	71.6067	-28.9043	-590.306	4.61795	-36.2805	-595.112	72.2242	-29.2918	-598.072	3.71728	-36.9767	-592.312	70.6816	-31.3849	-613.753	-0.297955	-0.230328	0.926376	-0.0970448	-0.13168	-0.986531	-0.297955	0.0172837	0.954424	-0.0970448	-0.382526	-0.918834	-0.297955	0.0172837	0.954424	-0.0970447	-0.382526	-0.918834	-17.3375	0.990335	-173.971	-22.4902	-17.3375	0.990335	-173.971	-22.4902	-42.9722	80.8506	253.779	306.708	0	451.049	1415.78	1080	707.891	765.525	1	0	0
"
 tid_8864_time_14:6:53:925 DPETW@ "GAZE_LOG_CALI: 618.692	353.458	621.527	359.343	903.955	381.839	908.963	389.374	248.35	356.833	251.571	362.513	538.555	386.612	539.973	392.677	
21.07	-153.812	308.572	-123.8	-416.085	-147.614	-127.631	-117.432	18.2342	-159.698	303.563	-131.336	-419.307	-153.295	-129.05	-123.498	4.86111	-35.7534	-587.395	71.5233	-28.8873	-590.206	4.58353	-36.236	-595.175	72.1398	-29.2747	-597.972	4.23066	-37.3012	-590.725	71.4206	-30.925	-599.097	-0.0768976	-0.232133	0.96964	-0.33875	-0.77734	-0.530086	-0.0768976	0.0267383	0.99668	-0.33875	-0.888049	-0.310834	-0.0768976	0.0267383	0.99668	-0.33875	-0.888049	-0.310834	-4.41184	1.53218	-132.539	-62.6291	-4.41184	1.53218	-132.539	-62.6291	85.6136	85.6505	796.814	1653.6	477.621	477.827	1920	1080	1198.81	778.914	1	0	0
"
 tid_8864_time_14:6:53:948 DPETW@ "GAZE_LOG_CALI: 618.818	353.891	621.652	359.544	908.17	383.404	909.082	389.607	248.367	357.017	251.775	362.751	538.569	386.723	540.047	392.84	
21.1943	-153.612	308.691	-123.567	-415.881	-147.375	-127.557	-117.27	18.3605	-159.265	307.78	-129.772	-419.29	-153.11	-129.036	-123.387	4.89072	-35.7093	-587.504	71.5437	-28.8388	-590.152	4.61359	-36.1911	-595.284	72.1605	-29.2255	-597.918	4.25849	-37.2205	-590.582	71.702	-30.427	-593.206	-0.0735692	-0.213263	0.974221	-0.0938862	-0.246028	0.964705	-0.0735692	0.0461507	0.996222	-0.0938862	0.012039	0.99551	-0.0735692	0.0461507	0.996222	-0.0938862	0.012039	0.99551	-4.22353	2.64518	-5.38761	0.689803	-4.22353	2.64518	-5.38761	0.689803	87.4442	96.3433	143.379	83.7016	487.834	537.48	799.884	466.954	643.178	500.972	1	0	0
"
 tid_8864_time_14:6:53:970 DPETW@ "GAZE_LOG_CALI: 619.132	353.997	621.858	359.644	908.344	383.594	909.277	389.7	248.633	356.959	251.907	362.793	538.833	386.828	540.247	393.013	
21.401	-153.511	308.886	-123.474	-415.749	-147.333	-127.357	-117.097	18.6744	-159.159	307.954	-129.582	-419.024	-153.168	-128.772	-123.282	4.93766	-35.6866	-587.402	71.5899	-28.8084	-590.163	4.66112	-36.1683	-595.182	72.2074	-29.1947	-597.929	4.33124	-37.2105	-590.513	71.758	-30.3991	-593.336	-0.0687921	-0.217349	0.973667	-0.0942099	-0.252499	0.963	-0.0687921	0.0420609	0.996744	-0.0942099	0.0053478	0.995538	-0.0687921	0.0420609	0.996744	-0.0942099	0.0053478	0.995538	-3.94811	2.41062	-5.40592	0.306408	-3.94811	2.41062	-5.40592	0.306408	90.1432	94.1283	143.246	80.0193	502.891	525.123	799.143	446.412	649.49	482.831	1	0	0
"
 tid_8864_time_14:6:53:992 DPETW@ "GAZE_LOG_CALI: 619.45	353.83	622.226	359.499	908.628	383.508	909.521	389.667	248.969	356.786	252.227	362.73	539.013	386.781	540.609	392.98	
21.769	-153.657	309.131	-123.507	-415.429	-147.396	-126.996	-117.129	18.9921	-159.326	308.238	-129.668	-418.688	-153.341	-128.592	-123.329	5.02165	-35.7069	-587.341	71.6665	-28.8237	-590.323	4.74621	-36.1889	-595.121	72.2847	-29.2101	-598.089	4.40542	-37.2515	-590.536	71.8067	-30.407	-593.188	-0.0722232	-0.225198	0.971632	-0.0943309	-0.236175	0.967121	-0.0722232	0.0339521	0.99681	-0.0943309	0.0221822	0.995294	-0.0722232	0.0339521	0.99681	-0.0943309	0.0221822	0.995294	-4.14408	1.94569	-5.41415	1.27105	-4.14408	1.94569	-5.41415	1.27105	88.3514	89.6677	143.23	89.3008	492.895	500.238	799.049	498.191	645.167	497.727	1	0	0
"
 tid_8864_time_14:6:54:14 DPETW@ "GAZE_LOG_CALI: 619.665	353.691	622.543	359.365	908.829	383.359	909.796	389.622	249.183	356.645	252.554	362.513	539.26	386.726	540.817	392.859	
22.0857	-153.791	309.405	-123.552	-415.102	-147.613	-126.787	-117.25	19.2073	-159.465	308.439	-129.817	-418.474	-153.482	-128.345	-123.384	5.09509	-35.7483	-587.354	71.719	-28.8384	-590.23	4.82064	-36.2308	-595.135	72.3381	-29.2251	-597.996	4.45528	-37.2841	-590.537	71.8614	-30.434	-593.253	-0.0772285	-0.222637	0.971838	-0.0969464	-0.245856	0.964446	-0.0772285	0.0364798	0.996346	-0.0969464	0.0121383	0.995216	-0.0772285	0.0364798	0.996346	-0.0969464	0.0121383	0.995216	-4.43223	2.0906	-5.56377	0.695491	-4.43223	2.0906	-5.56377	0.695491	85.6576	91.0209	141.837	83.7397	477.867	507.788	791.283	467.167	632.459	483.625	1	0	0
"
 tid_8864_time_14:6:54:36 DPETW@ "GAZE_LOG_CALI: 619.98	353.557	622.842	359.264	909.155	383.458	910.058	389.615	249.496	356.591	252.84	362.431	539.552	386.684	541.037	392.848	
22.385	-153.891	309.668	-123.559	-414.815	-147.696	-126.567	-117.261	19.523	-159.599	308.765	-129.717	-418.161	-153.537	-128.053	-123.426	5.16362	-35.7687	-587.343	71.7729	-28.8377	-590.173	4.89009	-36.2515	-595.123	72.3928	-29.2244	-597.939	4.52834	-37.3058	-590.536	71.9321	-30.4254	-593.214	-0.0766393	-0.223363	0.971718	-0.0940605	-0.245247	0.964887	-0.0766393	0.0357471	0.996418	-0.0940605	0.0128403	0.995484	-0.0766393	0.0357471	0.996418	-0.0940605	0.0128403	0.995484	-4.39823	2.0486	-5.39769	0.735714	-4.39823	2.0486	-5.39769	0.735714	86.0551	90.5995	143.512	84.1417	480.084	505.436	800.623	469.41	638.492	483.973	1	0	0
"
 tid_8864_time_14:6:54:57 DPETW@ "GAZE_LOG_CALI: 620.226	353.621	623.076	359.334	909.392	383.533	910.291	389.674	249.73	356.628	252.959	362.53	539.781	386.759	541.248	392.972	
22.6191	-153.822	309.901	-123.5	-414.696	-147.596	-126.357	-117.137	19.7689	-159.535	309.003	-129.643	-417.927	-153.5	-127.824	-123.351	5.21611	-35.7396	-587.187	71.8233	-28.8151	-590.145	4.94321	-36.2222	-594.967	72.4438	-29.2015	-597.91	4.58549	-37.2929	-590.517	71.986	-30.4071	-593.198	-0.0779253	-0.233239	0.969292	-0.0937165	-0.246782	0.964529	-0.0779253	0.0255793	0.996631	-0.0937165	0.0112651	0.995535	-0.0779253	0.0255793	0.996631	-0.0937165	0.0112651	0.995535	-4.47079	1.46575	-5.3778	0.645454	-4.47079	1.46575	-5.3778	0.645454	85.4222	85.0768	143.758	83.2974	476.553	474.626	801.998	464.7	636.11	463.64	1	0	0
"
 tid_8864_time_14:6:54:79 DPETW@ "GAZE_LOG_CALI: 620.579	353.734	623.451	359.471	909.69	383.773	910.52	389.977	250.048	356.788	253.369	362.715	540.091	387.011	541.687	393.121	
22.9934	-153.684	310.13	-123.197	-414.286	-147.412	-125.918	-116.989	20.1219	-159.422	309.3	-129.402	-417.608	-153.34	-127.514	-123.099	5.30315	-35.7052	-587.233	71.912	-28.7766	-590.432	5.03144	-36.1872	-595.014	72.5335	-29.1622	-598.198	4.66697	-37.2582	-590.471	72.0575	-30.3505	-593.217	-0.0778603	-0.228775	0.970361	-0.092544	-0.231042	0.968532	-0.0778603	0.0301682	0.996508	-0.092544	0.027505	0.995329	-0.0778603	0.0301682	0.996508	-0.092544	0.027505	0.995329	-4.46762	1.72877	-5.312	1.57612	-4.46762	1.72877	-5.312	1.57612	85.5366	87.6214	144.46	92.2736	477.192	488.822	805.915	514.776	640.749	500.34	1	0	0
"
 tid_8864_time_14:6:54:101 DPETW@ "GAZE_LOG_CALI: 620.632	353.742	623.464	359.445	909.771	383.739	910.558	389.99	250.098	356.769	253.417	362.672	540.151	387.042	541.709	393.143	
23.0062	-153.71	310.168	-123.184	-414.238	-147.454	-125.895	-116.967	20.1748	-159.415	309.382	-129.437	-417.559	-153.358	-127.454	-123.068	5.30622	-35.7163	-587.286	71.9183	-28.7715	-590.413	5.03458	-36.1985	-595.067	72.5398	-29.1571	-598.179	4.67921	-37.2592	-590.467	72.073	-30.3495	-593.191	-0.0750718	-0.224079	0.971675	-0.0906589	-0.231553	0.968589	-0.0750718	0.035044	0.996562	-0.0906589	0.0270258	0.995515	-0.0750718	0.035044	0.996562	-0.0906589	0.0270258	0.995515	-4.308	2.00829	-5.20342	1.54865	-4.308	2.00829	-5.20342	1.54865	87.0696	90.2749	145.523	92.0144	485.744	503.625	811.845	513.33	648.735	508.369	1	0	0
"
 tid_8864_time_14:6:54:123 DPETW@ "GAZE_LOG_CALI: 620.584	353.645	623.436	359.395	909.723	383.62	910.509	389.844	250.037	356.673	253.402	362.498	540.066	386.925	541.69	393.056	
22.9789	-153.761	310.119	-123.33	-414.253	-147.629	-125.914	-117.053	20.1262	-159.511	309.333	-129.556	-417.619	-153.454	-127.539	-123.185	5.30068	-35.7429	-587.296	71.9122	-28.8009	-590.462	5.02897	-36.2254	-595.076	72.5336	-29.1869	-598.228	4.66765	-37.2807	-590.453	72.0554	-30.3743	-593.136	-0.0759674	-0.221866	0.972113	-0.0910916	-0.226173	0.969819	-0.0759674	0.0372954	0.996413	-0.0910916	0.0325408	0.995311	-0.0759674	0.0372954	0.996413	-0.0910916	0.0325408	0.995311	-4.35985	2.13737	-5.22919	1.86478	-4.35985	2.13737	-5.22919	1.86478	86.5657	91.4858	145.263	95.0364	482.933	510.381	810.393	530.189	646.663	520.285	1	0	0
"
 tid_8864_time_14:6:54:145 DPETW@ "GAZE_LOG_CALI: 620.356	353.426	623.364	359.277	909.391	383.564	910.414	389.801	249.758	356.444	253.303	362.307	539.804	386.731	541.488	393.004	
22.9067	-153.879	310.024	-123.374	-414.352	-147.819	-126.117	-117.106	19.8986	-159.73	309.001	-129.612	-417.899	-153.683	-127.801	-123.379	5.28358	-35.7765	-587.262	71.8717	-28.8046	-590.307	5.01163	-36.2595	-595.042	72.4927	-29.1907	-598.073	4.61407	-37.3284	-590.384	71.9897	-30.4085	-593.233	-0.0828891	-0.222855	0.971321	-0.10027	-0.242772	0.964887	-0.0828891	0.0361352	0.995903	-0.10027	0.0152318	0.994844	-0.0828891	0.0361352	0.995903	-0.10027	0.0152318	0.994844	-4.75777	2.07085	-5.75539	0.872752	-4.75777	2.07085	-5.75539	0.872752	82.7269	90.8332	140.12	85.4728	461.517	506.74	781.7	476.836	619.189	487.582	1	0	0
"
 tid_8864_time_14:6:54:167 DPETW@ "GAZE_LOG_CALI: 620.456	353.498	623.414	359.288	909.49	383.558	910.43	389.9	249.864	356.48	253.353	362.326	539.829	386.855	541.594	393.045	
22.9564	-153.868	310.04	-123.274	-414.302	-147.8	-126.01	-117.064	19.9985	-159.658	309.101	-129.617	-417.793	-153.648	-127.776	-123.255	5.29531	-35.7728	-587.258	71.8907	-28.7942	-590.431	5.02351	-36.2558	-595.039	72.5119	-29.1802	-598.196	4.63754	-37.3163	-590.39	72.0003	-30.3891	-593.125	-0.0806782	-0.221666	0.971779	-0.0976659	-0.230792	0.968089	-0.0806782	0.0374023	0.996038	-0.0976659	0.0276316	0.994836	-0.0806782	0.0374023	0.996038	-0.0976659	0.0276316	0.994836	-4.6308	2.14349	-5.60692	1.58337	-4.6308	2.14349	-5.60692	1.58337	83.9599	91.531	141.571	92.3343	468.395	510.633	789.798	515.115	628.55	511.938	1	0	0
"
 tid_8864_time_14:6:54:189 DPETW@ "GAZE_LOG_CALI: 620.621	353.456	623.497	359.32	909.619	383.587	910.564	389.958	250.034	356.598	253.539	362.347	539.975	386.926	541.681	393.076	
23.0397	-153.836	310.174	-123.216	-414.116	-147.779	-125.923	-117.034	20.1631	-159.7	309.23	-129.589	-417.623	-153.529	-127.63	-123.184	5.31575	-35.7754	-587.401	71.9139	-28.7808	-590.366	5.04429	-36.2583	-595.182	72.5355	-29.1666	-598.131	4.67578	-37.3077	-590.395	72.0333	-30.379	-593.153	-0.0749961	-0.21358	0.974043	-0.09754	-0.235523	0.966962	-0.0749961	0.0457984	0.996132	-0.09754	0.0227708	0.994971	-0.0749961	0.0457984	0.996132	-0.0975401	0.0227708	0.994971	-4.30552	2.62497	-5.59899	1.30478	-4.30552	2.62497	-5.59899	1.30478	87.0959	96.1083	141.678	89.6637	485.89	536.169	790.393	500.216	638.142	518.192	1	0	0
"
 tid_8864_time_14:6:54:211 DPETW@ "GAZE_LOG_CALI: 620.734	353.335	623.733	359.152	909.782	383.498	910.821	389.81	250.19	356.462	253.739	362.223	540.129	386.837	541.813	392.988	
23.2755	-154.003	310.432	-123.365	-413.917	-147.903	-125.792	-117.122	20.2762	-159.822	309.392	-129.677	-417.467	-153.666	-127.475	-123.273	5.36924	-35.8065	-587.359	71.9522	-28.7995	-590.187	5.09849	-36.2898	-595.139	72.5744	-29.1857	-597.953	4.70188	-37.342	-590.465	72.0699	-30.3991	-593.141	-0.0824933	-0.218861	0.972263	-0.101169	-0.243288	0.964664	-0.0824933	0.0402362	0.995779	-0.101169	0.0146752	0.994761	-0.0824933	0.0402362	0.995779	-0.101169	0.0146752	0.994761	-4.73574	2.30599	-5.80714	0.840856	-4.73574	2.30599	-5.80714	0.840856	83.0186	93.0385	139.71	85.1989	463.144	519.043	779.411	475.308	619.236	493.663	1	0	0
"
 tid_8864_time_14:6:54:233 DPETW@ "GAZE_LOG_CALI: 620.939	353.085	623.899	358.922	909.926	383.348	910.999	389.638	250.259	356.21	253.84	362.097	540.319	386.667	541.951	392.834	
23.4422	-154.233	310.61	-123.536	-413.815	-148.029	-125.653	-117.275	20.4821	-160.072	309.536	-129.828	-417.397	-153.918	-127.285	-123.443	5.40706	-35.8419	-587.266	71.9871	-28.8348	-590.138	5.13677	-36.3258	-595.046	72.6098	-29.2214	-597.903	4.74829	-37.3884	-590.276	72.1115	-30.44	-593.21	-0.0792313	-0.216732	0.973011	-0.102236	-0.250024	0.962827	-0.0792313	0.0424864	0.995951	-0.102236	0.00769301	0.99473	-0.0792313	0.0424864	0.99595	-0.102236	0.00769301	0.994731	-4.5485	2.43502	-5.86809	0.440781	-4.5485	2.43502	-5.86809	0.440781	84.865	94.2562	139.158	81.3035	473.445	525.836	776.332	453.576	622.477	485.458	1	0	0
"
 tid_8864_time_14:6:54:254 DPETW@ "GAZE_LOG_CALI: 620.951	352.979	623.955	358.837	909.949	383.338	911.073	389.582	250.341	356.12	253.892	361.978	540.328	386.568	541.961	392.824	
23.4973	-154.318	310.684	-123.592	-413.763	-148.149	-125.643	-117.286	20.4932	-160.178	309.559	-129.838	-417.316	-154.008	-127.277	-123.542	5.41974	-35.8653	-587.262	71.9933	-28.8381	-590.047	5.14962	-36.3495	-595.043	72.6162	-29.2248	-597.812	4.75206	-37.4169	-590.366	72.1144	-30.4515	-593.187	-0.0826044	-0.22178	0.971592	-0.104297	-0.254956	0.961311	-0.0826044	0.0372431	0.995886	-0.104297	0.00253725	0.994543	-0.0826044	0.0372431	0.995886	-0.104297	0.00253725	0.994543	-4.74158	2.13437	-5.98669	0.145374	-4.74158	2.13437	-5.98669	0.145374	83.0226	91.3544	138.019	78.4637	463.166	509.648	769.978	437.733	612.553	466.594	1	0	0
"
 tid_8864_time_14:6:54:276 DPETW@ "GAZE_LOG_CALI: 620.942	353.03	623.936	358.856	910.005	383.382	911.065	389.637	250.337	356.132	253.903	362.001	540.274	386.643	541.963	392.841	
23.4787	-154.299	310.676	-123.538	-413.752	-148.125	-125.642	-117.268	20.4842	-160.126	309.616	-129.793	-417.32	-153.996	-127.331	-123.467	5.41596	-35.8627	-587.301	71.9931	-28.8304	-590.06	5.14581	-36.3469	-595.081	72.616	-29.217	-597.825	4.74999	-37.41	-590.374	72.1087	-30.4296	-593.03	-0.0817483	-0.219573	0.972165	-0.102021	-0.243865	0.964428	-0.0817483	0.0395232	0.995869	-0.102021	0.0140571	0.994683	-0.0817483	0.0395232	0.995869	-0.102021	0.0140571	0.994683	-4.69274	2.2651	-5.85614	0.80544	-4.69274	2.2651	-5.85614	0.80544	83.4852	92.6016	139.288	84.8575	465.747	516.606	777.057	473.403	619.208	491.214	1	0	0
"
 tid_8864_time_14:6:54:298 DPETW@ "GAZE_LOG_CALI: 620.855	353.072	623.91	358.936	909.918	383.512	910.917	389.727	250.262	356.185	253.819	362.066	540.203	386.779	541.888	392.95	
23.4524	-154.22	310.528	-123.447	-413.836	-148.06	-125.717	-117.159	20.3976	-160.084	309.529	-129.664	-417.395	-153.943	-127.401	-123.331	5.40891	-35.8414	-587.225	71.9712	-28.8123	-590.165	5.13863	-36.3253	-595.005	72.5937	-29.1987	-597.931	4.72977	-37.4002	-590.394	72.0913	-30.3999	-593.056	-0.0860277	-0.22616	0.970284	-0.0995689	-0.23806	0.966133	-0.0860277	0.032674	0.995757	-0.0995689	0.0201054	0.994828	-0.0860277	0.032674	0.995757	-0.0995689	0.0201054	0.994828	-4.93777	1.87242	-5.71551	1.15203	-4.93777	1.87242	-5.71551	1.15203	81.127	88.8782	140.623	88.2033	452.591	495.834	784.506	492.069	616.136	489.81	1	0	0
"
 tid_8864_time_14:6:54:320 DPETW@ "GAZE_LOG_CALI: 620.63	353.1	623.705	358.919	909.703	383.426	910.624	389.754	250.133	356.17	253.705	362.033	539.987	386.741	541.769	392.98	
23.2481	-154.236	310.235	-123.421	-413.95	-148.093	-125.835	-117.13	20.1721	-160.057	309.313	-129.75	-417.524	-153.958	-127.618	-123.369	5.3631	-35.8546	-587.346	71.9328	-28.8177	-590.408	5.09226	-36.3386	-595.127	72.5546	-29.2039	-598.174	4.67892	-37.4068	-590.52	72.0409	-30.4144	-593.056	-0.0870738	-0.225032	0.970453	-0.0972119	-0.229079	0.968541	-0.0870738	0.0338076	0.995628	-0.0972119	0.0294032	0.994829	-0.0870738	0.0338076	0.995628	-0.0972119	0.0294032	0.994829	-4.99815	1.9374	-5.58107	1.68492	-4.99815	1.9374	-5.58107	1.68492	80.4897	89.4633	141.868	93.2996	449.036	499.098	791.455	520.5	619.077	507.839	1	0	0
"
 tid_8864_time_14:6:54:342 DPETW@ "GAZE_LOG_CALI: 620.393	353.18	623.32	358.897	909.437	383.423	910.405	389.739	249.839	356.149	253.328	362.026	539.786	386.738	541.458	392.938	
22.8623	-154.259	310.015	-123.435	-414.327	-148.1	-126.147	-117.171	19.9356	-159.976	309.048	-129.753	-417.818	-153.978	-127.818	-123.372	5.27386	-35.8589	-587.362	71.866	-28.8178	-590.276	5.00182	-36.3429	-595.142	72.4869	-29.2042	-598.041	4.62359	-37.3947	-590.439	71.9898	-30.4197	-593.146	-0.078238	-0.217567	0.972905	-0.0980682	-0.239802	0.965856	-0.078238	0.0416528	0.996064	-0.0980682	0.0183515	0.99501	-0.078238	0.0416528	0.996064	-0.0980682	0.0183515	0.99501	-4.4912	2.38722	-5.62889	1.05152	-4.4912	2.38722	-5.62889	1.05152	85.2738	93.7579	141.348	87.1965	475.726	523.057	788.552	486.452	631.146	503.012	1	0	0
"
 tid_8864_time_14:6:54:364 DPETW@ "GAZE_LOG_CALI: 620.083	353.121	622.977	358.922	909.005	383.487	910.095	389.628	249.468	356.142	253.039	362.032	539.467	386.73	541.015	392.931	
22.5196	-154.233	309.705	-123.546	-414.617	-148.095	-126.59	-117.179	19.6256	-160.035	308.615	-129.689	-418.19	-153.985	-128.138	-123.38	5.1958	-35.8595	-587.429	71.7712	-28.8224	-590.086	4.92274	-36.3435	-595.209	72.3912	-29.2089	-597.852	4.55069	-37.3973	-590.357	71.9078	-30.4209	-593.296	-0.0747286	-0.211658	0.974483	-0.102002	-0.255755	0.961345	-0.0747286	0.0477688	0.996059	-0.102002	0.00177391	0.994783	-0.0747286	0.0477688	0.996059	-0.102002	0.00177391	0.994783	-4.29054	2.73799	-5.85445	0.101638	-4.29054	2.73799	-5.85445	0.101638	87.1179	97.1037	139.076	78.0452	486.013	541.722	775.879	435.398	628.74	484.596	1	0	0
"
 tid_8864_time_14:6:54:387 DPETW@ "GAZE_LOG_CALI: 619.984	353.159	622.954	358.926	908.863	383.503	910.054	389.618	249.4	356.264	252.953	362.087	539.323	386.703	540.958	392.957	
22.4963	-154.23	309.664	-123.556	-414.702	-148.039	-126.646	-117.153	19.5264	-159.998	308.473	-129.672	-418.257	-153.863	-128.282	-123.406	5.18983	-35.8473	-587.34	71.7593	-28.8198	-590.07	4.91665	-36.3312	-595.12	72.3791	-29.2063	-597.836	4.528	-37.3815	-590.4	71.8745	-30.4223	-593.3	-0.0801125	-0.216494	0.972991	-0.10682	-0.257475	0.960362	-0.0801125	0.0427116	0.99587	-0.10682	-0.000141591	0.994278	-0.0801125	0.0427116	0.99587	-0.10682	-0.000141591	0.994278	-4.59924	2.44794	-6.13205	-0.00811256	-4.59924	2.44794	-6.13205	-0.00811256	84.1516	94.3605	136.363	76.9893	469.465	526.418	760.743	429.508	611.324	471.366	1	0	0
"
 tid_8864_time_14:6:54:409 DPETW@ "GAZE_LOG_CALI: 619.942	353.11	622.925	358.928	908.901	383.479	909.977	389.61	249.451	356.242	252.985	362.081	539.274	386.759	540.923	392.934	
22.4679	-154.227	309.587	-123.564	-414.67	-148.045	-126.682	-117.176	19.4849	-160.046	308.511	-129.697	-418.206	-153.885	-128.331	-123.351	5.18336	-35.8533	-587.432	71.7482	-28.8259	-590.123	4.91014	-36.3372	-595.212	72.3678	-29.2125	-597.889	4.51883	-37.3981	-590.534	71.8685	-30.4123	-593.175	-0.0813177	-0.22047	0.971998	-0.102104	-0.245365	0.964039	-0.0813177	0.0386138	0.99594	-0.102104	0.012507	0.994695	-0.0813177	0.0386138	0.99594	-0.102104	0.012507	0.994695	-4.6678	2.21296	-5.86083	0.716617	-4.6678	2.21296	-5.86083	0.716617	83.4788	92.0809	138.987	83.9862	465.712	513.701	775.382	468.542	618.026	486.748	1	0	0
"
 tid_8864_time_14:6:54:431 DPETW@ "GAZE_LOG_CALI: 620.019	353.012	622.965	358.83	908.887	383.387	909.973	389.534	249.526	356.105	253.03	361.93	539.333	386.594	540.977	392.852	
22.5073	-154.326	309.583	-123.641	-414.625	-148.196	-126.628	-117.258	19.5613	-160.145	308.497	-129.789	-418.132	-154.022	-128.272	-123.516	5.19323	-35.8821	-587.431	71.7574	-28.8485	-590.209	4.92014	-36.3663	-595.212	72.377	-29.2353	-597.975	4.5371	-37.4249	-590.524	71.8775	-30.4473	-593.273	-0.0794618	-0.219597	0.972349	-0.102344	-0.248324	0.963255	-0.0794618	0.0395478	0.996053	-0.102344	0.00944641	0.994704	-0.0794618	0.0395478	0.996053	-0.102344	0.00944641	0.994704	-4.56121	2.26651	-5.87444	0.541248	-4.56121	2.26651	-5.87444	0.541248	84.5144	92.5634	138.856	82.2449	471.489	516.392	774.651	458.828	620.416	482.945	1	0	0
"
 tid_8864_time_14:6:54:453 DPETW@ "GAZE_LOG_CALI: 620.078	352.724	622.983	358.498	908.95	383.027	910.025	389.364	249.691	355.787	253.129	361.767	539.478	386.32	541.082	392.582	
22.5256	-154.658	309.635	-123.81	-414.526	-148.359	-126.523	-117.528	19.6201	-160.432	308.56	-130.149	-417.966	-154.34	-128.126	-123.79	5.19802	-35.9463	-587.548	71.7785	-28.9031	-590.282	4.92505	-36.4314	-595.328	72.3983	-29.2906	-598.048	4.55228	-37.5043	-590.668	71.9061	-30.5272	-593.388	-0.0777268	-0.223712	0.971551	-0.101553	-0.255157	0.961552	-0.0777268	0.0353671	0.996347	-0.101553	0.00240484	0.994827	-0.0777268	0.0353671	0.996347	-0.101553	0.00240484	0.994827	-4.46071	2.02681	-5.82863	0.137787	-4.46071	2.02681	-5.82863	0.137787	85.4779	90.1708	139.318	78.2659	476.864	503.045	777.225	436.63	623.291	462.958	1	0	0
"
 tid_8864_time_14:6:54:475 DPETW@ "GAZE_LOG_CALI: 620.14	352.548	623.026	358.327	908.913	382.852	910.043	389.231	249.739	355.605	253.156	361.521	539.495	386.066	541.11	392.26	
22.5687	-154.829	309.653	-123.944	-414.499	-148.606	-126.495	-117.85	19.6828	-160.609	308.523	-130.324	-417.918	-154.523	-128.11	-124.044	5.20756	-35.9934	-587.529	71.7846	-28.9568	-590.296	4.93472	-36.4791	-595.309	72.4044	-29.3449	-598.062	4.56673	-37.5446	-590.646	71.9066	-30.5812	-593.465	-0.0767125	-0.222119	0.971997	-0.104017	-0.258323	0.960442	-0.0767125	0.0370209	0.996366	-0.104017	-0.000940397	0.994575	-0.0767125	0.0370209	0.996366	-0.104017	-0.000940397	0.994575	-4.40265	2.12163	-5.97051	-0.0538808	-4.40265	2.12163	-5.97051	-0.0538808	86.048	91.0367	137.942	76.3537	480.044	507.875	769.553	425.962	620.715	459.449	1	0	0
"
 tid_8864_time_14:6:54:497 DPETW@ "GAZE_LOG_CALI: 619.941	352.317	622.87	358.139	908.877	382.752	909.903	389.041	249.571	355.385	253.042	361.247	539.305	385.959	540.927	392.053	
22.4129	-155.017	309.513	-124.133	-414.613	-148.88	-126.677	-118.056	19.4835	-160.839	308.488	-130.423	-418.086	-154.743	-128.3	-124.151	5.17243	-36.0503	-587.583	71.7446	-28.9995	-590.229	4.89914	-36.5367	-595.363	72.364	-29.3883	-597.995	4.52042	-37.6001	-590.695	71.8724	-30.5944	-593.25	-0.0788656	-0.221456	0.971976	-0.0999215	-0.245129	0.964327	-0.0788656	0.0376563	0.996174	-0.0999215	0.0128094	0.994913	-0.0788656	0.0376563	0.996174	-0.0999215	0.0128094	0.994913	-4.52658	2.15806	-5.73512	0.733943	-4.52658	2.15806	-5.73512	0.733943	84.8182	91.3216	140.201	83.9559	473.184	509.465	782.153	468.373	625.334	484.767	1	0	0
"
 tid_8864_time_14:6:54:519 DPETW@ "GAZE_LOG_CALI: 619.765	352.232	622.715	358.172	908.642	382.737	909.552	389.078	249.39	355.356	252.898	361.249	539.153	385.971	540.837	392.133	
22.2574	-154.984	309.161	-124.097	-414.758	-148.878	-126.768	-117.977	19.3071	-160.925	308.252	-130.439	-418.267	-154.772	-128.452	-124.139	5.13695	-36.0469	-587.594	71.7074	-29.0042	-590.602	4.86318	-36.5333	-595.374	72.3259	-29.3929	-598.367	4.47956	-37.6129	-590.686	71.8314	-30.6009	-593.369	-0.0794838	-0.223682	0.971416	-0.0957168	-0.233825	0.967556	-0.0794838	0.0353609	0.996209	-0.0957168	0.0245638	0.995105	-0.0794838	0.0353609	0.996209	-0.0957168	0.0245639	0.995106	-4.56176	2.02645	-5.49424	1.40755	-4.56176	2.02645	-5.49424	1.40755	84.4431	90.0602	142.471	90.3811	471.091	502.428	794.816	504.218	631.894	501.455	2	0	0
"
 tid_8864_time_14:6:54:541 DPETW@ "GAZE_LOG_CALI: 619.488	352.238	622.4	358.127	908.306	382.775	909.37	389.009	249.152	355.31	252.723	361.189	538.934	385.907	540.625	392.139	
21.943	-155.029	308.979	-124.165	-414.932	-148.937	-126.98	-117.971	19.0305	-160.919	307.916	-130.401	-418.506	-154.818	-128.671	-124.203	5.06587	-36.0709	-587.789	71.6596	-29.0092	-590.552	4.79125	-36.5575	-595.569	72.2775	-29.3979	-598.317	4.41577	-37.6208	-590.737	71.7727	-30.6121	-593.527	-0.0756774	-0.214318	0.973828	-0.101636	-0.24445	0.964321	-0.0756774	0.0450298	0.996115	-0.101636	0.0134636	0.994731	-0.0756774	0.0450298	0.996115	-0.101636	0.0134636	0.994731	-4.34456	2.58089	-5.83389	0.77143	-4.34456	2.58089	-5.83389	0.77143	86.4452	95.3106	139.122	84.2316	482.261	531.719	776.133	469.911	627.791	498.354	1	1	1
"
 tid_8864_time_14:6:54:564 DPETW@ "GAZE_LOG_CALI: 619.119	352.194	622.003	358.009	907.921	382.634	909.039	388.812	248.769	355.208	252.21	361.11	538.573	385.747	540.075	391.995	
21.546	-155.147	308.649	-124.362	-415.446	-149.016	-127.529	-118.115	18.6617	-160.963	307.53	-130.542	-418.888	-154.919	-129.032	-124.363	4.97246	-36.084	-587.63	71.5459	-29.034	-590.25	4.6965	-36.5708	-595.41	72.1627	-29.4233	-598.015	4.33014	-37.6365	-590.716	71.6868	-30.6491	-593.561	-0.0758981	-0.220767	0.972369	-0.102471	-0.26397	0.959072	-0.0758981	0.0384231	0.996375	-0.102471	-0.00674945	0.994713	-0.0758981	0.0384231	0.996375	-0.102471	-0.00674945	0.994713	-4.35605	2.20202	-5.88164	-0.386718	-4.35605	2.20202	-5.88164	-0.386718	86.252	91.6951	138.573	73.0674	481.183	511.548	773.07	407.629	622.626	451.202	1	1	1
"
 tid_8864_time_14:6:54:586 DPETW@ "GAZE_LOG_CALI: 618.996	352.174	621.906	357.956	907.777	382.54	908.766	388.687	248.687	355.142	252.101	361.11	538.385	385.751	539.964	391.969	
21.4487	-155.199	308.376	-124.488	-415.555	-149.017	-127.64	-118.141	18.5384	-160.983	307.386	-130.635	-418.971	-154.986	-129.22	-124.359	4.9503	-36.0888	-587.607	71.5098	-29.0626	-590.474	4.67404	-36.5757	-595.387	72.1258	-29.4521	-598.24	4.30206	-37.65	-590.771	71.6457	-30.6565	-593.5	-0.0782425	-0.225977	0.970985	-0.097702	-0.24509	0.964565	-0.0782425	0.0330329	0.996387	-0.097702	0.0129091	0.995132	-0.0782425	0.0330329	0.996387	-0.097702	0.0129091	0.995132	-4.49001	1.89299	-5.60733	0.739655	-4.49001	1.89299	-5.60733	0.739655	84.9436	88.7334	141.184	83.8876	473.884	495.026	787.638	467.992	628.039	476.56	1	1	1
"
 tid_8864_time_14:6:54:608 DPETW@ "GAZE_LOG_CALI: 618.937	352.148	621.826	357.927	907.797	382.582	908.66	388.665	248.604	355.178	252.095	361.102	538.347	385.758	539.951	391.976	
21.3683	-155.229	308.269	-124.51	-415.561	-149.025	-127.654	-118.134	18.4795	-161.008	307.407	-130.593	-419.054	-154.95	-129.258	-124.352	4.93237	-36.0996	-587.712	71.5008	-29.0709	-590.606	4.65592	-36.5866	-595.492	72.1166	-29.4604	-598.372	4.2881	-37.6467	-590.737	71.6405	-30.6463	-593.414	-0.0752897	-0.217004	0.973263	-0.0929875	-0.231626	0.96835	-0.0752897	0.0422894	0.996265	-0.0929875	0.0268939	0.995304	-0.0752897	0.0422894	0.996265	-0.0929875	0.0268939	0.995304	-4.32174	2.42373	-5.33744	1.54109	-4.32174	2.42373	-5.33744	1.54109	86.5354	93.7888	143.788	91.6044	482.764	523.229	802.162	511.043	642.463	517.136	1	1	1
"
 tid_8864_time_14:6:54:630 DPETW@ "GAZE_LOG_CALI: 619.043	352.013	621.919	357.772	907.826	382.39	908.831	388.524	248.836	355.089	252.211	361.004	538.446	385.647	540.021	391.856	
21.4614	-155.383	308.44	-124.651	-415.445	-149.122	-127.584	-118.254	18.5857	-161.143	307.436	-130.786	-418.822	-155.039	-129.159	-124.463	4.95414	-36.1308	-587.746	71.5235	-29.0943	-590.465	4.678	-36.6181	-595.526	72.1397	-29.4842	-598.23	4.31355	-37.6841	-590.917	71.659	-30.6867	-593.512	-0.0768219	-0.224693	0.971397	-0.0982314	-0.245753	0.964342	-0.0768219	0.0343792	0.996452	-0.0982314	0.0122112	0.995089	-0.0768219	0.0343792	0.996452	-0.0982314	0.0122112	0.995089	-4.40852	1.97017	-5.63776	0.699666	-4.40852	1.97017	-5.63776	0.699666	85.7215	89.3994	140.904	83.4719	478.223	498.741	786.073	465.673	629.542	477.455	1	1	1
"
 tid_8864_time_14:6:54:651 DPETW@ "GAZE_LOG_CALI: 619.171	351.878	622.019	357.602	907.845	382.247	908.886	388.497	248.927	354.925	252.379	360.897	538.632	385.449	540.146	391.738	
21.5615	-155.554	308.496	-124.677	-415.276	-149.23	-127.459	-118.372	18.7132	-161.279	307.455	-130.929	-418.73	-155.203	-128.973	-124.661	4.97802	-36.1686	-587.84	71.548	-29.1155	-590.557	4.70224	-36.6564	-595.62	72.1644	-29.5056	-598.322	4.34312	-37.7156	-590.865	71.6919	-30.7389	-593.752	-0.0735153	-0.216823	0.973439	-0.0993308	-0.25924	0.960691	-0.0735153	0.0425097	0.996388	-0.0993308	-0.00176187	0.995053	-0.0735153	0.0425097	0.996388	-0.0993308	-0.00176187	0.995053	-4.21974	2.43636	-5.70065	-0.100948	-4.21974	2.43636	-5.70065	-0.100948	87.5542	93.8108	140.308	75.6753	488.447	523.352	782.751	422.178	632.481	466.927	1	1	1
"
 tid_8864_time_14:6:54:673 DPETW@ "GAZE_LOG_CALI: 619.162	351.667	621.992	357.408	907.888	382.012	908.868	388.332	248.96	354.751	252.444	360.714	538.645	385.258	540.197	391.497	
21.5343	-155.748	308.477	-124.842	-415.211	-149.413	-127.408	-118.613	18.7043	-161.489	307.497	-131.164	-418.698	-155.377	-128.96	-124.852	4.97242	-36.2204	-587.973	71.5556	-29.1675	-590.654	4.69664	-36.7088	-595.753	72.172	-29.5583	-598.42	4.34116	-37.7641	-590.926	71.6967	-30.7862	-593.706	-0.0717621	-0.213038	0.974405	-0.0971088	-0.250865	0.963139	-0.0717621	0.0464154	0.996341	-0.0971088	0.00696124	0.995249	-0.0717621	0.0464154	0.996341	-0.0971088	0.00696124	0.995249	-4.11965	2.66036	-5.57284	0.398853	-4.11965	2.66036	-5.57284	0.398853	88.5021	95.8792	141.551	80.4392	493.736	534.891	789.688	448.754	640.218	489.062	1	1	1
"
 tid_8864_time_14:6:54:695 DPETW@ "GAZE_LOG_CALI: 619.092	351.525	621.901	357.328	907.676	381.858	908.674	388.13	248.938	354.613	252.388	360.458	538.568	385.083	540.093	391.237	
21.4437	-155.828	308.283	-125.044	-415.267	-149.668	-127.512	-118.873	18.6346	-161.632	307.286	-131.318	-418.719	-155.515	-129.037	-125.027	4.95245	-36.2619	-588.015	71.5258	-29.2276	-590.783	4.67641	-36.7507	-595.795	72.1417	-29.6191	-598.548	4.32576	-37.8007	-590.989	71.6698	-30.8342	-593.889	-0.0710928	-0.21288	0.974488	-0.0975506	-0.251148	0.963021	-0.0710928	0.0465898	0.996381	-0.0975506	0.00665776	0.995208	-0.0710928	0.0465898	0.996381	-0.0975506	0.00665776	0.995208	-4.0812	2.67037	-5.59827	0.381465	-4.0812	2.67037	-5.59827	0.381465	88.8493	95.924	141.263	80.1797	495.672	535.141	788.079	447.307	640.347	488.394	1	1	1
"
 tid_8864_time_14:6:54:717 DPETW@ "GAZE_LOG_CALI: 619.841	351.54	622.263	357.36	908.766	381.897	909.194	388.141	249.64	354.652	252.805	360.533	539.496	385.143	540.649	391.224	
21.8056	-155.795	308.804	-125.033	-414.851	-149.594	-126.956	-118.886	19.3835	-161.617	308.376	-131.279	-418.017	-155.475	-128.109	-124.967	5.03649	-36.2543	-588.095	71.6531	-29.2304	-590.835	4.76163	-36.743	-595.875	72.2706	-29.6219	-598.601	4.49857	-37.7909	-590.934	71.8978	-30.8115	-593.677	-0.0520165	-0.207202	0.976914	-0.0734114	-0.234229	0.969406	-0.0520165	0.0527025	0.997255	-0.0734114	0.0246524	0.996997	-0.0520165	0.0527025	0.997255	-0.0734114	0.0246524	0.996997	-2.98582	3.02103	-4.21123	1.41262	-2.98582	3.02103	-4.21123	1.41262	99.4437	99.2505	154.858	90.1268	554.777	553.699	863.923	502.799	709.35	528.249	1	1	1
"
 tid_8864_time_14:6:54:739 DPETW@ "GAZE_LOG_CALI: 625.297	351.066	624.916	357.24	913.843	381.45	911.35	387.911	255.02	354.173	255.442	360.499	544.701	384.543	542.887	391.049	
24.4591	-155.915	310.961	-125.264	-412.212	-149.627	-124.717	-119.061	24.8403	-162.091	313.456	-131.727	-412.636	-155.954	-122.904	-125.567	5.64917	-36.2711	-588.087	72.169	-29.2832	-590.959	5.38254	-36.7601	-595.867	72.7932	-29.6753	-598.724	5.76462	-37.8955	-590.851	73.1073	-30.9438	-593.88	0.0740779	-0.220124	0.972655	0.0625983	-0.252793	0.965493	0.0740779	0.0391183	0.996485	0.0625983	0.00570861	0.998022	0.0740779	0.0391183	0.996485	0.0625983	0.00570861	0.998023	4.2515	2.24188	3.58902	0.327081	4.2515	2.24188	3.58902	0.327081	169.372	91.7888	230.706	79.5452	944.89	512.071	1287.06	443.766	1115.98	477.919	1	1	1
"
 tid_8864_time_14:6:54:760 DPETW@ "GAZE_LOG_CALI: 629.661	351.333	627.033	357.307	916.881	381.529	912.945	387.865	259.193	354.543	257.56	360.514	547.972	384.589	544.746	390.979	
26.5757	-155.849	312.556	-125.31	-410.094	-149.612	-122.858	-119.13	29.2038	-161.824	316.496	-131.649	-408.461	-155.584	-119.633	-125.521	6.13855	-36.2619	-588.095	72.586	-29.3153	-591.343	5.8785	-36.7507	-595.875	73.2153	-29.7075	-599.107	6.77413	-37.8056	-590.613	73.8588	-30.9465	-594.223	0.164608	-0.193885	0.967116	0.126651	-0.243879	0.9615	0.164608	0.0630291	0.984343	0.126651	0.0132859	0.991858	0.164608	0.0630291	0.984343	0.126651	0.0132859	0.991858	9.4935	3.6137	7.27676	0.761246	9.4935	3.6137	7.27676	0.761246	220.76	105.37	267.067	83.6599	1231.58	587.841	1489.92	466.722	1364.02	522.761	1	1	1
"
 tid_8864_time_14:6:54:782 DPETW@ "GAZE_LOG_CALI: 629.457	351.121	626.911	357.223	916.994	381.402	912.932	387.764	259.164	354.366	257.468	360.34	548.072	384.54	544.78	390.957	
26.454	-155.933	312.543	-125.411	-410.186	-149.786	-122.824	-119.153	28.9998	-162.036	316.608	-131.775	-408.49	-155.761	-119.533	-125.57	6.11093	-36.2942	-588.135	72.5908	-29.3328	-591.405	5.85052	-36.7834	-595.915	73.2202	-29.7252	-599.169	6.72904	-37.8667	-590.86	73.8829	-30.9661	-594.205	0.167536	-0.206579	0.963979	0.12845	-0.24051	0.96211	0.167536	0.0499558	0.984599	0.12845	0.0166978	0.991575	0.167536	0.0499558	0.984599	0.12845	0.0166978	0.991575	9.65678	2.86345	7.38108	0.956758	9.65678	2.86345	7.38108	0.956758	222.343	98.0461	268.103	85.5322	1240.41	546.98	1495.69	477.167	1373.08	505.071	1	1	1
"
 tid_8864_time_14:6:54:804 DPETW@ "GAZE_LOG_CALI: 629.657	350.957	627.11	357.027	917.191	381.26	913.228	387.667	259.268	354.251	257.644	360.187	548.327	384.389	544.899	390.93	
26.6526	-156.129	312.84	-125.508	-410.01	-149.939	-122.706	-119.179	29.2005	-162.2	316.805	-131.918	-408.386	-155.876	-119.278	-125.721	6.15628	-36.3329	-588.107	72.6294	-29.3352	-591.162	5.89647	-36.8227	-595.888	73.2596	-29.7278	-598.927	6.77438	-37.8903	-590.723	73.939	-31.0045	-594.285	0.164217	-0.199693	0.966	0.139744	-0.262577	0.954738	0.164217	0.0571305	0.984768	0.139744	-0.00652549	0.990166	0.164217	0.0571305	0.984768	0.139744	-0.00652549	0.990166	9.46735	3.27512	8.03322	-0.373886	9.46735	3.27512	8.03322	-0.373886	220.52	102	274.517	72.6397	1230.24	569.04	1531.48	405.242	1388.96	475.721	1	1	1
"
 tid_8864_time_14:6:54:826 DPETW@ "GAZE_LOG_CALI: 629.945	350.892	627.367	356.916	917.569	381.186	913.485	387.587	259.657	354.047	257.864	360.054	548.675	384.325	545.305	390.765	
26.9095	-156.24	313.097	-125.588	-409.79	-150.072	-122.3	-119.345	29.4878	-162.265	317.184	-131.992	-407.997	-156.081	-118.929	-125.785	6.21525	-36.3579	-588.055	72.715	-29.3739	-591.37	5.95621	-36.848	-595.836	73.346	-29.7669	-599.135	6.84285	-37.9306	-590.864	74.0223	-31.0184	-594.243	0.17167	-0.209603	0.962599	0.132739	-0.245644	0.960229	0.17167	0.0466782	0.984048	0.132739	0.0112513	0.991087	0.17167	0.0466782	0.984048	0.132739	0.0112513	0.991087	9.89583	2.67543	7.6284	0.644665	9.89583	2.67543	7.6284	0.644665	224.786	96.1904	270.651	82.4665	1254.04	536.627	1509.91	460.064	1389.21	488.371	1	1	1
"
 tid_8864_time_14:6:54:848 DPETW@ "GAZE_LOG_CALI: 630.375	350.583	627.744	356.633	917.982	381.022	913.903	387.407	259.973	353.881	258.176	359.834	549.085	384.112	545.696	390.643	
27.2873	-156.523	313.515	-125.768	-409.478	-150.292	-121.908	-119.467	29.9183	-162.574	317.597	-132.156	-407.681	-156.246	-118.519	-125.998	6.30107	-36.4109	-587.973	72.8078	-29.4073	-591.335	6.04315	-36.9019	-595.753	73.4402	-29.8008	-599.1	6.94114	-37.9754	-590.705	74.1187	-31.0626	-594.246	0.171409	-0.204923	0.963652	0.134082	-0.249319	0.959094	0.171409	0.0514707	0.983855	0.134082	0.00740841	0.990943	0.171409	0.0514707	0.983854	0.134082	0.00740841	0.990943	9.883	2.95036	7.70573	0.424475	9.883	2.95036	7.70573	0.424475	224.731	98.8286	271.499	80.2995	1253.73	551.345	1514.64	447.975	1391.48	489.673	1	1	1
"
 tid_8864_time_14:6:54:871 DPETW@ "GAZE_LOG_CALI: 630.902	350.135	628.294	356.202	918.469	380.7	914.419	387.14	260.569	353.455	258.834	359.336	549.722	383.843	546.321	390.249	
27.8367	-156.954	314.031	-126.035	-408.819	-150.79	-121.284	-119.861	30.4457	-163.023	318.085	-132.478	-407.085	-156.672	-117.882	-126.267	6.42979	-36.5278	-588.126	72.947	-29.492	-591.493	6.17368	-37.0203	-595.906	73.581	-29.8865	-599.257	7.0648	-38.0832	-590.801	74.2592	-31.1427	-594.46	0.168438	-0.200924	0.965017	0.135491	-0.250994	0.958459	0.168438	0.0556873	0.984138	0.135491	0.00562602	0.990763	0.168438	0.0556873	0.984138	0.135491	0.00562602	0.990763	9.71225	3.1923	7.78715	0.322349	9.71225	3.1923	7.78715	0.322349	223.2	101.02	272.457	79.183	1245.19	563.569	1519.98	441.746	1389.5	493.207	1	1	1
"
 tid_8864_time_14:6:54:892 DPETW@ "GAZE_LOG_CALI: 631.215	349.963	628.501	355.968	918.813	380.701	914.659	387.047	260.874	353.143	259.001	359.138	550.025	383.788	546.671	390.129	
28.0436	-157.188	314.271	-126.128	-408.652	-150.988	-120.934	-119.981	30.7585	-163.195	318.428	-132.476	-406.779	-156.984	-117.579	-126.322	6.47682	-36.5746	-588.074	73.0219	-29.5242	-591.644	6.22131	-37.0677	-595.855	73.6567	-29.919	-599.408	7.13692	-38.1392	-590.798	74.3324	-31.1459	-594.401	0.174434	-0.204146	0.963274	0.129978	-0.236002	0.963021	0.174434	0.052124	0.983288	0.129978	0.0212878	0.991288	0.174434	0.052124	0.983288	0.129978	0.0212878	0.991288	10.0595	2.98784	7.47003	1.21979	10.0595	2.98784	7.47003	1.21979	226.658	99.0255	269.436	87.8499	1264.48	552.444	1503.13	490.097	1389.24	514.108	1	1	1
"
 tid_8864_time_14:6:54:914 DPETW@ "GAZE_LOG_CALI: 631.402	349.813	628.768	355.882	918.997	380.683	915.037	387.09	261.128	353.095	259.237	359.1	550.213	383.754	546.863	390.126	
28.3111	-157.274	314.65	-126.086	-408.417	-151.026	-120.742	-119.983	30.945	-163.344	318.613	-132.495	-406.525	-157.032	-117.392	-126.356	6.53824	-36.5861	-588.029	73.0776	-29.5064	-591.379	6.28354	-37.0793	-595.809	73.7135	-29.9012	-599.143	7.18126	-38.1683	-590.893	74.3761	-31.1522	-594.405	0.175513	-0.212906	0.96118	0.133982	-0.252966	0.958153	0.175513	0.0431205	0.983532	0.133982	0.00364175	0.990977	0.175513	0.0431205	0.983532	0.133982	0.00364175	0.990977	10.118	2.47139	7.69982	0.208658	10.118	2.47139	7.69982	0.208658	227.289	94.0021	271.716	78.09	1268	524.419	1515.85	435.649	1401.56	466.644	1	1	1
"
 tid_8864_time_14:6:54:936 DPETW@ "GAZE_LOG_CALI: 631.493	349.816	628.916	355.862	919.059	380.748	915.116	387.201	261.23	353.061	259.432	359.047	550.349	383.785	546.992	390.143	
28.4588	-157.294	314.729	-125.974	-408.221	-151.079	-120.612	-119.967	31.0365	-163.341	318.675	-132.43	-406.423	-157.066	-117.255	-126.325	6.57336	-36.5985	-588.093	73.105	-29.4953	-591.456	6.31916	-37.0919	-595.873	73.7411	-29.8899	-599.22	7.20318	-38.1724	-590.901	74.4037	-31.1465	-594.511	0.171172	-0.209218	0.962771	0.134699	-0.255483	0.957384	0.171172	0.0470945	0.984115	0.134699	0.00101215	0.990886	0.171172	0.0470945	0.984115	0.134699	0.00101215	0.990886	9.86701	2.69931	7.74121	0.0579917	9.86701	2.69931	7.74121	0.0579917	224.861	96.174	272.161	76.6143	1254.45	536.535	1518.33	427.416	1395.4	469.347	1	1	1
"
 tid_8864_time_14:6:54:958 DPETW@ "GAZE_LOG_CALI: 631.607	349.715	628.959	355.693	919.117	380.681	915.201	387.058	261.304	352.973	259.575	358.93	550.435	383.722	547.013	390.128	
28.5019	-157.463	314.814	-126.117	-408.079	-151.196	-120.592	-119.981	31.1508	-163.442	318.733	-132.497	-406.349	-157.154	-117.17	-126.388	6.58487	-36.64	-588.231	73.1138	-29.5094	-591.371	6.33089	-37.1338	-596.011	73.7501	-29.9042	-599.135	7.22899	-38.1909	-590.847	74.422	-31.1636	-594.547	0.167954	-0.197684	0.96577	0.139836	-0.262106	0.954854	0.167954	0.0590117	0.984027	0.139836	-0.00604011	0.990156	0.167955	0.0590117	0.984027	0.139836	-0.00604011	0.990156	9.68595	3.38309	8.03848	-0.346075	9.68595	3.38309	8.03848	-0.346075	223.111	102.742	275.081	72.6854	1244.69	573.175	1534.62	405.497	1398.29	477.463	1	1	1
"
 tid_8864_time_14:6:54:980 DPETW@ "GAZE_LOG_CALI: 631.749	349.423	629.108	355.444	919.243	380.49	915.301	386.819	261.425	352.679	259.665	358.751	550.628	383.6	547.207	389.988	
28.6514	-157.712	314.914	-126.357	-407.989	-151.375	-120.398	-120.121	31.2923	-163.735	318.859	-132.688	-406.228	-157.449	-116.976	-126.51	6.6186	-36.6844	-588.147	73.1534	-29.56	-591.502	6.36503	-37.1789	-595.927	73.7901	-29.9554	-599.266	7.26118	-38.2576	-590.824	74.4634	-31.2053	-594.644	0.169319	-0.203819	0.964256	0.139242	-0.258479	0.955929	0.169319	0.0526934	0.984152	0.139242	-0.00225911	0.990256	0.169319	0.0526934	0.984152	0.139242	-0.00225911	0.990256	9.76193	3.02051	8.00399	-0.129437	9.76193	3.02051	8.00399	-0.129437	223.877	99.193	274.798	74.7129	1248.97	553.378	1533.04	416.808	1400.12	472.506	1	1	1
"
 tid_8864_time_14:6:55:6 DPETW@ "GAZE_LOG_CALI: 631.923	349.298	629.326	355.386	919.506	380.388	915.383	386.792	261.752	352.618	259.899	358.664	550.822	383.6	547.537	389.956	
28.8694	-157.77	314.996	-126.384	-407.754	-151.463	-120.067	-120.154	31.4661	-163.86	319.122	-132.79	-405.901	-157.509	-116.782	-126.509	6.66856	-36.7034	-588.181	73.2155	-29.5842	-591.848	6.41568	-37.1981	-595.962	73.8526	-29.9796	-599.612	7.30416	-38.2928	-591.035	74.5128	-31.212	-594.546	0.173386	-0.213631	0.961405	0.12561	-0.234491	0.963969	0.173386	0.042478	0.983938	0.12561	0.022993	0.991813	0.173386	0.042478	0.983938	0.12561	0.022993	0.991813	9.99383	2.43454	7.21792	1.31752	9.99383	2.43454	7.21792	1.31752	226.217	93.4855	267.181	88.6873	1262.02	521.537	1490.55	494.769	1382.25	499.958	1	1	1
"
 tid_8864_time_14:6:55:28 DPETW@ "GAZE_LOG_CALI: 632.101	349.258	629.436	355.392	919.737	380.397	915.513	386.9	261.982	352.602	260.075	358.633	550.987	383.658	547.757	389.996	
28.9796	-157.765	315.126	-126.275	-407.578	-151.493	-119.847	-120.114	31.6445	-163.9	319.353	-132.781	-405.671	-157.525	-116.618	-126.452	6.69561	-36.7115	-588.266	73.2614	-29.5731	-591.975	6.44314	-37.2062	-596.046	73.899	-29.9683	-599.739	7.34626	-38.3041	-591.11	74.5554	-31.1996	-594.46	0.175829	-0.213741	0.960936	0.120214	-0.225515	0.966794	0.175829	0.0422506	0.983514	0.120214	0.0323936	0.992219	0.175829	0.0422506	0.983514	0.120214	0.0323936	0.992219	10.1361	2.4215	6.90807	1.85634	10.1361	2.4215	6.90807	1.85634	227.662	93.3428	264.204	93.9059	1270.08	520.741	1473.94	523.882	1376.48	516.264	1	1	1
"
 tid_8864_time_14:6:55:50 DPETW@ "GAZE_LOG_CALI: 632.268	349.261	629.609	355.348	919.883	380.473	915.668	386.897	262.152	352.587	260.238	358.608	551.179	383.707	547.866	390.001	
29.1516	-157.808	315.282	-126.279	-407.415	-151.519	-119.738	-120.108	31.8114	-163.896	319.499	-132.705	-405.501	-157.54	-116.425	-126.403	6.73495	-36.7189	-588.257	73.2897	-29.5698	-591.914	6.483	-37.2138	-596.037	73.9278	-29.965	-599.677	7.38532	-38.3055	-591.113	74.5976	-31.1882	-594.522	0.176101	-0.213074	0.961035	0.125409	-0.229023	0.965309	0.176101	0.04292	0.983436	0.125409	0.0286212	0.991692	0.176101	0.04292	0.983436	0.125409	0.0286212	0.991692	10.1522	2.45989	7.20733	1.6401	10.1522	2.45989	7.20733	1.6401	227.859	93.7121	267.16	91.8279	1271.18	522.801	1490.43	512.289	1386.32	510.17	1	1	1
"
 tid_8864_time_14:6:55:72 DPETW@ "GAZE_LOG_CALI: 632.269	349.201	629.63	355.281	919.853	380.357	915.672	386.757	262.098	352.488	260.243	358.495	551.161	383.6	547.84	389.958	
29.1727	-157.875	315.285	-126.418	-407.41	-151.631	-119.765	-120.151	31.8126	-163.957	319.469	-132.821	-405.556	-157.639	-116.443	-126.51	6.73954	-36.7384	-588.235	73.2855	-29.5892	-591.877	6.48764	-37.2335	-596.016	73.9236	-29.9847	-599.641	7.38464	-38.3191	-591.036	74.5929	-31.2154	-594.543	0.17334	-0.20979	0.962258	0.126594	-0.232775	0.964256	0.17334	0.0464092	0.983768	0.126594	0.0247247	0.991646	0.17334	0.0464092	0.983768	0.126594	0.0247247	0.991646	9.99298	2.66001	7.27506	1.41677	9.99298	2.66001	7.27506	1.41677	226.288	95.6327	267.816	89.6438	1262.42	533.516	1494.09	500.105	1383.64	509.558	1	1	1
"
 tid_8864_time_14:6:55:94 DPETW@ "GAZE_LOG_CALI: 632.239	348.991	629.485	355.066	919.711	380.239	915.545	386.605	262.037	352.177	260.139	358.218	551.118	383.367	547.788	389.896	
29.0279	-158.091	315.158	-126.571	-407.514	-151.908	-119.816	-120.214	31.7821	-164.166	319.327	-132.939	-405.616	-157.95	-116.487	-126.743	6.70704	-36.7987	-588.288	73.2688	-29.6193	-591.978	6.45473	-37.2946	-596.069	73.9065	-30.0152	-599.742	7.37723	-38.377	-590.994	74.5768	-31.2635	-594.676	0.175048	-0.205405	0.962895	0.127416	-0.237287	0.963047	0.175048	0.0508094	0.983248	0.127416	0.020053	0.991647	0.175048	0.0508094	0.983248	0.127416	0.020053	0.991647	10.0946	2.91242	7.32178	1.14903	10.0946	2.91242	7.32178	1.14903	227.264	98.0274	268.269	86.9835	1267.86	546.875	1496.62	485.264	1387.99	508.388	1	1	1
"
 tid_8864_time_14:6:55:116 DPETW@ "GAZE_LOG_CALI: 632.147	348.916	629.437	354.968	919.696	380.166	915.453	386.522	261.987	352.187	260.059	358.144	551.118	383.29	547.733	389.798	
28.9803	-158.189	315.066	-126.654	-407.594	-151.982	-119.872	-120.312	31.6908	-164.241	319.312	-133.012	-405.667	-157.94	-116.487	-126.82	6.69539	-36.8159	-588.245	73.2537	-29.643	-592.03	6.4429	-37.3121	-596.025	73.8912	-30.0391	-599.794	7.35652	-38.3882	-591.052	74.5761	-31.2823	-594.702	0.17671	-0.208144	0.962003	0.129588	-0.235212	0.963266	0.17671	0.0479331	0.983095	0.129588	0.0221141	0.991321	0.17671	0.0479332	0.983095	0.129588	0.0221141	0.991321	10.19	2.74742	7.44764	1.26715	10.19	2.74742	7.44764	1.26715	228.186	96.4208	269.495	88.1023	1273	537.912	1503.46	491.505	1394.57	506.345	1	1	1
"
 tid_8864_time_14:6:55:138 DPETW@ "GAZE_LOG_CALI: 631.964	348.942	629.363	355.028	919.521	380.159	915.388	386.504	261.957	352.188	260.008	358.143	550.991	383.277	547.655	389.724	
28.906	-158.128	315.002	-126.671	-407.645	-151.983	-119.949	-120.386	31.5072	-164.216	319.137	-133.019	-405.696	-157.939	-116.613	-126.833	6.67855	-36.8111	-588.278	73.2366	-29.6529	-592.014	6.42585	-37.3072	-596.058	73.8739	-30.0492	-599.778	7.31674	-38.3988	-591.26	74.5436	-31.288	-594.765	0.178136	-0.218259	0.959495	0.128628	-0.237959	0.96272	0.178136	0.037514	0.98329	0.128628	0.0193198	0.991505	0.178136	0.037514	0.98329	0.128628	0.0193198	0.991505	10.2685	2.1499	7.39173	1.10701	10.2685	2.1499	7.39173	1.10701	228.95	90.6073	268.926	86.5344	1277.27	505.48	1500.29	482.758	1396.92	482.984	1	1	1
"
 tid_8864_time_14:6:55:159 DPETW@ "GAZE_LOG_CALI: 631.797	348.997	629.145	355.139	919.243	380.168	915.284	386.505	261.823	352.204	259.922	358.201	550.848	383.3	547.52	389.728	
28.6885	-158.018	314.897	-126.671	-407.732	-151.925	-120.085	-120.381	31.3408	-164.16	318.859	-133.01	-405.83	-157.923	-116.756	-126.81	6.63063	-36.8026	-588.454	73.2067	-29.6499	-591.966	6.37737	-37.2984	-596.234	73.8436	-30.0462	-599.73	7.27858	-38.3933	-591.305	74.502	-31.2942	-594.952	0.175689	-0.213446	0.961028	0.132153	-0.250487	0.959058	0.175689	0.0425597	0.983525	0.132153	0.0062701	0.99121	0.175689	0.0425596	0.983525	0.132153	0.0062701	0.99121	10.128	2.43923	7.59415	0.359252	10.128	2.43923	7.59415	0.359252	227.545	93.3836	270.879	79.2668	1269.43	520.968	1511.18	442.214	1399.67	468.567	1	1	1
"
 tid_8864_time_14:6:55:181 DPETW@ "GAZE_LOG_CALI: 631.663	348.965	629.057	355.007	919.125	380.105	915.136	386.44	261.701	352.108	259.849	358.12	550.739	383.238	547.385	389.659	
28.6	-158.149	314.749	-126.735	-407.805	-152.006	-120.219	-120.451	31.2061	-164.192	318.741	-133.073	-405.952	-158.019	-116.866	-126.872	6.61012	-36.8287	-588.479	73.1744	-29.6664	-591.982	6.35659	-37.3249	-596.259	73.8109	-30.0628	-599.746	7.24718	-38.4098	-591.328	74.4761	-31.3096	-594.967	0.173705	-0.211607	0.961795	0.133472	-0.250191	0.958952	0.173705	0.0445343	0.98379	0.133472	0.00652874	0.991031	0.173705	0.0445343	0.98379	0.133472	0.00652874	0.991031	10.0133	2.55247	7.67044	0.374072	10.0133	2.55247	7.67044	0.374072	226.395	94.4461	271.598	79.3918	1263.01	526.896	1515.19	442.911	1398.08	472.456	1	1	1
"
 tid_8864_time_14:6:55:204 DPETW@ "GAZE_LOG_CALI: 631.651	348.88	628.969	354.886	919.068	379.923	915.071	386.313	261.662	352.09	259.842	358.038	550.755	383.079	547.351	389.398	
28.5119	-158.27	314.684	-126.863	-407.811	-152.088	-120.254	-120.711	31.1945	-164.278	318.684	-133.255	-405.991	-158.037	-116.85	-127.03	6.59123	-36.8591	-588.589	73.1645	-29.7134	-592.019	6.3375	-37.3555	-596.37	73.8008	-30.1105	-599.783	7.24436	-38.419	-591.285	74.4755	-31.3548	-595.068	0.171969	-0.201657	0.964241	0.13704	-0.252732	0.957782	0.171969	0.0547784	0.983578	0.13704	0.00377207	0.990558	0.171969	0.0547784	0.983578	0.13704	0.00377207	0.990558	9.91738	3.14014	7.87666	0.216124	9.91738	3.14014	7.87666	0.216124	225.447	100.108	273.62	77.7979	1257.73	558.48	1526.47	434.019	1400.34	485.118	1	1	1
"
 tid_8864_time_14:6:55:226 DPETW@ "GAZE_LOG_CALI: 631.774	348.726	629.071	354.722	919.137	379.757	915.241	386.141	261.827	351.893	259.888	357.953	550.867	382.915	547.529	389.249	
28.6143	-158.435	314.854	-127.035	-407.766	-152.174	-120.076	-120.861	31.3172	-164.432	318.753	-133.421	-405.827	-158.234	-116.738	-127.195	6.61371	-36.8834	-588.515	73.2057	-29.7518	-592.036	6.36025	-37.3802	-596.295	73.8426	-30.1493	-599.8	7.27384	-38.4634	-591.34	74.4991	-31.3966	-595.129	0.177277	-0.210181	0.961456	0.134561	-0.255634	0.957363	0.177277	0.045824	0.983094	0.134561	0.000860557	0.990905	0.177277	0.045824	0.983094	0.134561	0.000860557	0.990905	10.2221	2.62644	7.73325	0.0493063	10.2221	2.62644	7.73325	0.0493063	228.463	95.1211	272.251	76.1294	1274.55	530.662	1518.83	424.711	1406.95	463.537	1	1	1
"
 tid_8864_time_14:6:55:248 DPETW@ "GAZE_LOG_CALI: 631.956	348.61	629.292	354.601	919.439	379.668	915.377	386.019	261.973	351.865	260.103	357.863	551.105	382.784	547.806	389.083	
28.835	-158.555	314.99	-127.157	-407.55	-152.263	-119.799	-121.026	31.4998	-164.547	319.056	-133.51	-405.68	-158.263	-116.5	-127.326	6.66487	-36.9071	-588.505	73.2619	-29.795	-592.233	6.41209	-37.4043	-596.285	73.8993	-30.193	-599.997	7.31521	-38.4773	-591.296	74.5584	-31.4172	-595.031	0.174271	-0.20706	0.962681	0.127814	-0.237381	0.962971	0.174271	0.0491555	0.98347	0.127814	0.0199429	0.991598	0.174271	0.0491555	0.98347	0.127814	0.0199429	0.991598	10.0485	2.81754	7.34477	1.14272	10.0485	2.81754	7.34477	1.14272	226.799	96.9466	268.513	86.6889	1265.27	540.846	1497.98	483.62	1387.65	504.114	1	1	1
"
 tid_8864_time_14:6:55:270 DPETW@ "GAZE_LOG_CALI: 631.931	348.57	629.284	354.385	919.665	379.811	915.842	385.872	261.958	351.791	260.229	357.577	551.34	382.915	548.186	389.05	
28.8271	-158.772	315.456	-127.304	-407.424	-152.549	-119.418	-121.06	31.4742	-164.587	319.281	-133.367	-405.695	-158.336	-116.264	-127.195	6.66502	-36.9771	-588.694	73.3558	-29.8102	-592.118	6.41233	-37.4751	-596.474	73.9945	-30.2085	-599.882	7.30937	-38.4916	-591.313	74.6134	-31.3863	-595.055	0.168107	-0.190499	0.967187	0.123614	-0.23525	0.964042	0.168107	0.066318	0.983535	0.123614	0.022278	0.99208	0.168107	0.066318	0.983535	0.123614	0.022278	0.99208	9.69935	3.80253	7.10249	1.27654	9.69935	3.80253	7.10249	1.27654	223.386	106.403	266.215	87.9987	1246.22	593.602	1485.16	490.927	1368.09	539.091	1	1	1
"
 tid_8864_time_14:6:55:292 DPETW@ "GAZE_LOG_CALI: 631.349	348.746	629.423	353.391	920.274	379.067	915.99	384.923	261.829	352.332	260.628	356.591	551.883	382.75	548.61	387.972	
28.9658	-159.766	315.603	-128.253	-407.026	-153.536	-118.994	-122.138	30.8926	-164.412	319.891	-134.112	-405.824	-157.795	-115.722	-127.36	6.70096	-37.2296	-589.061	73.4389	-30.0665	-592.516	6.44892	-37.7306	-596.841	74.0783	-30.468	-600.279	7.18149	-38.4485	-591.937	74.7445	-31.4882	-594.97	0.146227	-0.143299	0.978817	0.122308	-0.187312	0.974656	0.146227	0.114921	0.982553	0.122308	0.07133	0.989926	0.146227	0.114921	0.982553	0.122308	0.07133	0.989926	8.46483	6.59904	7.04337	4.09038	8.46483	6.59904	7.04337	4.09038	211.349	133.253	265.758	115.119	1179.07	743.393	1482.61	642.229	1330.84	692.811	1	1	1
"
 tid_8864_time_14:6:55:481 DPETW@ "GAZE_LOG_CALI: 632.933	347.983	630.42	354.017	920.668	379.828	916.836	385.965	261.778	352.135	261.33	357.18	536.663	382.2	549.225	389.11	
29.9632	-159.14	316.45	-127.211	-406.323	-152.946	-118.379	-121	32.4768	-165.175	320.285	-133.35	-405.875	-157.992	-130.942	-127.91	6.92741	-37.0627	-588.649	73.5956	-29.7958	-592.188	6.67823	-37.5618	-596.429	74.2374	-30.1938	-599.951	7.52092	-38.4142	-589.688	72.1842	-30.3547	-573.866	0.123077	-0.124485	0.984559	-0.0784699	-0.00614731	0.996898	0.123077	0.134579	0.98323	-0.0784699	0.252078	0.96452	0.123077	0.134579	0.98323	-0.0784699	0.252078	0.96452	7.13496	7.73429	-4.65113	14.6005	7.13496	7.73429	-4.65113	14.6005	198.562	144.398	152.465	220.231	1107.74	805.569	850.569	1080	979.153	942.785	1	1	1
"
 tid_8864_time_14:6:55:503 DPETW@ "GAZE_LOG_CALI: 633.123	348.09	630.357	354.239	920.891	380.035	916.798	386.272	263.284	351.682	261.324	357.515	536.485	378.802	549.139	389.413	
29.9005	-158.918	316.412	-126.904	-406.329	-152.612	-118.465	-120.696	32.6667	-165.068	320.508	-133.143	-404.369	-158.445	-131.12	-131.308	6.91381	-37.003	-588.726	73.5783	-29.7211	-592.119	6.66448	-37.5013	-596.506	74.22	-30.1182	-599.882	7.58858	-38.5721	-591.502	72.1679	-30.6834	-573.256	0.177694	-0.205898	0.962305	-0.0768253	-0.0211609	0.99682	0.177694	0.0501809	0.982805	-0.0768253	0.237556	0.968331	0.177694	0.0501809	0.982805	-0.0768253	0.237556	0.968331	10.2485	2.87636	-4.53622	13.7423	10.2485	2.87636	-4.53622	13.7423	229.06	97.3957	153.568	211.44	1277.88	543.351	856.726	1080	1067.3	811.675	1	1	1
"
 tid_8864_time_14:6:55:555 DPETW@ "GAZE_LOG_CALI: 632.734	348.496	629.925	354.624	920.469	380.316	916.315	386.481	262.705	351.99	260.806	357.848	552.043	383.466	548.713	389.752	
29.4683	-158.532	315.928	-126.695	-406.848	-152.278	-118.891	-120.357	32.2773	-164.661	320.086	-132.862	-404.948	-158.138	-115.561	-126.643	6.81227	-36.9123	-588.606	73.4754	-29.6614	-592.199	6.56152	-37.4095	-596.387	74.1156	-30.0576	-599.963	7.49471	-38.4721	-591.239	74.784	-31.2553	-594.917	0.174816	-0.199063	0.964268	0.127831	-0.229061	0.964982	0.174816	0.057291	0.982933	0.127831	0.0284995	0.991386	0.174816	0.057291	0.982933	0.127831	0.0284995	0.991386	10.0847	3.28433	7.34726	1.63312	10.0847	3.28433	7.34726	1.63312	227.322	101.473	268.754	91.6088	1268.19	566.095	1499.32	511.067	1387.73	533.501	1	1	1
"
 tid_8864_time_14:6:55:577 DPETW@ "GAZE_LOG_CALI: 632.603	348.783	629.814	354.706	920.246	380.288	916.166	386.511	262.498	351.995	260.689	357.87	551.849	383.419	548.527	389.786	
29.3574	-158.45	315.78	-126.665	-406.965	-152.256	-119.078	-120.324	32.1469	-164.374	319.862	-132.89	-405.155	-158.133	-115.756	-126.691	6.7869	-36.8995	-588.593	73.4343	-29.6514	-592.149	6.5358	-37.3965	-596.373	74.0741	-30.0476	-599.912	7.46369	-38.431	-591.128	74.7368	-31.2662	-594.957	0.171014	-0.190667	0.966644	0.128788	-0.236823	0.962979	0.171014	0.0660158	0.983054	0.128788	0.0204837	0.991461	0.171014	0.0660158	0.983054	0.128788	0.0204837	0.991461	9.86854	3.78518	7.40111	1.17371	9.86854	3.78518	7.40111	1.17371	225.163	106.35	269.235	87.1539	1256.14	593.303	1502.01	486.214	1382.61	535.203	1	1	1
"
 tid_8864_time_14:6:55:600 DPETW@ "GAZE_LOG_CALI: 632.704	348.914	629.833	354.837	920.293	380.406	916.218	386.731	262.544	352.161	260.699	357.963	551.872	383.662	548.544	389.878	
29.3763	-158.319	315.832	-126.445	-406.955	-152.164	-119.061	-120.232	32.2473	-164.243	319.909	-132.772	-405.109	-157.966	-115.732	-126.448	6.79081	-36.8731	-588.585	73.4402	-29.6125	-592.095	6.53975	-37.3698	-596.366	74.0801	-30.0081	-599.859	7.48584	-38.3916	-591.055	74.7435	-31.2221	-594.921	0.172315	-0.186109	0.967301	0.129358	-0.236716	0.962929	0.172315	0.0705879	0.982509	0.129358	0.0205744	0.991385	0.172315	0.070588	0.982509	0.129358	0.0205744	0.991385	9.9475	4.04776	7.43406	1.17891	9.9475	4.04776	7.43406	1.17891	225.945	108.949	269.56	87.2564	1260.5	607.803	1503.82	486.786	1385.3	543.339	1	1	1
"
 tid_8864_time_14:6:55:622 DPETW@ "GAZE_LOG_CALI: 632.894	348.983	630.006	354.911	920.423	380.653	916.434	386.831	262.707	352.274	260.868	358.047	552.059	383.744	548.744	389.95	
29.5492	-158.245	316.047	-126.344	-406.785	-152.079	-118.86	-120.16	32.4375	-164.174	320.04	-132.525	-404.946	-157.853	-115.545	-126.366	6.831	-36.8543	-588.578	73.4879	-29.5914	-592.077	6.58048	-37.3507	-596.358	74.1285	-29.9868	-599.841	7.52978	-38.3678	-591.013	74.7842	-31.188	-595.007	0.171893	-0.184162	0.967749	0.13052	-0.23909	0.962185	0.171893	0.072585	0.982438	0.13052	0.0180886	0.991281	0.171893	0.072585	0.982438	0.13052	0.0180886	0.991281	9.92432	4.16247	7.50089	1.03646	9.92432	4.16247	7.50089	1.03646	225.757	110.086	270.263	85.8948	1259.45	614.149	1507.74	479.19	1386.89	542.525	1	1	1
"
 tid_8864_time_14:6:55:644 DPETW@ "GAZE_LOG_CALI: 633.254	348.914	630.477	354.819	920.804	380.654	916.768	386.824	263.051	352.193	261.032	358.034	552.379	383.721	548.89	389.96	
30.0203	-158.337	316.382	-126.352	-406.621	-152.092	-118.715	-120.149	32.7978	-164.244	320.421	-132.524	-404.602	-157.934	-115.225	-126.389	6.93421	-36.8405	-588.164	73.533	-29.578	-591.815	6.6849	-37.3371	-595.944	74.1745	-29.9734	-599.579	7.61282	-38.3842	-590.997	74.8627	-31.186	-594.919	0.180515	-0.203693	0.962249	0.141492	-0.2493	0.958034	0.180515	0.0522966	0.982181	0.141492	0.0071522	0.989914	0.180515	0.0522966	0.982181	0.141492	0.0071522	0.989914	10.4141	2.99774	8.13442	0.409794	10.4141	2.99774	8.13442	0.409794	230.626	98.872	276.509	79.8729	1286.62	551.587	1542.59	445.595	1424.61	485.795	1	1	1
"
 tid_8864_time_14:6:55:666 DPETW@ "GAZE_LOG_CALI: 633.403	348.826	630.69	354.678	920.939	380.567	916.921	386.784	263.232	352.1	261.294	357.954	552.536	383.608	549.079	389.894	
30.2334	-158.479	316.535	-126.391	-406.359	-152.173	-118.526	-120.216	32.9466	-164.332	320.556	-132.611	-404.42	-158.027	-115.068	-126.502	6.98468	-36.87	-588.225	73.5748	-29.5926	-591.861	6.73607	-37.367	-596.005	74.2167	-29.9882	-599.624	7.64813	-38.4081	-591.041	74.8983	-31.2111	-594.952	0.176983	-0.202037	0.963254	0.139733	-0.250719	0.957922	0.176983	0.0541557	0.982723	0.139733	0.00575273	0.990173	0.176983	0.0541557	0.982723	0.139733	0.00575273	0.990173	10.2092	3.10441	8.03253	0.329609	10.2092	3.10441	8.03253	0.329609	228.662	99.8504	275.553	79.0642	1275.66	557.045	1537.26	441.083	1415.69	487.057	1	1	1
"
 tid_8864_time_14:6:55:688 DPETW@ "GAZE_LOG_CALI: 633.564	348.773	630.741	354.625	921.089	380.521	917.125	386.735	263.342	352.034	261.463	357.878	552.656	383.581	549.223	389.847	
30.2842	-158.532	316.739	-126.441	-406.19	-152.248	-118.381	-120.263	33.1071	-164.385	320.706	-132.657	-404.31	-158.093	-114.949	-126.529	6.9987	-36.8949	-588.385	73.6121	-29.5999	-591.782	6.75035	-37.392	-596.165	74.2546	-29.9956	-599.546	7.68441	-38.4175	-590.973	74.9277	-31.2171	-594.902	0.173813	-0.190821	0.966114	0.138821	-0.251922	0.957739	0.173813	0.0657299	0.982583	0.138821	0.00454262	0.990307	0.173813	0.0657299	0.982583	0.138821	0.00454262	0.990307	10.0315	3.76876	7.97973	0.260274	10.0315	3.76876	7.97973	0.260274	226.949	106.252	275.06	78.4005	1266.1	592.761	1534.51	437.381	1407.6	505.714	1	1	1
"
 tid_8864_time_14:6:55:710 DPETW@ "GAZE_LOG_CALI: 633.565	348.858	630.792	354.759	921.1	380.709	917.149	386.857	263.299	352.007	261.477	357.975	552.688	383.729	549.24	389.957	
30.3348	-158.397	316.763	-126.319	-406.176	-152.151	-118.364	-120.152	33.1086	-164.299	320.716	-132.469	-404.354	-158.12	-114.916	-126.38	7.00997	-36.8649	-588.333	73.6165	-29.5724	-591.773	6.76175	-37.3616	-596.113	74.2591	-29.9677	-599.537	7.6843	-38.4065	-590.908	74.9343	-31.1796	-594.939	0.171207	-0.193915	0.965963	0.140592	-0.252336	0.957372	0.171207	0.0627017	0.983238	0.140592	0.00404862	0.990059	0.171207	0.0627017	0.983238	0.140592	0.00404862	0.990059	9.87766	3.5949	8.08218	0.231969	9.87766	3.5949	8.08218	0.231969	225.436	104.58	276.073	78.1544	1257.66	583.433	1540.16	436.008	1406.55	499.794	1	1	1
"
 tid_8864_time_14:6:55:732 DPETW@ "GAZE_LOG_CALI: 633.497	348.915	630.711	354.866	921.05	380.827	917.008	386.932	263.212	352.231	261.239	358.071	552.568	383.884	549.067	390.096	
30.2538	-158.291	316.622	-126.244	-406.414	-152.055	-118.537	-120.013	33.041	-164.243	320.667	-132.351	-404.44	-157.896	-115.036	-126.226	6.98837	-36.8281	-588.119	73.5777	-29.5449	-591.721	6.73977	-37.3245	-595.899	74.2199	-29.9399	-599.485	7.66727	-38.3729	-590.894	74.9101	-31.1423	-594.836	0.178462	-0.201708	0.96305	0.142265	-0.247829	0.958302	0.178462	0.0544202	0.982441	0.142265	0.0086426	0.989791	0.178462	0.0544202	0.982441	0.142264	0.0086426	0.989791	10.2956	3.11959	8.17921	0.495191	10.2956	3.11959	8.17921	0.495191	229.503	100.07	276.984	80.7625	1280.35	558.271	1545.24	450.558	1422.11	492.566	1	1	1
"
 tid_8864_time_14:6:55:754 DPETW@ "GAZE_LOG_CALI: 633.166	349.029	630.366	354.932	920.81	380.867	916.755	387.031	262.904	352.306	260.976	358.11	552.273	383.914	548.872	390.108	
29.909	-158.224	316.368	-126.145	-406.677	-152.016	-118.732	-120.001	32.7092	-164.129	320.427	-132.31	-404.749	-157.821	-115.332	-126.196	6.90962	-36.8233	-588.237	73.5289	-29.536	-591.802	6.66001	-37.3195	-596.017	74.1703	-29.9308	-599.565	7.59132	-38.3524	-590.915	74.8442	-31.1302	-594.76	0.176105	-0.195308	0.964802	0.134838	-0.23996	0.961373	0.176105	0.0610564	0.982476	0.134838	0.0170383	0.990721	0.176105	0.0610564	0.982476	0.134838	0.0170383	0.990721	10.1621	3.50045	7.75038	0.976273	10.1621	3.50045	7.75038	0.976273	228.125	103.75	272.724	85.4347	1272.67	578.802	1521.47	476.623	1403	520.214	1	1	1
"
 tid_8864_time_14:6:55:776 DPETW@ "GAZE_LOG_CALI: 632.809	349.043	630.022	354.976	920.486	380.86	916.41	387.068	262.554	352.317	260.713	358.155	551.902	383.923	548.579	390.143	
29.5652	-158.181	316.024	-126.108	-406.94	-151.971	-119.026	-119.967	32.3522	-164.114	320.103	-132.318	-405.099	-157.81	-115.702	-126.187	6.83181	-36.8196	-588.341	73.4573	-29.5311	-591.869	6.5812	-37.3157	-596.121	74.0977	-29.9258	-599.633	7.50846	-38.3501	-590.924	74.7603	-31.1268	-594.698	0.172368	-0.192284	0.966083	0.12935	-0.234448	0.963485	0.172368	0.064309	0.982931	0.12935	0.0229086	0.991334	0.172368	0.064309	0.982931	0.12935	0.0229086	0.991334	9.94635	3.68718	7.43397	1.31268	9.94635	3.68718	7.43397	1.31268	225.936	105.531	269.551	88.6937	1260.45	588.736	1503.77	494.804	1385.7	537.194	1	1	1
"
 tid_8864_time_14:6:55:798 DPETW@ "GAZE_LOG_CALI: 632.376	349.015	629.6	354.982	920.034	380.747	916.01	387.009	262.094	352.345	260.152	358.146	551.541	383.89	547.991	390.069	
29.1436	-158.175	315.624	-126.166	-407.502	-151.98	-119.613	-120.04	31.9195	-164.142	319.651	-132.431	-405.559	-157.782	-116.063	-126.22	6.73243	-36.8076	-588.142	73.3316	-29.5336	-591.607	6.48039	-37.3038	-595.922	73.9706	-29.9285	-599.371	7.40756	-38.3475	-590.884	74.6701	-31.1502	-594.819	0.177345	-0.199636	0.963688	0.146815	-0.256393	0.955357	0.177345	0.0565868	0.98252	0.146815	-0.000392005	0.989164	0.177345	0.0565868	0.98252	0.146815	-0.000392005	0.989164	10.2318	3.24392	8.44241	-0.0224602	10.2318	3.24392	8.44241	-0.0224602	228.617	101.291	279.314	75.7539	1275.41	565.083	1558.24	422.616	1427.46	480.201	1	1	1
"
 tid_8864_time_14:6:55:820 DPETW@ "GAZE_LOG_CALI: 632.176	349.012	629.34	354.972	919.859	380.733	915.792	386.931	261.888	352.346	259.937	358.115	551.228	383.839	547.856	390.035	
28.8833	-158.184	315.406	-126.245	-407.716	-152.012	-119.749	-120.074	31.719	-164.145	319.475	-132.445	-405.765	-157.781	-116.376	-126.271	6.6725	-36.8167	-588.212	73.2953	-29.5526	-591.727	6.41969	-37.3129	-595.992	73.9337	-29.9477	-599.491	7.36116	-38.347	-590.872	74.6049	-31.1478	-594.625	0.177385	-0.194833	0.964663	0.132736	-0.237311	0.962323	0.177385	0.061479	0.982219	0.132736	0.0198427	0.990953	0.177385	0.061479	0.982219	0.132736	0.0198427	0.990953	10.2371	3.52471	7.62921	1.13698	10.2371	3.52471	7.62921	1.13698	228.621	104.006	271.286	86.9995	1275.43	580.231	1513.45	485.353	1399.73	526.13	1	1	1
"
 tid_8864_time_14:6:55:842 DPETW@ "GAZE_LOG_CALI: 632.078	349.154	629.267	355.018	919.837	380.722	915.775	386.95	261.775	352.327	259.885	358.177	551.154	383.81	547.831	390.038	
28.8101	-158.139	315.388	-126.226	-407.768	-151.949	-119.773	-120.071	31.6218	-164.003	319.453	-132.456	-405.878	-157.8	-116.451	-126.3	6.65624	-36.8057	-588.236	73.2899	-29.5495	-591.715	6.40323	-37.3018	-596.016	73.9282	-29.9445	-599.479	7.33822	-38.3315	-590.853	74.5905	-31.1485	-594.551	0.174852	-0.192576	0.965578	0.129462	-0.235351	0.963249	0.174852	0.0638956	0.982519	0.129462	0.0219753	0.991341	0.174852	0.0638956	0.982519	0.129462	0.0219753	0.991341	10.0909	3.66344	7.44029	1.25919	10.0909	3.66344	7.44029	1.25919	227.167	105.35	269.423	88.1912	1267.32	587.725	1503.06	492.001	1389.16	534.811	1	1	1
"
 tid_8864_time_14:6:55:864 DPETW@ "GAZE_LOG_CALI: 632.157	349.054	629.373	355.035	919.946	380.671	915.856	386.901	261.842	352.39	259.934	358.162	551.226	383.737	547.881	390.015	
28.9165	-158.121	315.469	-126.274	-407.719	-151.965	-119.723	-120.094	31.7006	-164.103	319.562	-132.506	-405.811	-157.738	-116.379	-126.373	6.67988	-36.8006	-588.158	73.3036	-29.5558	-591.676	6.42714	-37.2967	-595.938	73.9422	-29.951	-599.44	7.35583	-38.3352	-590.842	74.6096	-31.1603	-594.499	0.175806	-0.196594	0.964595	0.1301	-0.235728	0.963071	0.175806	0.05976	0.982609	0.1301	0.0215659	0.991266	0.175806	0.05976	0.982609	0.1301	0.0215659	0.991266	10.1439	3.42604	7.47709	1.23573	10.1439	3.42604	7.47709	1.23573	227.7	103.061	269.793	87.9666	1270.29	574.957	1505.12	490.748	1392.47	526.768	1	1	1
"
 tid_8864_time_14:6:55:886 DPETW@ "GAZE_LOG_CALI: 632.314	349.102	629.533	354.975	920.085	380.673	916.045	386.919	261.984	352.351	260.02	358.153	551.378	383.691	547.937	390.01	
29.0763	-158.182	315.659	-126.257	-407.633	-151.973	-119.668	-120.1	31.8571	-164.055	319.701	-132.505	-405.669	-157.776	-116.227	-126.418	6.71543	-36.8024	-588.058	73.3243	-29.5449	-591.484	6.46313	-37.2985	-595.838	73.9633	-29.94	-599.248	7.39179	-38.3329	-590.825	74.6445	-31.1666	-594.52	0.178504	-0.198828	0.963641	0.138122	-0.248696	0.958683	0.178504	0.0573559	0.982266	0.138122	0.00790343	0.990384	0.178504	0.0573559	0.982266	0.138122	0.00790343	0.990384	10.2998	3.28805	7.93944	0.452838	10.2998	3.28805	7.93944	0.452838	229.257	101.75	274.334	80.406	1278.98	567.645	1530.46	448.569	1413	497.462	1	1	1
"
 tid_8864_time_14:6:55:907 DPETW@ "GAZE_LOG_CALI: 632.437	349.091	629.684	355.053	920.222	380.741	916.207	386.939	262.045	352.368	260.116	358.253	551.461	383.736	548.011	390.071	
29.227	-158.104	315.82	-126.237	-407.537	-151.874	-119.593	-120.038	31.9806	-164.067	319.839	-132.437	-405.608	-157.759	-116.143	-126.374	6.74929	-36.7772	-587.984	73.3469	-29.5296	-591.368	6.49741	-37.2731	-595.764	73.9864	-29.9247	-599.132	7.4197	-38.3265	-590.735	74.667	-31.1492	-594.44	0.17666	-0.201769	0.963369	0.138989	-0.250062	0.958202	0.17666	0.0544445	0.982765	0.138989	0.00645958	0.990273	0.17666	0.0544445	0.982765	0.138989	0.00645958	0.990273	10.1906	3.12098	7.9895	0.370109	10.1906	3.12098	7.9895	0.370109	228.202	100.152	274.835	79.6446	1273.09	558.725	1533.25	444.321	1411.89	490.139	1	1	1
"
 tid_8864_time_14:6:55:929 DPETW@ "GAZE_LOG_CALI: 632.409	349.237	629.578	355.183	920.15	380.783	916.138	387.048	262.018	352.489	260.091	358.396	551.424	383.783	547.976	390.11	
29.1207	-157.973	315.752	-126.128	-407.562	-151.731	-119.629	-119.999	31.9527	-163.921	319.766	-132.395	-405.635	-157.638	-116.18	-126.327	6.72615	-36.7524	-588.094	73.3363	-29.5141	-591.403	6.474	-37.2478	-595.874	73.9756	-29.9089	-599.166	7.41329	-38.2955	-590.735	74.6562	-31.1413	-594.488	0.176281	-0.196615	0.964504	0.1393	-0.252241	0.957585	0.176281	0.0597166	0.982527	0.1393	0.00419529	0.990241	0.176281	0.0597166	0.982527	0.1393	0.00419529	0.990241	10.1716	3.42355	8.00744	0.240373	10.1716	3.42355	8.00744	0.240373	228.011	103.1	275.006	78.3872	1272.03	575.176	1534.2	437.306	1411.42	495.491	1	1	1
"
 tid_8864_time_14:6:55:951 DPETW@ "GAZE_LOG_CALI: 632.087	349.469	629.334	355.396	919.944	380.933	915.868	387.24	261.721	352.792	259.846	358.716	551.21	384.014	547.842	390.341	
28.8773	-157.76	315.481	-125.936	-407.808	-151.41	-119.762	-119.769	31.6307	-163.688	319.56	-132.245	-405.932	-157.335	-116.395	-126.096	6.66962	-36.6905	-588.092	73.2975	-29.4749	-591.604	6.41672	-37.1852	-595.873	73.936	-29.869	-599.368	7.33912	-38.2351	-590.765	74.6065	-31.0962	-594.478	0.174201	-0.198293	0.964538	0.131854	-0.241306	0.96145	0.174201	0.0581049	0.982994	0.131854	0.0157578	0.991144	0.174201	0.0581049	0.982994	0.131854	0.0157578	0.991144	10.0493	3.33104	7.57771	0.90289	10.0493	3.33104	7.57771	0.90289	226.751	102.248	270.769	84.8239	1265	570.423	1510.57	473.216	1393.48	514.388	1	1	1
"
 tid_8864_time_14:6:55:972 DPETW@ "GAZE_LOG_CALI: 631.755	349.684	629.059	355.468	919.72	381.001	915.589	387.31	261.46	352.856	259.642	358.814	550.906	384.017	547.541	390.435	
28.6016	-157.689	315.203	-125.866	-408.011	-151.312	-120.063	-119.674	31.2981	-163.473	319.336	-132.177	-406.194	-157.271	-116.699	-126.092	6.60715	-36.677	-588.189	73.2282	-29.4537	-591.563	6.35344	-37.1714	-595.969	73.8659	-29.8477	-599.327	7.26352	-38.2087	-590.857	74.5401	-31.0821	-594.366	0.171877	-0.195909	0.965442	0.130744	-0.239386	0.962081	0.171877	0.0606411	0.98325	0.130744	0.017776	0.991257	0.171877	0.0606411	0.98325	0.130744	0.017776	0.991257	9.9154	3.47661	7.5138	1.01854	9.9154	3.47661	7.5138	1.01854	225.384	103.647	270.067	85.9797	1257.37	578.226	1506.65	479.663	1386.66	522.871	1	1	1
"
 tid_8864_time_14:6:55:994 DPETW@ "GAZE_LOG_CALI: 631.483	349.678	628.722	355.491	919.353	380.983	915.326	387.316	261.061	352.905	259.148	358.776	550.649	384.103	547.139	390.398	
28.2654	-157.665	314.939	-125.859	-408.506	-151.351	-120.465	-119.711	31.0259	-163.48	318.969	-132.194	-406.592	-157.222	-116.955	-126.007	6.52685	-36.6654	-587.972	73.1432	-29.4481	-591.375	6.27198	-37.1597	-595.752	73.7799	-29.842	-599.139	7.19759	-38.1931	-590.69	74.4734	-31.0821	-594.519	0.176358	-0.196876	0.964436	0.143491	-0.25658	0.955812	0.176358	0.0594466	0.982529	0.143491	-0.000454813	0.989652	0.176358	0.0594466	0.982529	0.143491	-0.000454813	0.989652	10.1759	3.40805	8.24988	-0.0260589	10.1759	3.40805	8.24988	-0.0260589	227.834	103.061	277.196	75.8626	1271.04	574.955	1546.42	423.222	1418.16	486.884	1	1	1
"
 tid_8864_time_14:6:56:16 DPETW@ "GAZE_LOG_CALI: 631.311	349.626	628.576	355.464	919.255	380.966	915.26	387.309	260.934	352.804	259.026	358.779	550.54	384.135	547.067	390.476	
28.119	-157.692	314.873	-125.866	-408.628	-151.347	-120.537	-119.634	30.8541	-163.532	318.871	-132.211	-406.719	-157.323	-117.065	-125.974	6.49353	-36.6701	-588.003	73.1265	-29.4392	-591.36	6.23822	-37.1645	-595.784	73.763	-29.833	-599.124	7.15858	-38.2148	-590.75	74.4484	-31.0793	-594.5	0.176193	-0.201064	0.963602	0.141672	-0.257611	0.955806	0.176193	0.0551862	0.982807	0.141672	-0.00145224	0.989913	0.176193	0.0551862	0.982807	0.141672	-0.00145224	0.989913	10.1638	3.16354	8.14464	-0.0832071	10.1638	3.16354	8.14464	-0.0832071	227.687	100.666	276.14	75.3183	1270.22	561.596	1540.53	420.186	1415.23	477.854	1	1	1
"
 tid_8864_time_14:6:56:38 DPETW@ "GAZE_LOG_CALI: 631.501	349.395	628.723	355.339	919.398	380.914	915.365	387.329	261.021	352.705	259.132	358.639	550.662	384.049	547.176	390.339	
28.266	-157.817	314.978	-125.847	-408.522	-151.487	-120.428	-119.77	31.0444	-163.762	319.014	-132.264	-406.633	-157.422	-116.943	-126.061	6.52697	-36.6971	-587.945	73.1518	-29.4532	-591.368	6.27209	-37.1919	-595.725	73.7886	-29.8472	-599.132	7.20117	-38.2436	-590.605	74.4784	-31.0943	-594.476	0.174988	-0.198088	0.964438	0.14165	-0.256103	0.956215	0.174988	0.0582768	0.982844	0.14165	0.000110269	0.989917	0.174988	0.0582768	0.982844	0.14165	0.000110269	0.989917	10.0953	3.34091	8.14331	0.00631793	10.0953	3.34091	8.14331	0.00631793	227.034	102.372	276.154	76.175	1266.58	571.113	1540.61	424.965	1412.66	486.146	1	1	1
"
 tid_8864_time_14:6:56:60 DPETW@ "GAZE_LOG_CALI: 631.869	349.375	629.135	355.301	919.822	380.922	915.706	387.232	261.384	352.582	259.578	358.545	550.961	383.993	547.583	390.328	
28.6782	-157.855	315.319	-125.943	-408.075	-151.582	-120.021	-119.782	31.4127	-163.782	319.438	-132.256	-406.27	-157.545	-116.643	-126.117	6.62263	-36.7155	-587.997	73.2425	-29.4702	-591.459	6.36905	-37.2106	-595.777	73.8804	-29.8644	-599.223	7.28629	-38.2602	-590.603	74.5558	-31.0908	-594.3	0.171172	-0.195876	0.965574	0.13195	-0.239627	0.961857	0.171172	0.0607073	0.983369	0.13195	0.0174851	0.991102	0.171172	0.0607073	0.983369	0.13195	0.0174851	0.991102	9.87434	3.48041	7.58347	1.00188	9.87434	3.48041	7.58347	1.00188	224.961	103.68	270.752	85.8277	1255.01	578.408	1510.47	478.816	1387.48	522.437	3	1	1
"