
 tid_12724_time_9:55:44:872 DPETW@ "GAZE_LOG_CALI: 640.957	365.804	640.362	371.954	938.69	379.116	936.677	386.099	258.539	368.647	258.792	374.964	557.181	382.369	555.436	389.332	
39.905	-141.2	336.302	-127.08	-408.861	-135.16	-112.168	-120.778	40.5006	-147.351	338.317	-134.065	-409.114	-141.478	-110.423	-127.74	8.96258	-31.9885	-571.84	75.7747	-28.8302	-573.73	8.73381	-32.4324	-579.624	76.4669	-29.2277	-581.489	9.14034	-33.5537	-574.613	76.6942	-30.5906	-577.234	0.0789229	-0.217679	0.972824	0.0508065	-0.304667	0.951103	0.0789229	0.0415236	0.996016	0.0508065	-0.0481218	0.997548	0.0789229	0.0415236	0.996016	0.0508065	-0.0481218	0.997548	4.53057	2.37981	2.91563	-2.75824	4.53057	2.37981	2.91563	-2.75824	174.253	100.899	227.023	55.4243	972.121	562.895	1266.52	309.201	1119.85	433.896	1	0	0
"
 tid_12724_time_9:55:44:894 DPETW@ "GAZE_LOG_CALI: 642.008	363.819	641.458	370	939.923	377.566	937.864	384.452	259.37	366.721	259.685	372.988	558.255	380.745	556.5	387.681	
41.0013	-143.154	337.49	-128.727	-407.967	-137.136	-111.104	-122.428	41.5513	-149.336	339.551	-135.616	-408.283	-143.405	-109.349	-129.365	9.20447	-32.4162	-571.586	76.0219	-29.1946	-573.575	8.97896	-32.8663	-579.37	76.7177	-29.5972	-581.334	9.37279	-33.9796	-574.335	76.9472	-30.9404	-577.033	0.076159	-0.215284	0.973577	0.0508878	-0.297748	0.953287	0.076159	0.0440322	0.996123	0.0508878	-0.0408735	0.997868	0.076159	0.0440322	0.996123	0.0508878	-0.0408735	0.997868	4.37207	2.52367	2.91936	-2.34253	4.37207	2.52367	2.91936	-2.34253	172.986	101.87	227.296	59.0189	965.055	568.315	1268.04	329.254	1116.56	448.731	1	0	0
"
 tid_12724_time_9:55:44:915 DPETW@ "GAZE_LOG_CALI: 642.408	362.978	641.834	369.055	940.287	376.941	938.295	383.756	259.697	365.915	259.918	372.169	558.578	380.156	556.793	386.978	
41.3773	-144.099	337.921	-129.423	-407.734	-137.955	-110.811	-123.132	41.9513	-150.177	339.915	-136.241	-407.955	-144.21	-109.026	-129.953	9.28573	-32.6042	-571.403	76.0955	-29.3436	-573.401	9.06127	-33.057	-579.187	76.7925	-29.7485	-581.159	9.46146	-34.1601	-574.245	77.0231	-31.0756	-576.985	0.0787833	-0.217161	0.972951	0.0525713	-0.302605	0.951665	0.0787833	0.0420569	0.996004	0.0525713	-0.0459852	0.997558	0.0787833	0.0420569	0.996004	0.0525713	-0.0459852	0.997558	4.52264	2.4104	3.0167	-2.63569	4.52264	2.4104	3.0167	-2.63569	174.46	100.67	228.273	56.1756	973.276	561.617	1273.49	313.393	1123.91	435.426	1	0	0
"
 tid_12724_time_9:55:44:938 DPETW@ "GAZE_LOG_CALI: 639.435	362.208	640.843	368.225	937.794	376.396	937.164	383.165	256.846	365.099	258.954	371.266	556.065	379.448	555.751	386.439	
40.3869	-144.93	336.789	-130.014	-408.699	-138.859	-111.853	-123.67	38.9781	-150.947	337.421	-136.786	-410.808	-145.027	-111.539	-130.662	9.06372	-32.8013	-571.438	75.8553	-29.4767	-573.508	8.8362	-33.2569	-579.221	76.5489	-29.8833	-581.267	8.79341	-34.3484	-574.388	76.4531	-31.2165	-576.949	-0.00863652	-0.220294	0.975395	-0.0211858	-0.294941	0.95528	-0.00863652	0.0396629	0.999176	-0.0211858	-0.0376468	0.999066	-0.00863652	0.0396629	0.999176	-0.0211858	-0.0376468	0.999067	-0.495232	2.27311	-1.21481	-2.15751	-0.495232	2.27311	-1.21481	-2.15751	127.492	99.1196	188.452	60.5216	711.25	552.968	1051.34	337.638	881.293	445.303	1	0	0
"
 tid_12724_time_9:55:44:961 DPETW@ "GAZE_LOG_CALI: 639.443	361.444	640.864	367.699	937.54	376.023	937.077	382.803	256.68	364.531	258.839	370.789	555.547	379.087	555.45	386.03	
40.4079	-145.455	336.703	-130.377	-408.813	-139.336	-112.155	-124.079	38.9862	-151.711	337.167	-137.158	-410.974	-145.594	-112.057	-131.023	9.0657	-32.9039	-571.261	75.7989	-29.5498	-573.234	8.83814	-33.361	-579.044	76.492	-29.9576	-580.993	8.79133	-34.4856	-574.166	76.3492	-31.2808	-576.596	-0.00935149	-0.224655	0.974393	-0.0310793	-0.288067	0.957106	-0.00935149	0.0351912	0.999337	-0.0310793	-0.0305341	0.99905	-0.00935149	0.0351912	0.999337	-0.0310793	-0.0305341	0.99905	-0.536141	2.01672	-1.78183	-1.74975	-0.536141	2.01672	-1.78183	-1.74975	127.115	96.6708	183.1	64.3419	709.15	539.307	1021.48	358.951	865.315	449.129	1	0	0
"
 tid_12724_time_9:55:44:983 DPETW@ "GAZE_LOG_CALI: 639.757	360.907	641.234	367.08	938.012	375.726	937.669	382.472	256.888	363.979	258.991	370.137	556.009	378.75	555.892	385.783	
40.7778	-146.074	337.295	-130.707	-408.661	-139.988	-111.712	-124.327	39.301	-152.249	337.639	-137.456	-410.765	-146.146	-111.595	-131.36	9.14446	-33.0303	-570.975	75.9063	-29.6048	-573.038	8.91788	-33.4894	-578.758	76.6012	-30.0135	-580.796	8.8604	-34.6004	-574.027	76.4547	-31.352	-576.583	-0.0118273	-0.228626	0.973442	-0.0331178	-0.302636	0.952531	-0.0118273	0.0311094	0.999446	-0.0331178	-0.0457912	0.998402	-0.0118273	0.0311094	0.999446	-0.0331178	-0.0457912	0.998402	-0.677999	1.78273	-1.89985	-2.62456	-0.677999	1.78273	-1.89985	-2.62456	125.88	94.4342	182.112	56.1577	702.259	526.83	1015.97	313.293	858.67	417.157	1	0	0
"
 tid_12724_time_9:55:45:9 DPETW@ "GAZE_LOG_CALI: 640.025	360.477	641.632	366.672	938.37	375.484	938.132	382.16	256.971	363.461	259.095	369.773	556.21	378.528	556.17	385.43	
41.1752	-146.483	337.758	-131.02	-408.558	-140.352	-111.434	-124.68	39.5684	-152.678	337.997	-137.697	-410.683	-146.665	-111.395	-131.582	9.22757	-33.0949	-570.591	75.9789	-29.6676	-572.8	9.00199	-33.5552	-578.374	76.675	-30.0773	-580.558	8.91708	-34.6931	-573.788	76.5087	-31.3937	-576.381	-0.0179685	-0.240829	0.970401	-0.0379382	-0.300352	0.953074	-0.0179685	0.0185353	0.999667	-0.0379382	-0.043444	0.998335	-0.0179685	0.0185353	0.999667	-0.0379382	-0.043444	0.998335	-1.02975	1.06206	-2.17627	-2.48994	-1.02975	1.06206	-2.17627	-2.48994	122.703	87.7651	179.611	57.4249	684.535	489.624	1002.01	320.362	842.252	399.082	1	0	0
"
 tid_12724_time_9:55:45:30 DPETW@ "GAZE_LOG_CALI: 639.89	359.889	641.556	366.07	938.475	375.155	938.152	381.868	256.605	362.976	258.885	369.151	556.063	378.159	556.069	385.135	
41.0998	-147.085	337.778	-131.312	-408.768	-140.974	-111.535	-124.975	39.4339	-153.267	338.102	-138.027	-411.049	-147.15	-111.541	-131.951	9.20715	-33.2228	-570.427	75.9621	-29.7253	-572.636	8.98122	-33.685	-578.21	76.6581	-30.1359	-580.394	8.88197	-34.7962	-573.489	76.489	-31.4552	-576.055	-0.0204584	-0.229059	0.973198	-0.0372692	-0.290732	0.956079	-0.0204584	0.0306282	0.999321	-0.0372692	-0.033374	0.998748	-0.0204584	0.0306282	0.999321	-0.0372692	-0.0333739	0.998748	-1.17281	1.75514	-2.13705	-1.91254	-1.17281	1.75514	-2.13705	-1.91254	121.358	94.1151	179.967	62.8186	677.03	525.049	1004	350.453	840.418	437.226	1	0	0
"
 tid_12724_time_9:55:45:52 DPETW@ "GAZE_LOG_CALI: 639.672	359.75	641.226	365.976	938.362	374.977	938.125	381.722	256.305	362.839	258.616	369.021	555.869	377.97	555.865	384.941	
40.7697	-147.179	337.751	-131.458	-409.037	-141.104	-111.739	-125.169	39.2154	-153.406	337.99	-138.205	-411.349	-147.287	-111.735	-132.14	9.13484	-33.2522	-570.5	75.9253	-29.7518	-572.406	8.90794	-33.7148	-578.283	76.6211	-30.1629	-580.164	8.83103	-34.8209	-573.382	76.4492	-31.4909	-575.946	-0.0153049	-0.220131	0.97535	-0.0388484	-0.300128	0.953107	-0.0153049	0.0398087	0.99909	-0.0388484	-0.0432192	0.99831	-0.0153049	0.0398087	0.99909	-0.0388484	-0.0432192	0.99831	-0.877639	2.28147	-2.22849	-2.47705	-0.877639	2.28147	-2.22849	-2.47705	124.023	98.9587	179.085	57.5816	691.9	552.071	999.077	321.236	845.39	436.097	1	0	0
"
 tid_12724_time_9:55:45:81 DPETW@ "GAZE_LOG_CALI: 639.495	359.759	641.037	365.952	938.314	374.873	938.057	381.598	255.998	362.757	258.117	368.998	555.67	377.926	555.664	384.861	
40.5802	-147.203	337.683	-131.582	-409.537	-141.127	-111.94	-125.249	39.0382	-153.397	337.941	-138.309	-411.657	-147.369	-111.934	-132.184	9.08572	-33.2342	-570.098	75.8867	-29.7655	-572.228	8.85797	-33.6968	-577.881	76.5822	-30.177	-579.986	8.78876	-34.8188	-573.21	76.412	-31.4968	-575.748	-0.0144055	-0.233556	0.972237	-0.0383279	-0.297118	0.954071	-0.0144055	0.0260359	0.999557	-0.0383279	-0.0400621	0.998462	-0.0144055	0.0260359	0.999557	-0.0383279	-0.0400621	0.998462	-0.825681	1.49191	-2.19833	-2.296	-0.825681	1.49191	-2.19833	-2.296	124.461	91.7343	179.334	59.3144	694.343	511.767	1000.47	330.903	846.893	418.335	1	0	0
"
 tid_12724_time_9:55:45:103 DPETW@ "GAZE_LOG_CALI: 639.409	359.689	640.957	365.962	938.311	374.767	938.113	381.443	255.682	362.751	257.898	368.976	555.394	377.775	555.497	384.785	
40.5009	-147.193	337.739	-131.737	-409.755	-141.149	-112.107	-125.325	38.9524	-153.466	337.939	-138.415	-411.973	-147.375	-112.211	-132.335	9.06565	-33.2246	-569.908	75.8605	-29.7764	-571.936	8.83754	-33.6873	-577.691	76.556	-30.1883	-579.694	8.76477	-34.8093	-572.912	76.3638	-31.5064	-575.389	-0.0148223	-0.228552	0.973419	-0.0426541	-0.292483	0.955319	-0.0148223	0.0311754	0.999404	-0.0426541	-0.0352621	0.998467	-0.0148223	0.0311754	0.999404	-0.0426541	-0.0352621	0.998467	-0.849701	1.78651	-2.44616	-2.02079	-0.849701	1.78651	-2.44616	-2.02079	124.22	94.5213	177.005	61.9575	693.001	527.316	987.478	345.648	840.103	435.747	1	0	0
"
 tid_12724_time_9:55:45:124 DPETW@ "GAZE_LOG_CALI: 639.309	359.273	640.909	365.629	938.4	374.294	938.164	381.087	255.443	362.443	257.785	368.729	555.328	377.383	555.398	384.301	
40.4521	-147.525	337.791	-132.093	-409.869	-141.396	-112.206	-125.809	38.853	-153.883	338.028	-138.888	-412.211	-147.683	-112.276	-132.727	9.05297	-33.2851	-569.83	75.8463	-29.861	-571.742	8.82465	-33.7486	-577.613	76.5419	-30.2742	-579.5	8.73975	-34.8799	-572.73	76.3571	-31.5933	-575.186	-0.0169379	-0.22567	0.974057	-0.0409236	-0.292155	0.955495	-0.0169379	0.034124	0.999274	-0.0409236	-0.0348999	0.998553	-0.0169379	0.034124	0.999274	-0.0409236	-0.0348999	0.998553	-0.971084	1.95554	-2.34683	-2.00002	-0.971084	1.95554	-2.34683	-2.00002	123.084	96.0486	177.927	62.1273	686.659	535.836	992.62	346.596	839.639	441.212	1	0	0
"
 tid_12724_time_9:55:45:146 DPETW@ "GAZE_LOG_CALI: 639.326	358.901	640.983	365.059	938.541	373.953	938.315	380.657	255.352	361.957	257.638	368.123	555.303	376.952	555.411	383.981	
40.5264	-148.095	337.942	-132.523	-410.016	-142.002	-112.194	-126.128	38.8695	-154.255	338.169	-139.229	-412.302	-148.169	-112.302	-133.158	9.06508	-33.4002	-569.543	75.8562	-29.9358	-571.562	8.83681	-33.8656	-577.326	76.5521	-30.3502	-579.32	8.74108	-34.9686	-572.595	76.3602	-31.6689	-574.97	-0.0197044	-0.227026	0.973689	-0.0421762	-0.289869	0.956137	-0.0197044	0.0327193	0.99927	-0.0421762	-0.0325252	0.998581	-0.0197044	0.0327193	0.99927	-0.0421762	-0.0325252	0.998581	-1.12966	1.87501	-2.41851	-1.86389	-1.12966	1.87501	-2.41851	-1.86389	121.632	95.2533	177.277	63.3768	678.558	531.399	988.992	353.566	833.775	442.483	1	0	0
"
 tid_12724_time_9:55:45:169 DPETW@ "GAZE_LOG_CALI: 638.895	358.649	640.788	364.869	938.306	373.677	938.233	380.437	254.788	361.7	257.23	367.973	555.061	376.682	555.114	383.706	
40.332	-148.286	337.859	-132.744	-410.423	-142.152	-112.49	-126.404	38.439	-154.507	337.933	-139.505	-412.866	-148.426	-112.544	-133.428	9.01735	-33.422	-569.263	75.8003	-29.9768	-571.276	8.7883	-33.888	-577.046	76.4958	-30.3919	-579.034	8.64228	-35.0148	-572.412	76.3059	-31.7303	-574.962	-0.0306068	-0.23619	0.971225	-0.044248	-0.311916	0.949079	-0.0306068	0.023229	0.999261	-0.044248	-0.0556482	0.997469	-0.0306068	0.023229	0.999262	-0.044248	-0.0556482	0.99747	-1.75439	1.33104	-2.53999	-3.19005	-1.75439	1.33104	-2.53999	-3.19005	115.801	90.2575	176.1	51.0383	646.031	503.529	982.425	284.732	812.363	385.353	1	0	0
"
 tid_12724_time_9:55:45:191 DPETW@ "GAZE_LOG_CALI: 636.429	358.502	639.696	364.861	935.453	373.565	936.848	380.389	252.297	361.712	256.068	367.865	552.26	376.378	553.669	383.694	
39.2392	-148.294	336.473	-132.791	-411.586	-142.26	-113.936	-126.416	35.9726	-154.653	335.079	-139.617	-415.358	-148.415	-115.344	-133.732	8.77175	-33.4296	-569.167	75.4782	-29.9795	-571.195	8.53925	-33.8957	-576.949	76.1694	-30.3947	-578.953	8.0864	-35.0283	-572.378	75.6686	-31.7807	-575.014	-0.0957103	-0.239369	0.9662	-0.119068	-0.329524	0.936609	-0.0957103	0.0188581	0.995231	-0.119068	-0.0758833	0.989982	-0.0957103	0.0188582	0.995231	-0.119068	-0.0758833	0.989982	-5.49319	1.08056	-6.85818	-4.35198	-5.49319	1.08056	-6.85818	-4.35198	80.7961	87.9935	135.301	39.9375	450.745	490.898	754.818	222.803	588.799	328.545	1	0	0
"
 tid_12724_time_9:55:45:213 DPETW@ "GAZE_LOG_CALI: 636.581	358.683	639.794	364.984	935.858	373.851	937.099	380.686	252.296	361.855	256.07	367.995	552.402	376.828	553.787	383.982	
39.3377	-148.17	336.725	-132.494	-411.584	-142.13	-113.818	-126.128	36.1249	-154.472	335.484	-139.331	-415.36	-148.271	-115.203	-133.283	8.792	-33.3937	-569.039	75.5121	-29.9051	-571.032	8.55973	-33.8594	-576.822	76.2039	-30.3194	-578.79	8.1181	-34.9795	-572.176	75.7149	-31.6786	-574.672	-0.0920215	-0.233377	0.968022	-0.11208	-0.311482	0.943619	-0.0920215	0.0251175	0.99544	-0.11208	-0.0566415	0.992083	-0.0920215	0.0251175	0.99544	-0.11208	-0.0566415	0.992084	-5.28158	1.43928	-6.4456	-3.24706	-5.28158	1.43928	-6.4456	-3.24706	82.8032	91.3915	139.243	50.4884	461.942	509.855	776.808	281.665	609.639	376.201	1	0	0
"
 tid_12724_time_9:55:45:234 DPETW@ "GAZE_LOG_CALI: 636.69	358.627	639.861	364.94	936.033	373.91	937.346	380.739	252.26	361.829	256.029	367.973	552.379	376.829	553.832	383.968	
39.4043	-148.215	336.973	-132.441	-411.625	-142.152	-113.773	-126.142	36.2334	-154.529	335.659	-139.272	-415.396	-148.297	-115.225	-133.281	8.80486	-33.393	-568.898	75.5326	-29.8866	-570.762	8.57271	-33.8588	-576.68	76.225	-30.3009	-578.52	8.13968	-34.9774	-571.991	75.7206	-31.6578	-574.417	-0.0894586	-0.231096	0.968809	-0.115928	-0.311875	0.943024	-0.0894586	0.0275247	0.99561	-0.115928	-0.0571751	0.991611	-0.0894586	0.0275247	0.99561	-0.115928	-0.0571751	0.991611	-5.13441	1.57725	-6.66812	-3.27768	-5.13441	1.57725	-6.66812	-3.27768	84.2017	92.7046	137.196	50.2896	469.744	517.18	765.391	280.555	607.948	379.734	1	0	0
"
 tid_12724_time_9:55:45:256 DPETW@ "GAZE_LOG_CALI: 636.74	358.514	639.876	364.822	936.177	373.813	937.547	380.642	252.148	361.688	255.943	367.832	552.592	376.723	553.898	383.947	
39.4195	-148.333	337.173	-132.538	-411.711	-142.293	-113.707	-126.162	36.2836	-154.642	335.803	-139.369	-415.508	-148.438	-115.012	-133.387	8.80579	-33.4146	-568.773	75.5541	-29.8905	-570.581	8.5736	-33.8809	-576.555	76.247	-30.3049	-578.339	8.14795	-34.9934	-571.783	75.7651	-31.6856	-574.508	-0.0865459	-0.226203	0.970228	-0.117522	-0.3367	0.934249	-0.0865459	0.0326177	0.995714	-0.117522	-0.0834253	0.98956	-0.0865459	0.0326177	0.995714	-0.117522	-0.0834253	0.98956	-4.96757	1.86919	-6.77281	-4.78548	-4.96757	1.86919	-6.77281	-4.78548	85.7692	95.4214	136.252	36.1501	478.489	532.337	760.124	201.674	607.364	342.013	1	0	0
"
 tid_12724_time_9:55:45:279 DPETW@ "GAZE_LOG_CALI: 636.617	358.328	639.892	364.776	936.179	373.796	937.666	380.628	252.07	361.689	255.859	367.821	552.502	376.606	553.866	383.895	
39.4355	-148.378	337.292	-132.552	-411.795	-142.305	-113.738	-126.214	36.1601	-154.828	335.805	-139.386	-415.586	-148.437	-115.103	-133.504	8.80705	-33.4137	-568.648	75.5552	-29.888	-570.392	8.57482	-33.88	-576.43	76.2484	-30.3025	-578.15	8.12062	-35.018	-571.845	75.7495	-31.6941	-574.384	-0.0957102	-0.2398	0.966093	-0.123286	-0.343944	0.930862	-0.0957102	0.0184144	0.995239	-0.123286	-0.0912994	0.988162	-0.0957102	0.0184144	0.995239	-0.123286	-0.0912994	0.988163	-5.49313	1.05513	-7.11162	-5.23836	-5.49313	1.05513	-7.11162	-5.23836	80.88	87.8974	133.08	31.9104	451.213	490.362	742.426	178.022	580.519	300.717	1	0	0
"
 tid_12724_time_9:55:45:301 DPETW@ "GAZE_LOG_CALI: 636.661	358.535	639.912	364.897	936.416	373.896	937.789	380.776	251.929	361.805	255.753	367.955	552.555	376.713	553.869	384.031	
39.4556	-148.258	337.415	-132.404	-411.901	-142.17	-113.735	-126.078	36.2047	-154.621	336.042	-139.286	-415.727	-148.321	-115.049	-133.397	8.80935	-33.3754	-568.48	75.562	-29.8481	-570.236	8.57707	-33.8413	-576.263	76.2555	-30.2622	-577.994	8.1279	-34.9666	-571.597	75.7716	-31.6576	-574.146	-0.0931728	-0.233414	0.967903	-0.117395	-0.338517	0.933609	-0.0931728	0.0250511	0.995335	-0.117395	-0.0853462	0.989411	-0.0931728	0.0250511	0.995335	-0.117395	-0.0853462	0.989411	-5.34784	1.43547	-6.7666	-4.89593	-5.34784	1.43547	-6.7666	-4.89593	82.2521	91.5062	136.357	35.2675	458.868	510.495	760.711	196.751	596.097	325.222	1	0	0
"
 tid_12724_time_9:55:45:326 DPETW@ "GAZE_LOG_CALI: 636.678	358.755	639.921	365.008	936.417	374.05	937.862	380.924	251.869	361.902	255.636	368.073	552.528	376.852	553.872	384.195	
39.4644	-148.146	337.489	-132.256	-412.018	-142.052	-113.732	-125.914	36.2218	-154.401	336.043	-139.132	-415.787	-148.224	-115.077	-133.258	8.80856	-33.3403	-568.319	75.5664	-29.8082	-570.145	8.5762	-33.8059	-576.102	76.26	-30.2218	-577.903	8.13025	-34.9249	-571.499	75.7671	-31.6226	-574.111	-0.0937298	-0.2352	0.967417	-0.121066	-0.344	0.931132	-0.0937298	0.0231998	0.995327	-0.121066	-0.0912834	0.988438	-0.0937298	0.0231998	0.995327	-0.121066	-0.0912834	0.988438	-5.37967	1.32937	-6.98294	-5.23745	-5.37967	1.32937	-6.98294	-5.23745	81.9682	90.5935	134.332	32.0948	457.284	505.403	749.413	179.05	588.239	310.972	1	0	0
"
 tid_12724_time_9:55:45:348 DPETW@ "GAZE_LOG_CALI: 636.742	358.62	639.937	364.96	936.574	374.02	937.897	380.909	251.794	361.797	255.576	367.982	552.536	376.776	553.918	384.128	
39.4801	-148.195	337.523	-132.271	-412.078	-142.143	-113.686	-125.982	36.2851	-154.535	336.2	-139.162	-415.862	-148.33	-115.069	-133.334	8.8109	-33.3499	-568.217	75.5759	-29.8181	-570.156	8.57854	-33.8157	-575.999	76.2697	-30.2319	-577.914	8.14162	-34.9414	-571.326	75.7768	-31.6239	-573.916	-0.090525	-0.233231	0.968199	-0.115653	-0.326646	0.938044	-0.090525	0.0253046	0.995573	-0.115653	-0.0727323	0.990623	-0.090525	0.0253046	0.995573	-0.115653	-0.0727323	0.990623	-5.19548	1.45	-6.65902	-4.17094	-5.19548	1.45	-6.65902	-4.17094	83.6967	91.7245	137.393	42.1569	466.927	511.713	766.488	235.185	605.076	349.508	1	0	0
"
 tid_12724_time_9:55:45:370 DPETW@ "GAZE_LOG_CALI: 636.661	358.299	639.929	364.722	936.592	373.702	938.006	380.581	251.725	361.583	255.508	367.756	552.445	376.553	553.907	383.864	
39.4721	-148.433	337.633	-132.599	-412.146	-142.369	-113.698	-126.245	36.2043	-154.857	336.218	-139.48	-415.931	-148.543	-115.159	-133.557	8.80773	-33.3974	-568.143	75.5798	-29.8765	-570.003	8.5753	-33.8639	-575.925	76.2738	-30.2911	-577.761	8.12411	-35.002	-571.334	75.7622	-31.6772	-573.775	-0.0949522	-0.239512	0.966239	-0.120358	-0.326073	0.937652	-0.0949522	0.0187305	0.995306	-0.120358	-0.0722802	0.990096	-0.0949522	0.0187305	0.995306	-0.120358	-0.0722802	0.990096	-5.44953	1.07324	-6.93099	-4.14497	-5.44953	1.07324	-6.93099	-4.14497	81.3335	88.2021	134.855	42.3734	453.743	492.062	752.328	236.393	589.663	337.413	1	0	0
"
 tid_12724_time_9:55:45:392 DPETW@ "GAZE_LOG_CALI: 636.685	358.091	639.926	364.508	936.698	373.521	938.049	380.4	251.577	361.274	255.486	367.547	552.497	376.313	553.86	383.683	
39.4693	-148.647	337.675	-132.78	-412.169	-142.578	-113.744	-126.427	36.2288	-155.065	336.325	-139.661	-416.079	-148.852	-115.107	-133.797	8.80684	-33.4432	-568.116	75.5739	-29.9109	-569.884	8.57438	-33.9104	-575.899	76.268	-30.3261	-577.642	8.12592	-35.0471	-571.12	75.7771	-31.7209	-573.706	-0.0909196	-0.23046	0.968825	-0.116754	-0.331729	0.936122	-0.0909196	0.0281429	0.995461	-0.116754	-0.0781399	0.990082	-0.0909196	0.0281429	0.995461	-0.116754	-0.0781399	0.990082	-5.21858	1.61268	-6.72546	-4.48165	-5.21858	1.61268	-6.72546	-4.48165	83.4884	93.1667	136.8	39.2306	465.765	519.759	763.177	218.86	602.357	344.393	1	0	0
"
 tid_12724_time_9:55:45:414 DPETW@ "GAZE_LOG_CALI: 636.785	358.043	639.967	364.374	936.931	373.537	938.174	380.373	251.584	361.205	255.439	367.466	552.56	376.222	553.875	383.634	
39.5107	-148.781	337.8	-132.808	-412.215	-142.659	-113.73	-126.476	36.329	-155.113	336.558	-139.645	-416.072	-148.921	-115.045	-133.889	8.81412	-33.4608	-568.006	75.5828	-29.9119	-569.74	8.58171	-33.9282	-575.788	76.2772	-30.3273	-577.498	8.14719	-35.0527	-570.995	75.8004	-31.7172	-573.482	-0.0879097	-0.227488	0.969805	-0.11152	-0.32506	0.939095	-0.0879097	0.0312674	0.995638	-0.11152	-0.0709276	0.991228	-0.0879096	0.0312674	0.995638	-0.11152	-0.0709276	0.991228	-5.04584	1.79178	-6.41919	-4.06727	-5.04584	1.79178	-6.41919	-4.06727	85.1144	94.8331	139.706	43.1958	474.836	529.055	779.39	240.981	617.077	364.065	1	0	0
"
 tid_12724_time_9:55:45:436 DPETW@ "GAZE_LOG_CALI: 636.804	358.08	640.02	364.3	936.895	373.497	938.318	380.373	251.524	361.213	255.377	367.416	552.592	376.251	553.996	383.653	
39.5635	-148.855	337.945	-132.808	-412.277	-142.709	-113.608	-126.456	36.348	-155.076	336.521	-139.685	-416.132	-148.913	-115.012	-133.859	8.82375	-33.4658	-567.854	75.6113	-29.9082	-569.709	8.59141	-33.9335	-575.637	76.3061	-30.3235	-577.467	8.14962	-35.0415	-570.897	75.804	-31.7234	-573.572	-0.0903911	-0.226713	0.969758	-0.120442	-0.33578	0.934209	-0.0903911	0.0320043	0.995392	-0.120442	-0.0825473	0.989282	-0.0903911	0.0320043	0.995392	-0.120442	-0.0825473	0.989282	-5.18877	1.83402	-6.94139	-4.735	-5.18877	1.83402	-6.94139	-4.735	83.8066	95.2584	134.825	36.8886	467.54	531.427	752.159	205.794	597.341	343.198	1	0	0
"
 tid_12724_time_9:55:45:458 DPETW@ "GAZE_LOG_CALI: 636.872	357.565	639.888	363.775	937.068	373.06	938.503	379.852	251.551	360.879	255.18	366.875	552.814	376.138	554.32	383.131	
39.4319	-149.38	338.13	-133.328	-412.475	-143.251	-113.284	-126.978	36.4158	-155.591	336.695	-140.122	-416.105	-149.247	-114.79	-133.972	8.79304	-33.58	-567.771	75.6772	-30.0348	-569.896	8.56024	-34.0493	-575.553	76.3727	-30.4517	-577.654	8.1644	-35.1334	-570.84	75.8514	-31.7888	-573.637	-0.0815799	-0.223415	0.971303	-0.122201	-0.313464	0.941704	-0.0815799	0.0355892	0.996031	-0.122201	-0.0590521	0.990747	-0.0815799	0.0355892	0.996031	-0.122201	-0.0590521	0.990747	-4.68236	2.03954	-7.03145	-3.38541	-4.68236	2.03954	-7.03145	-3.38541	88.4958	97.0575	134.025	49.3842	493.7	541.464	747.696	275.504	612.015	391.299	1	0	0
"
 tid_12724_time_9:55:45:480 DPETW@ "GAZE_LOG_CALI: 636.662	359.854	639.753	361.791	939.071	373.23	938.501	378.329	251.795	363.286	255.479	365.114	555.552	377.901	554.555	381.438	
39.2962	-151.364	338.128	-134.852	-412.176	-145.012	-113.049	-128.672	36.2055	-153.301	338.699	-139.953	-415.861	-146.84	-112.053	-132.209	8.77123	-34.0321	-568.337	75.7181	-30.4119	-570.202	8.53839	-34.5073	-576.119	76.4137	-30.8338	-577.96	8.12535	-34.641	-571.423	76.4309	-31.6235	-574.615	-0.0875784	-0.0283422	0.995754	0.00500389	-0.229767	0.973233	-0.0875784	0.230344	0.96916	0.00500389	0.029953	0.999539	-0.0875784	0.230344	0.96916	0.00500389	0.029953	0.999539	-5.16352	13.3173	0.286832	1.71644	-5.16352	13.3173	0.286832	1.71644	83.96	203.39	202.338	96.5861	468.396	1080	1128.8	538.835	798.599	809.417	1	0	0
"
 tid_12724_time_9:55:45:665 DPETW@ "GAZE_LOG_CALI: 634.58	355.803	639.465	362.265	937.199	372.343	938.424	378.533	250.352	365.902	254.613	365.483	555.23	378.815	553.97	381.903	
39.0089	-150.89	338.051	-134.647	-413.042	-144.643	-113.634	-128.207	34.1237	-157.353	336.827	-140.839	-417.304	-144.224	-112.374	-131.295	8.69603	-33.8931	-567.582	75.6131	-30.3022	-569.548	8.46181	-34.367	-575.364	76.308	-30.7231	-577.306	7.67256	-34.8442	-572.134	76.2745	-31.7305	-576.631	-0.234926	-0.142054	0.961577	-0.0276539	-0.830623	0.556148	-0.234926	0.111661	0.965578	-0.0276539	-0.658379	0.752179	-0.234926	0.111661	0.965578	-0.0276539	-0.658379	0.752179	-13.6744	6.41107	-2.10553	-41.1763	-13.6744	6.41107	-2.10553	-41.1763	3.08951	139.038	180.027	-384.316	17.2357	775.668	1004.33	0	491.114	357.524	1	0	0
"
 tid_12724_time_9:55:45:688 DPETW@ "GAZE_LOG_CALI: 636.482	356.46	639.672	362.482	936.89	371.729	938.444	378.72	250.79	359.678	254.564	365.534	552.4	374.848	553.857	381.982	
39.2156	-150.673	338.071	-134.461	-413.09	-144.592	-113.747	-128.128	36.0254	-156.696	336.517	-141.454	-416.866	-150.449	-115.204	-135.262	8.73686	-33.8439	-567.258	75.5946	-30.2632	-569.374	8.50307	-34.3174	-575.04	76.2895	-30.6837	-577.132	8.06988	-35.3636	-570.368	75.7709	-32.0679	-573.333	-0.090123	-0.217658	0.971856	-0.127214	-0.339571	0.931938	-0.090123	0.0412937	0.995074	-0.127214	-0.0867975	0.98807	-0.090123	0.0412937	0.995074	-0.127214	-0.0867975	0.98807	-5.17511	2.36663	-7.33649	-4.9794	-5.17511	2.36663	-7.33649	-4.9794	83.9067	99.9585	131.137	34.3223	468.099	557.649	731.588	191.477	587.053	349.51	1	0	0
"
 tid_12724_time_9:55:45:710 DPETW@ "GAZE_LOG_CALI: 636.365	356.148	639.569	362.148	936.969	371.498	938.372	378.334	250.617	359.279	254.404	365.228	552.248	374.551	553.659	381.713	
39.1124	-151.007	337.999	-134.847	-413.25	-144.898	-113.945	-128.397	35.9086	-157.008	336.596	-141.685	-417.04	-150.848	-115.356	-135.559	8.7127	-33.9111	-567.185	75.5566	-30.3278	-569.209	8.47855	-34.3855	-574.967	76.2513	-30.7493	-576.967	8.04299	-35.4387	-570.292	75.7493	-32.111	-573.035	-0.0905252	-0.218882	0.971543	-0.11979	-0.324933	0.93812	-0.0905252	0.0400304	0.995089	-0.11979	-0.0710574	0.990253	-0.0905252	0.0400304	0.995089	-0.11979	-0.0710574	0.990253	-5.198	2.29419	-6.89752	-4.07472	-5.198	2.29419	-6.89752	-4.07472	83.6774	99.2369	135.255	42.8631	466.819	553.623	754.559	239.125	600.411	376.258	1	0	0
"
 tid_12724_time_9:55:45:733 DPETW@ "GAZE_LOG_CALI: 636.346	356.177	639.638	362.17	936.962	371.467	938.441	378.321	250.548	359.198	254.364	365.195	552.248	374.607	553.664	381.646	
39.1817	-150.985	338.068	-134.86	-413.291	-144.931	-113.94	-128.464	35.89	-156.979	336.589	-141.716	-417.108	-150.928	-115.357	-135.504	8.7261	-33.9038	-567.042	75.5611	-30.3324	-569.126	8.49207	-34.3783	-574.824	76.2558	-30.7541	-576.884	8.03765	-35.4408	-570.233	75.7487	-32.1086	-573.044	-0.0959766	-0.224406	0.969758	-0.123583	-0.330117	0.935815	-0.0959766	0.0342318	0.994795	-0.123583	-0.0766618	0.989369	-0.0959766	0.0342318	0.994795	-0.123583	-0.0766618	0.989369	-5.51077	1.96172	-7.12	-4.39671	-5.51077	1.96172	-7.12	-4.39671	80.7947	96.203	133.176	39.8432	450.738	536.698	742.961	222.277	584.225	355.136	1	0	0
"
 tid_12724_time_9:55:45:755 DPETW@ "GAZE_LOG_CALI: 636.549	356.155	639.825	362.206	937.085	371.666	938.639	378.567	250.579	359.222	254.366	365.283	552.347	374.688	553.758	381.826	
39.3684	-150.949	338.266	-134.614	-413.289	-144.843	-113.846	-128.284	36.0926	-157.001	336.712	-141.517	-417.078	-150.905	-115.257	-135.423	8.76399	-33.8759	-566.806	75.5875	-30.2775	-568.99	8.53038	-34.3501	-574.588	76.2828	-30.6985	-576.747	8.07997	-35.4268	-570.01	75.7723	-32.075	-573.007	-0.0953475	-0.227913	0.969002	-0.12704	-0.342567	0.930864	-0.0953475	0.0306494	0.994972	-0.12704	-0.0899693	0.987809	-0.0953475	0.0306494	0.994972	-0.12704	-0.0899693	0.987809	-5.4739	1.75635	-7.32846	-5.16184	-5.4739	1.75635	-7.32846	-5.16184	81.1972	94.3796	131.254	32.7231	452.983	526.525	732.242	182.556	577.625	324.945	1	0	0
"
 tid_12724_time_9:55:45:778 DPETW@ "GAZE_LOG_CALI: 636.516	355.949	639.856	362.149	937.239	371.592	938.708	378.517	250.59	359.124	254.344	365.162	552.371	374.589	553.781	381.776	
39.3999	-151.006	338.335	-134.664	-413.311	-144.963	-113.823	-128.333	36.0598	-157.208	336.866	-141.591	-417.066	-151.003	-115.233	-135.521	8.77007	-33.8914	-566.735	75.5949	-30.2854	-568.928	8.53652	-34.366	-574.517	76.2904	-30.7065	-576.686	8.07384	-35.4641	-570.061	75.7852	-32.0857	-572.85	-0.10032	-0.238096	0.966047	-0.122996	-0.335839	0.933854	-0.10032	0.0200485	0.994753	-0.122996	-0.0826966	0.988956	-0.10032	0.0200485	0.994753	-0.122996	-0.0826966	0.988956	-5.75874	1.14877	-7.08945	-4.74358	-5.75874	1.14877	-7.08945	-4.74358	78.5607	88.7585	133.52	36.6974	438.274	495.166	744.881	204.728	576.127	319.33	1	0	0
"
 tid_12724_time_9:55:45:799 DPETW@ "GAZE_LOG_CALI: 636.495	355.862	639.83	362.067	937.299	371.556	938.777	378.372	250.526	359.034	254.228	365.06	552.325	374.522	553.681	381.715	
39.3732	-151.088	338.404	-134.809	-413.427	-145.066	-113.924	-128.395	36.0389	-157.294	336.927	-141.626	-417.13	-151.093	-115.28	-135.588	8.76208	-33.9055	-566.625	75.5811	-30.2969	-568.71	8.52837	-34.3803	-574.407	76.2767	-30.7183	-576.468	8.06851	-35.4804	-570.005	75.7802	-32.0892	-572.704	-0.100826	-0.241202	0.965223	-0.123016	-0.339657	0.93247	-0.100826	0.0168348	0.994762	-0.123016	-0.0867427	0.988606	-0.100826	0.0168348	0.994762	-0.123016	-0.0867427	0.988606	-5.78754	0.96461	-7.09307	-4.97624	-5.78754	0.96461	-7.09307	-4.97624	78.2956	87.0658	133.499	34.5725	436.796	485.723	744.764	192.873	574.384	306.406	1	0	0
"
 tid_12724_time_9:55:45:821 DPETW@ "GAZE_LOG_CALI: 636.459	356.019	639.781	362.132	937.224	371.641	938.713	378.492	250.366	359.142	254.052	365.181	552.229	374.544	553.618	381.771	
39.3246	-151.024	338.34	-134.689	-413.602	-144.945	-113.987	-128.339	36.0026	-157.137	336.851	-141.542	-417.291	-150.985	-115.376	-135.566	8.74844	-33.8754	-566.465	75.5672	-30.2775	-568.714	8.51447	-34.3499	-574.247	76.2625	-30.6986	-576.472	8.05786	-35.441	-569.848	75.7596	-32.0756	-572.676	-0.100251	-0.239557	0.965693	-0.123582	-0.33838	0.932859	-0.100251	0.0185452	0.994789	-0.123582	-0.0854083	0.988652	-0.100251	0.0185452	0.994789	-0.123582	-0.0854083	0.988652	-5.7546	1.06262	-7.12503	-4.89951	-5.7546	1.06262	-7.12503	-4.89951	78.603	88.041	133.183	35.3082	438.51	491.163	743.001	196.977	574.752	312.174	1	0	0
"
 tid_12724_time_9:55:45:843 DPETW@ "GAZE_LOG_CALI: 636.349	356.292	639.654	362.533	937.222	371.796	938.634	378.767	250.19	359.495	253.898	365.592	552.095	374.684	553.5	382.035	
39.1974	-150.622	338.261	-134.414	-413.757	-144.534	-114.104	-128.074	35.8925	-156.864	336.849	-141.387	-417.466	-150.631	-115.51	-135.426	8.72004	-33.7822	-566.423	75.5426	-30.2144	-568.662	8.48565	-34.2555	-574.205	76.2377	-30.6347	-576.42	8.03182	-35.3657	-569.765	75.7368	-32.0331	-572.509	-0.0986877	-0.241414	0.965391	-0.119758	-0.334274	0.934837	-0.0986877	0.0166735	0.994979	-0.119758	-0.0809299	0.989499	-0.0986877	0.0166735	0.994979	-0.119758	-0.0809299	0.989499	-5.6644	0.955363	-6.90089	-4.64202	-5.6644	0.955363	-6.90089	-4.64202	79.4147	87.1484	135.27	37.8273	443.039	486.184	754.644	211.031	583.88	318.309	1	0	0
"
 tid_12724_time_9:55:45:865 DPETW@ "GAZE_LOG_CALI: 636.147	356.685	639.421	362.911	937.118	372.071	938.46	378.971	249.955	359.947	253.715	365.986	551.926	374.944	553.291	382.286	
38.9648	-150.244	338.087	-134.21	-413.94	-144.14	-114.314	-127.824	35.6903	-156.472	336.745	-141.112	-417.701	-150.18	-115.679	-135.166	8.66916	-33.6999	-566.485	75.4975	-30.1611	-568.616	8.43409	-34.172	-574.268	76.1921	-30.5807	-576.374	7.98616	-35.2681	-569.718	75.7019	-31.9679	-572.421	-0.0952865	-0.23317	0.967756	-0.116201	-0.328889	0.937192	-0.0952865	0.0252487	0.99513	-0.116201	-0.0751196	0.990381	-0.0952865	0.0252487	0.99513	-0.116201	-0.0751196	0.990381	-5.46956	1.4468	-6.69191	-4.3081	-5.46956	1.4468	-6.69191	-4.3081	81.1665	91.76	137.191	41.0457	452.812	511.911	765.36	228.986	596.665	345.333	1	0	0
"
 tid_12724_time_9:55:45:887 DPETW@ "GAZE_LOG_CALI: 635.768	357.081	639.005	363.313	936.885	372.276	938.138	379.081	249.486	360.236	253.273	366.275	551.556	375.152	552.912	382.5	
38.5483	-149.842	337.765	-134.1	-414.382	-143.851	-114.692	-127.61	35.3118	-156.075	336.512	-140.907	-418.17	-149.891	-116.049	-134.958	8.57601	-33.621	-566.451	75.4155	-30.1209	-568.54	8.33962	-34.092	-574.233	76.1091	-30.54	-576.298	7.89939	-35.1845	-569.607	75.6258	-31.9114	-572.239	-0.0922251	-0.228868	0.969079	-0.112089	-0.318077	0.941415	-0.0922251	0.0297467	0.995294	-0.112089	-0.0635825	0.991662	-0.0922251	0.0297467	0.995294	-0.112089	-0.0635825	0.991662	-5.29398	1.70461	-6.44884	-3.64547	-5.29398	1.70461	-6.44884	-3.64547	82.7047	94.2284	139.396	47.3343	461.393	525.682	777.662	264.069	609.734	375.167	1	0	0
"
 tid_12724_time_9:55:45:908 DPETW@ "GAZE_LOG_CALI: 635.506	357.194	638.87	363.504	936.62	372.309	937.917	379.214	249.229	360.456	252.937	366.538	551.303	375.273	552.609	382.631	
38.4139	-149.651	337.544	-133.967	-414.718	-143.587	-114.995	-127.478	35.0494	-155.962	336.246	-140.874	-418.427	-149.67	-116.302	-134.837	8.54187	-33.5552	-566.194	75.3521	-30.0857	-568.435	8.30489	-34.0255	-573.977	76.0448	-30.5045	-576.193	7.84119	-35.1471	-569.606	75.5682	-31.8952	-572.261	-0.102231	-0.247279	0.963536	-0.113536	-0.331328	0.93666	-0.102231	0.0105282	0.994705	-0.113536	-0.0776126	0.990498	-0.102231	0.0105282	0.994705	-0.113536	-0.0776126	0.990498	-5.86796	0.603233	-6.53902	-4.45135	-5.86796	0.603233	-6.53902	-4.45135	77.3569	84.1708	138.496	39.8474	431.559	469.572	772.643	222.301	587.189	315.351	1	0	0
"
 tid_12724_time_9:55:45:934 DPETW@ "GAZE_LOG_CALI: 635.256	357.453	638.525	363.787	936.449	372.516	937.734	379.417	248.885	360.696	252.714	366.789	550.993	375.353	552.321	382.774	
38.0684	-149.368	337.36	-133.764	-414.942	-143.336	-115.283	-127.336	34.799	-155.703	336.075	-140.666	-418.772	-149.431	-116.612	-134.757	8.46776	-33.5045	-566.344	75.2929	-30.0398	-568.296	8.22981	-33.974	-574.126	75.985	-30.458	-576.054	7.7833	-35.084	-569.487	75.5058	-31.8527	-572.076	-0.0931972	-0.231684	0.968316	-0.112942	-0.328699	0.937657	-0.0931972	0.0268287	0.995286	-0.112942	-0.074815	0.990781	-0.0931972	0.0268287	0.995286	-0.112942	-0.074815	0.990781	-5.3495	1.53736	-6.50323	-4.2906	-5.3495	1.53736	-6.50323	-4.2906	82.0859	92.8212	138.786	41.4472	457.941	517.831	774.26	231.225	604.509	350.749	1	0	0
"
 tid_12724_time_9:55:45:956 DPETW@ "GAZE_LOG_CALI: 635.064	357.565	638.332	363.894	936.243	372.632	937.654	379.618	248.692	360.81	252.394	366.917	550.82	375.484	552.159	382.93	
37.8759	-149.261	337.281	-133.563	-415.262	-143.208	-115.445	-127.18	34.607	-155.591	335.869	-140.551	-418.965	-149.317	-116.785	-134.626	8.42221	-33.4689	-566.182	75.261	-29.9944	-568.19	8.18355	-33.938	-573.965	75.9528	-30.412	-575.948	7.74058	-35.0584	-569.482	75.4649	-31.8272	-572.117	-0.0954267	-0.241369	0.96573	-0.1186	-0.344032	0.931438	-0.0954267	0.0168045	0.995295	-0.1186	-0.0912354	0.988742	-0.0954267	0.0168045	0.995295	-0.1186	-0.0912354	0.988742	-5.47666	0.962875	-6.83996	-5.23468	-5.47666	0.962875	-6.83996	-5.23468	80.8723	87.5814	135.605	32.6366	451.17	488.599	756.514	182.073	588.22	302.673	1	0	0
"
 tid_12724_time_9:55:45:978 DPETW@ "GAZE_LOG_CALI: 635.088	357.596	638.259	363.871	936.283	372.645	937.638	379.548	248.617	360.823	252.369	366.922	550.83	375.454	552.143	382.907	
37.8028	-149.284	337.264	-133.633	-415.286	-143.204	-115.461	-127.203	34.6317	-155.56	335.91	-140.538	-419.04	-149.304	-116.775	-134.656	8.40733	-33.4743	-566.238	75.2572	-30.0047	-568.188	8.16849	-33.9435	-574.021	75.949	-30.4224	-575.946	7.74413	-35.0458	-569.357	75.4687	-31.8269	-572.075	-0.0882111	-0.229144	0.969387	-0.115838	-0.338723	0.933728	-0.0882111	0.0295599	0.995663	-0.115838	-0.0855145	0.98958	-0.0882111	0.0295599	0.995663	-0.115838	-0.0855145	0.98958	-5.06292	1.6939	-6.67655	-4.90561	-5.06292	1.6939	-6.67655	-4.90561	84.6937	94.3171	137.136	35.7346	472.489	526.176	765.052	199.356	606.463	336.898	1	0	0
"
 tid_12724_time_9:55:46:0 DPETW@ "GAZE_LOG_CALI: 635.11	357.533	638.375	363.809	936.351	372.639	937.717	379.538	248.673	360.696	252.458	366.864	550.906	375.434	552.209	382.867	
37.9181	-149.346	337.343	-133.643	-415.197	-143.261	-115.396	-127.243	34.6538	-155.623	335.977	-140.543	-418.984	-149.431	-116.698	-134.676	8.43247	-33.4856	-566.205	75.2728	-30.0096	-568.175	8.19396	-33.9549	-573.987	75.9648	-30.4274	-575.933	7.74963	-35.0699	-569.403	75.4855	-31.8304	-572.087	-0.0937573	-0.23526	0.9674	-0.116262	-0.340301	0.933102	-0.0937573	0.0231377	0.995326	-0.116262	-0.087201	0.989383	-0.0937573	0.0231377	0.995326	-0.116262	-0.087201	0.989383	-5.38124	1.32581	-6.70207	-5.0026	-5.38124	1.32581	-6.70207	-5.0026	81.7673	90.9154	136.913	34.8213	456.164	507.199	763.813	194.261	596.083	321.757	1	0	0
"
 tid_12724_time_9:55:46:22 DPETW@ "GAZE_LOG_CALI: 635.286	357.26	638.608	363.536	936.535	372.597	937.917	379.472	248.839	360.497	252.668	366.628	551.002	375.463	552.324	382.812	
38.1518	-149.619	337.544	-133.709	-414.987	-143.498	-115.281	-127.298	34.8293	-155.896	336.162	-140.586	-418.818	-149.63	-116.602	-134.647	8.48365	-33.5408	-566.18	75.3028	-30.0169	-568.059	8.24585	-34.0109	-573.962	75.9953	-30.435	-575.817	7.78859	-35.1221	-569.392	75.512	-31.8256	-571.975	-0.0967662	-0.235145	0.967131	-0.117469	-0.337986	0.933792	-0.0967662	0.0231789	0.995037	-0.117469	-0.0847861	0.989451	-0.0967662	0.0231789	0.995037	-0.117469	-0.0847861	0.98945	-5.55448	1.32817	-6.77057	-4.86372	-5.55448	1.32817	-6.77057	-4.86372	80.2135	90.8923	136.315	36.1512	447.495	507.07	760.473	201.68	589.898	325.667	1	0	0
"
 tid_12724_time_9:55:46:44 DPETW@ "GAZE_LOG_CALI: 635.45	357.249	638.781	363.574	936.682	372.685	938.001	379.564	248.898	360.43	252.823	366.606	551.101	375.483	552.423	382.853	
38.3244	-149.581	337.627	-133.616	-414.832	-143.519	-115.181	-127.257	34.993	-155.907	336.309	-140.497	-418.759	-149.697	-116.504	-134.628	8.5217	-33.5377	-566.158	75.3244	-30.0035	-568.086	8.28442	-34.0078	-573.94	76.0173	-30.4213	-575.844	7.8236	-35.1224	-569.256	75.5369	-31.8101	-571.915	-0.0952654	-0.230414	0.968418	-0.114497	-0.331027	0.936649	-0.0952654	0.0280821	0.995056	-0.114497	-0.077325	0.99041	-0.0952654	0.0280821	0.995056	-0.114497	-0.077325	0.99041	-5.46876	1.6092	-6.59444	-4.43482	-5.46876	1.6092	-6.59444	-4.43482	81.0505	93.4991	137.985	40.1929	452.164	521.613	769.792	224.228	598.891	348.433	1	0	0
"
 tid_12724_time_9:55:46:66 DPETW@ "GAZE_LOG_CALI: 635.552	357.327	638.852	363.713	936.83	372.815	938.07	379.77	248.984	360.659	252.793	366.766	551.128	375.682	552.52	383.079	
38.3954	-149.442	337.697	-133.411	-414.862	-143.359	-115.085	-127.031	35.0952	-155.829	336.457	-140.367	-418.673	-149.468	-116.477	-134.428	8.53543	-33.4968	-566.03	75.3445	-29.957	-568.119	8.29829	-33.9665	-573.813	76.0376	-30.3742	-575.877	7.84583	-35.087	-569.238	75.5495	-31.7644	-571.759	-0.0956327	-0.236828	0.966833	-0.111584	-0.317868	0.941546	-0.0956327	0.0214766	0.995185	-0.111584	-0.0633466	0.991734	-0.0956327	0.0214766	0.995185	-0.111584	-0.0633466	0.991734	-5.48901	1.23062	-6.41961	-3.63192	-5.48901	1.23062	-6.41961	-3.63192	80.8871	90.0671	139.64	47.7554	451.253	502.466	779.021	266.418	604.243	362.47	1	0	0
"
 tid_12724_time_9:55:46:88 DPETW@ "GAZE_LOG_CALI: 635.41	357.59	638.741	363.859	936.797	372.929	937.975	379.933	248.809	360.806	252.601	366.926	550.998	375.769	552.392	383.245	
38.2843	-149.296	337.602	-133.248	-415.054	-143.2	-115.212	-126.864	34.9538	-155.566	336.423	-140.253	-418.848	-149.321	-116.607	-134.341	8.50941	-33.4565	-565.923	75.3176	-29.9178	-568.076	8.27185	-33.9256	-573.705	76.0103	-30.3345	-575.834	7.81384	-35.0383	-569.193	75.5255	-31.7349	-571.634	-0.0980847	-0.238281	0.966231	-0.108856	-0.314428	0.943019	-0.0980847	0.0199171	0.994979	-0.108856	-0.0596423	0.992267	-0.0980847	0.0199171	0.994979	-0.108856	-0.0596423	0.992267	-5.63001	1.14124	-6.26059	-3.41928	-5.63001	1.14124	-6.26059	-3.41928	79.5598	89.3084	141.106	49.8043	443.848	498.234	787.2	277.848	604.935	366.77	1	0	0
"
 tid_12724_time_9:55:46:110 DPETW@ "GAZE_LOG_CALI: 635.24	357.552	638.522	363.865	936.528	373.007	937.879	379.912	248.57	360.763	252.295	366.914	550.823	375.693	552.239	383.179	
38.0656	-149.29	337.505	-133.268	-415.361	-143.212	-115.365	-126.931	34.7833	-155.604	336.155	-140.176	-419.087	-149.363	-116.782	-134.417	8.45881	-33.4508	-565.813	75.2864	-29.9238	-568.004	8.2205	-33.92	-573.595	75.9788	-30.3406	-575.762	7.77439	-35.042	-569.106	75.4809	-31.7412	-571.749	-0.0959563	-0.241347	0.965683	-0.116373	-0.3273	0.937727	-0.0959563	0.0168139	0.995244	-0.116373	-0.0734462	0.990486	-0.0959563	0.0168139	0.995243	-0.116373	-0.0734462	0.990486	-5.50715	0.963414	-6.70098	-4.21195	-5.50715	0.963414	-6.70098	-4.21195	80.6599	87.6939	136.955	42.376	449.985	489.227	764.042	236.407	593.835	336.04	1	0	0
"
 tid_12724_time_9:55:46:131 DPETW@ "GAZE_LOG_CALI: 635.003	357.507	638.155	363.804	936.346	372.868	937.699	379.791	248.233	360.736	251.951	366.785	550.501	375.702	551.957	383.116	
37.6987	-149.351	337.325	-133.389	-415.705	-143.341	-115.647	-126.993	34.5465	-155.649	335.972	-140.314	-419.424	-149.391	-117.104	-134.408	8.37782	-33.4736	-565.84	75.2282	-29.937	-567.863	8.13839	-33.9431	-573.622	75.92	-30.3541	-575.621	7.72006	-35.042	-568.972	75.4162	-31.7462	-571.575	-0.0872065	-0.229081	0.969493	-0.116951	-0.323157	0.939091	-0.0872065	0.029648	0.995749	-0.116951	-0.0690911	0.990732	-0.0872065	0.029648	0.995749	-0.116951	-0.0690911	0.990731	-5.00512	1.69896	-6.73231	-3.96178	-5.00512	1.69896	-6.73231	-3.96178	85.2336	94.4545	136.618	44.7494	475.501	526.943	762.166	249.648	608.491	367.325	1	0	0
"
 tid_12724_time_9:55:46:154 DPETW@ "GAZE_LOG_CALI: 634.654	357.445	637.903	363.725	936.052	372.812	937.344	379.737	247.902	360.666	251.696	366.774	550.14	375.604	551.537	383.035	
37.4462	-149.43	336.97	-133.444	-415.959	-143.352	-116.067	-127.075	34.1977	-155.711	335.678	-140.371	-419.756	-149.461	-117.465	-134.507	8.32172	-33.4833	-565.835	75.1382	-29.9483	-567.787	8.0815	-33.953	-573.617	75.8288	-30.3656	-575.545	7.64218	-35.0582	-568.995	75.3383	-31.7583	-571.478	-0.0920577	-0.23161	0.968443	-0.113375	-0.321887	0.939965	-0.0920577	0.0269339	0.995389	-0.113375	-0.0676377	0.991247	-0.0920577	0.0269339	0.995389	-0.113375	-0.0676377	0.991247	-5.28392	1.54338	-6.5249	-3.87832	-5.28392	1.54338	-6.5249	-3.87832	82.5916	93.0144	138.48	45.5594	460.762	518.909	772.554	254.167	606.031	365.074	1	0	0
"
 tid_12724_time_9:55:46:176 DPETW@ "GAZE_LOG_CALI: 634.214	357.373	637.535	363.707	935.673	372.686	937.009	379.59	247.362	360.603	251.095	366.758	549.725	375.467	551.14	382.926	
37.0784	-149.448	336.635	-133.59	-416.561	-143.368	-116.464	-127.184	33.7577	-155.783	335.299	-140.497	-420.296	-149.524	-117.88	-134.643	8.2357	-33.4693	-565.532	75.0524	-29.9723	-567.7	7.99415	-33.939	-573.314	75.742	-30.39	-575.459	7.54247	-35.0652	-568.861	75.2471	-31.7855	-571.435	-0.097861	-0.244001	0.964825	-0.115414	-0.325464	0.938484	-0.097861	0.0140278	0.995101	-0.115414	-0.071476	0.990743	-0.097861	0.0140278	0.995101	-0.115414	-0.071476	0.990743	-5.61656	0.80376	-6.64456	-4.09877	-5.61656	0.80376	-6.64456	-4.09877	79.4446	86.2699	137.282	43.4933	443.205	481.282	765.871	242.64	591.101	334.818	1	0	0
"
 tid_12724_time_9:55:46:198 DPETW@ "GAZE_LOG_CALI: 633.858	357.145	637.019	363.385	935.368	372.485	936.686	379.241	246.972	360.345	250.813	366.449	549.328	375.243	550.744	382.6	
36.5624	-149.77	336.311	-133.939	-416.843	-143.677	-116.86	-127.51	33.4016	-156.01	334.994	-140.698	-420.685	-149.782	-118.277	-134.867	8.12506	-33.5576	-565.835	74.9678	-30.0429	-567.607	7.8821	-34.0282	-573.617	75.6563	-30.4617	-575.365	7.46214	-35.1171	-568.82	75.1628	-31.8266	-571.314	-0.0850637	-0.220559	0.971657	-0.114673	-0.317163	0.941413	-0.0850637	0.0384399	0.995634	-0.114673	-0.0627003	0.991423	-0.0850637	0.0384399	0.995634	-0.114673	-0.0627003	0.991423	-4.88331	2.20298	-6.59783	-3.59482	-4.88331	2.20298	-6.59783	-3.59482	86.1087	99.0291	137.647	48.1709	480.383	552.463	767.907	268.736	615.839	394.044	1	0	0
"
 tid_12724_time_9:55:46:220 DPETW@ "GAZE_LOG_CALI: 633.374	356.724	636.698	362.936	934.925	371.848	936.166	378.795	246.358	359.984	250.132	365.987	548.833	374.689	550.278	382.08	
36.241	-150.219	335.792	-134.385	-417.524	-144.139	-117.327	-128.03	32.9174	-156.432	334.551	-141.335	-421.3	-150.143	-118.772	-135.421	8.04723	-33.6316	-565.371	74.8609	-30.1545	-567.676	7.80297	-34.1037	-573.153	75.5478	-30.5748	-575.434	7.35182	-35.1943	-568.651	75.0543	-31.9567	-571.244	-0.0969327	-0.23433	0.967312	-0.111175	-0.311298	0.943787	-0.0969327	0.0240132	0.995001	-0.111175	-0.0564203	0.992198	-0.0969327	0.0240132	0.995001	-0.111175	-0.0564203	0.992198	-5.56418	1.37599	-6.39326	-3.23436	-5.56418	1.37599	-6.39326	-3.23436	79.759	91.4355	139.45	51.4208	444.959	510.1	777.966	286.866	601.401	378.81	1	0	0
"
 tid_12724_time_9:55:46:242 DPETW@ "GAZE_LOG_CALI: 632.979	356.323	636.219	362.633	934.545	371.46	935.955	378.323	245.924	359.615	249.815	365.713	548.499	374.295	549.826	381.634	
35.7621	-150.522	335.58	-134.858	-417.841	-144.413	-117.779	-128.476	32.5222	-156.833	334.171	-141.723	-421.734	-150.512	-119.105	-135.816	7.94392	-33.7079	-565.575	74.7727	-30.2406	-567.363	7.69831	-34.1808	-573.357	75.4588	-30.6623	-575.122	7.26305	-35.2774	-568.599	74.9768	-32.0482	-571.305	-0.088794	-0.223696	0.970606	-0.117872	-0.338943	0.933394	-0.088794	0.0351377	0.99543	-0.117872	-0.0858135	0.989314	-0.088794	0.0351377	0.99543	-0.117872	-0.0858135	0.989314	-5.09739	2.01365	-6.7945	-4.9228	-5.09739	2.01365	-6.7945	-4.9228	83.9664	97.1943	135.641	35.6183	468.432	542.228	756.713	198.707	600.41	345.629	1	0	0
"
 tid_12724_time_9:55:46:264 DPETW@ "GAZE_LOG_CALI: 632.661	356.033	635.891	362.293	934.322	371.188	935.791	377.983	245.405	359.291	249.239	365.382	548.077	373.947	549.411	381.295	
35.4343	-150.862	335.417	-135.197	-418.417	-144.745	-118.193	-128.815	32.204	-157.124	333.948	-141.994	-422.253	-150.836	-119.528	-136.164	7.86676	-33.7636	-565.255	74.6936	-30.2991	-567.039	7.61992	-34.2377	-573.037	75.379	-30.7219	-574.797	7.18855	-35.3304	-568.344	74.893	-32.1033	-571.046	-0.0891771	-0.225898	0.970061	-0.120671	-0.342987	0.931557	-0.0891771	0.0328692	0.995473	-0.120671	-0.0901957	0.988586	-0.0891771	0.0328692	0.995473	-0.120671	-0.0901957	0.988587	-5.11904	1.88361	-6.95932	-5.17487	-5.11904	1.88361	-6.95932	-5.17487	83.7164	96.0103	134.056	33.2939	467.037	535.622	747.871	185.74	594.139	333.515	2	0	0
"
 tid_12724_time_9:55:46:286 DPETW@ "GAZE_LOG_CALI: 632.142	355.957	635.393	362.132	933.911	370.913	935.185	377.755	244.839	359.155	248.67	365.202	547.603	373.679	548.947	381.076	
34.9366	-151.023	334.81	-135.426	-418.987	-144.924	-118.658	-129.034	31.6854	-157.199	333.536	-142.27	-422.819	-150.973	-120.002	-136.432	7.75502	-33.796	-565.161	74.582	-30.3586	-567.216	7.50658	-34.2706	-572.942	75.2656	-30.7821	-574.974	7.07195	-35.3504	-568.283	74.7899	-32.1598	-570.963	-0.0905022	-0.22485	0.970181	-0.111472	-0.322852	0.939862	-0.0905022	0.0339134	0.995319	-0.111472	-0.0685968	0.991397	-0.0905022	0.0339134	0.995319	-0.111472	-0.0685968	0.991397	-5.1955	1.94347	-6.41536	-3.93339	-5.1955	1.94347	-6.41536	-3.93339	82.9038	96.5546	139.017	44.8433	462.504	538.659	775.55	250.172	609.164	374.585	1	1	1
"
 tid_12724_time_9:55:46:309 DPETW@ "GAZE_LOG_CALI: 631.648	355.833	634.914	362.094	933.534	370.679	934.829	377.616	244.2	359.116	247.983	365.164	546.971	373.472	548.384	380.916	
34.4571	-151.061	334.454	-135.565	-419.674	-144.962	-119.22	-129.194	31.1916	-157.323	333.159	-142.504	-423.459	-151.011	-120.634	-136.638	7.64497	-33.7887	-564.893	74.4676	-30.3779	-566.949	7.39487	-34.2633	-572.675	75.1499	-30.8018	-574.708	6.95934	-35.357	-568.096	74.662	-32.1909	-570.632	-0.092122	-0.231326	0.968505	-0.112586	-0.320515	0.940529	-0.092122	0.0272237	0.995376	-0.112586	-0.0661666	0.991437	-0.092122	0.0272237	0.995376	-0.112586	-0.0661666	0.991437	-5.28766	1.55999	-6.47865	-3.79384	-5.28766	1.55999	-6.47865	-3.79384	81.962	93.0851	138.339	46.2093	457.249	519.303	771.767	257.792	603.888	367.292	1	1	1
"
 tid_12724_time_9:55:46:331 DPETW@ "GAZE_LOG_CALI: 631.066	355.686	634.251	361.962	933.029	370.489	934.276	377.326	243.371	358.864	247.186	365.001	546.395	373.272	547.751	380.651	
33.7941	-151.193	333.901	-135.854	-420.472	-145.126	-119.853	-129.459	30.6088	-157.47	332.654	-142.694	-424.289	-151.264	-121.209	-136.839	7.4954	-33.8114	-564.721	74.3304	-30.4339	-566.839	7.24312	-34.2865	-572.502	75.011	-30.8587	-574.598	6.82568	-35.3821	-567.777	74.5368	-32.2297	-570.541	-0.0857381	-0.225013	0.970576	-0.11006	-0.318189	0.941617	-0.0857381	0.0338576	0.995742	-0.11006	-0.0636389	0.991885	-0.0857381	0.0338576	0.995742	-0.11006	-0.0636389	0.991885	-4.9213	1.94027	-6.33164	-3.64871	-4.9213	1.94027	-6.33164	-3.64871	85.2161	96.6013	139.588	47.5546	475.404	538.919	778.734	265.297	618.31	384.274	1	1	1
"
 tid_12724_time_9:55:46:353 DPETW@ "GAZE_LOG_CALI: 630.702	355.547	633.891	361.849	932.694	370.354	933.901	377.114	242.828	358.805	246.723	364.86	545.85	373.165	547.283	380.543	
33.4342	-151.307	333.525	-136.066	-420.935	-145.266	-120.322	-129.567	30.2456	-157.609	332.319	-142.829	-424.831	-151.322	-121.755	-136.945	7.41394	-33.8316	-564.586	74.231	-30.4635	-566.722	7.16046	-34.3072	-572.368	74.9103	-30.8888	-574.481	6.74194	-35.3899	-567.547	74.426	-32.2415	-570.268	-0.0843989	-0.218346	0.972215	-0.108789	-0.303849	0.946489	-0.0843989	0.0407215	0.9956	-0.108789	-0.048526	0.99288	-0.0843989	0.0407215	0.9956	-0.108789	-0.048526	0.99288	-4.84549	2.33382	-6.25293	-2.78143	-4.84549	2.33382	-6.25293	-2.78143	85.8459	100.239	140.236	55.6456	478.917	559.215	782.349	310.436	624.508	422.828	1	1	1
"
 tid_12724_time_9:55:46:375 DPETW@ "GAZE_LOG_CALI: 630.232	355.485	633.503	361.796	932.372	370.377	933.695	377.123	242.276	358.754	246.051	364.853	545.375	373.089	546.728	380.544	
33.0458	-151.359	333.32	-136.058	-421.606	-145.274	-120.877	-129.566	29.7751	-157.672	331.997	-142.805	-425.384	-151.373	-122.23	-137.021	7.3231	-33.8167	-564.224	74.1263	-30.4384	-566.272	7.06817	-34.2924	-572.005	74.8047	-30.8637	-574.031	6.63551	-35.3963	-567.445	74.3281	-32.2362	-570.068	-0.0918271	-0.23429	0.96782	-0.112908	-0.325155	0.938896	-0.0918271	0.0241831	0.995481	-0.112908	-0.0710718	0.99106	-0.0918271	0.0241831	0.995481	-0.112908	-0.0710718	0.99106	-5.27028	1.38573	-6.4995	-4.07555	-5.27028	1.38573	-6.4995	-4.07555	81.8567	91.606	137.875	43.7412	456.662	511.051	769.179	244.023	601.334	354.088	1	1	1
"
 tid_12724_time_9:55:46:398 DPETW@ "GAZE_LOG_CALI: 629.93	355.519	633.133	361.852	932.145	370.275	933.42	377.148	241.796	358.785	245.659	364.899	545.034	373.065	546.43	380.531	
32.6763	-151.304	333.044	-136.033	-421.999	-145.227	-121.175	-129.579	29.4732	-157.637	331.769	-142.908	-425.863	-151.343	-122.571	-137.046	7.241	-33.8035	-564.191	74.0612	-30.4356	-566.245	6.98491	-34.279	-571.972	74.7387	-30.8609	-574.004	6.56565	-35.3749	-567.216	74.2581	-32.2425	-569.926	-0.0855903	-0.223725	0.970887	-0.110947	-0.31892	0.941266	-0.0855903	0.0351819	0.995709	-0.110947	-0.0644356	0.991735	-0.0855903	0.0351819	0.995709	-0.110947	-0.0644356	0.991735	-4.91302	2.01619	-6.38321	-3.69445	-4.91302	2.01619	-6.38321	-3.69445	85.0783	97.428	138.898	47.3135	474.635	543.531	774.886	263.953	615.978	386.025	1	1	1
"
 tid_12724_time_9:55:46:419 DPETW@ "GAZE_LOG_CALI: 629.541	355.386	632.826	361.78	931.855	370.214	933.04	377.035	241.328	358.737	245.068	364.84	544.635	372.985	545.981	380.435	
32.3692	-151.376	332.664	-136.145	-422.59	-145.286	-121.623	-129.675	29.0838	-157.771	331.479	-142.969	-426.332	-151.391	-122.97	-137.125	7.16816	-33.7966	-563.829	73.9649	-30.4541	-566.155	6.91088	-34.2722	-571.61	74.6412	-30.8797	-573.914	6.47764	-35.3889	-567.115	74.1746	-32.25	-569.78	-0.0931191	-0.24001	0.966294	-0.106528	-0.312844	0.943812	-0.0931191	0.0182635	0.995487	-0.106528	-0.057908	0.992622	-0.0931191	0.0182635	0.995487	-0.106528	-0.057908	0.992622	-5.34397	1.04648	-6.1255	-3.31974	-5.34397	1.04648	-6.1255	-3.31974	81.0529	88.5959	141.215	50.8288	452.178	494.259	787.812	283.564	609.778	368.144	1	1	1
"
 tid_12724_time_9:55:46:441 DPETW@ "GAZE_LOG_CALI: 628.994	355.083	632.249	361.307	931.395	369.8	932.753	376.774	240.645	358.27	244.506	364.442	544.008	372.669	545.397	380.087	
31.7921	-151.848	332.377	-136.407	-423.153	-145.685	-122.208	-130.023	28.537	-158.073	331.019	-143.383	-427.015	-151.858	-123.597	-137.441	7.04061	-33.8942	-563.845	73.8511	-30.5014	-565.769	6.78155	-34.3712	-571.626	74.5262	-30.928	-573.528	6.35423	-35.4639	-566.938	74.0436	-32.32	-569.567	-0.0884184	-0.226094	0.970084	-0.114212	-0.329405	0.937256	-0.0884184	0.0326862	0.995547	-0.114212	-0.0756012	0.990576	-0.0884184	0.0326862	0.995547	-0.114212	-0.0756012	0.990576	-5.07534	1.87311	-6.5771	-4.33577	-5.07534	1.87311	-6.5771	-4.33577	83.4068	96.1025	136.93	41.4133	465.31	536.136	763.905	231.037	603.61	361.413	1	1	1
"
 tid_12724_time_9:55:46:464 DPETW@ "GAZE_LOG_CALI: 631.846	354.922	633.534	361.154	934.676	369.712	933.954	376.566	243.299	358.008	245.683	364.216	547.15	372.746	546.626	379.868	
33.0776	-152.001	333.579	-136.615	-421.975	-145.911	-120.978	-130.242	31.3893	-158.235	334.302	-143.472	-424.36	-152.12	-120.455	-137.364	7.32373	-33.9281	-563.712	74.1236	-30.5511	-565.812	7.06858	-34.4057	-571.493	74.8026	-30.9784	-573.57	6.98663	-35.4957	-566.697	74.7566	-32.3117	-569.407	-0.0166592	-0.221586	0.974999	-0.0105079	-0.304957	0.952308	-0.0166592	0.0383125	0.999127	-0.0105079	-0.0480902	0.998788	-0.0166592	0.0383125	0.999127	-0.0105079	-0.0480902	0.998788	-0.955249	2.19568	-0.602768	-2.75643	-0.955249	2.19568	-0.602768	-2.75643	121.576	98.9934	192.509	56.2219	678.247	552.264	1073.97	313.651	876.057	432.56	1	1	1
"
 tid_12724_time_9:55:46:486 DPETW@ "GAZE_LOG_CALI: 637.625	354.5	636.289	360.935	939.555	369.103	936.412	376.198	248.768	357.494	248.231	364.004	552.001	372.5	549.129	379.538	
35.8321	-152.22	336.038	-136.983	-419.426	-146.123	-118.476	-130.572	37.1685	-158.656	339.184	-144.081	-418.889	-152.633	-115.604	-137.611	7.92982	-33.9607	-563.465	74.6795	-30.6324	-565.884	7.68306	-34.439	-571.247	75.366	-31.0607	-573.642	8.26758	-35.5763	-566.331	75.8465	-32.4062	-569.394	0.115075	-0.223898	0.967795	0.107221	-0.300229	0.947822	0.115075	0.0342147	0.992767	0.107221	-0.0446851	0.99323	0.115075	0.0342147	0.992767	0.107221	-0.0446851	0.993231	6.61185	1.96074	6.16134	-2.56112	6.61185	1.96074	6.16134	-2.56112	191.763	96.9787	255.613	57.7891	1069.81	541.025	1426.01	322.394	1252.18	422.091	1	1	1
"
 tid_12724_time_9:55:46:508 DPETW@ "GAZE_LOG_CALI: 640.765	354.497	637.795	360.807	941.849	368.957	937.574	376.018	251.641	357.544	249.65	363.871	553.969	372.371	550.3	379.236	
37.3386	-152.349	337.2	-137.163	-418.006	-146.255	-117.304	-130.874	40.3084	-158.659	341.479	-144.227	-416.015	-152.583	-113.636	-137.74	8.26144	-33.9834	-563.365	74.9402	-30.6867	-565.901	8.01929	-34.4621	-571.147	75.6303	-31.1157	-573.659	8.96101	-35.55	-566.003	76.305	-32.4135	-568.986	0.176323	-0.203693	0.963026	0.137818	-0.265072	0.954329	0.176323	0.0524971	0.982932	0.137818	-0.00904115	0.990416	0.176323	0.0524971	0.982931	0.137818	-0.00904115	0.990416	10.1698	3.00924	7.92193	-0.518027	10.1698	3.00924	7.92193	-0.518027	225.384	106.917	272.347	76.6622	1257.37	596.469	1519.37	427.683	1394.94	503.363	1	1	1
"
 tid_12724_time_9:55:46:530 DPETW@ "GAZE_LOG_CALI: 640.271	354.318	637.299	360.632	941.765	368.906	937.275	375.866	251.126	357.381	248.959	363.783	553.815	372.306	549.919	379.11	
36.8421	-152.524	336.901	-137.315	-418.697	-146.344	-117.686	-131.001	39.8145	-158.839	341.395	-144.278	-416.531	-152.746	-113.789	-137.805	8.14793	-33.9977	-563.116	74.8595	-30.712	-565.793	7.90408	-34.4768	-570.897	75.5486	-31.1415	-573.55	8.85014	-35.587	-565.983	76.2746	-32.4217	-568.902	0.18456	-0.216574	0.958662	0.148896	-0.262589	0.95335	0.18456	0.038926	0.98205	0.148896	-0.00689605	0.988829	0.18456	0.038926	0.98205	0.148896	-0.00689605	0.988829	10.6437	2.23086	8.56314	-0.395118	10.6437	2.23086	8.56314	-0.395118	229.708	99.7334	278.28	77.8036	1281.49	556.393	1552.47	434.051	1427.51	481.749	1	1	1
"
 tid_12724_time_9:55:46:552 DPETW@ "GAZE_LOG_CALI: 639.984	354.1	637.008	360.35	941.589	368.627	937.129	375.674	250.788	357.124	248.717	363.515	553.534	372.026	549.697	378.869	
36.5513	-152.805	336.755	-137.508	-418.94	-146.612	-117.908	-131.241	39.5281	-159.056	341.219	-144.557	-416.868	-153.003	-114.07	-138.084	8.08475	-34.062	-563.172	74.814	-30.7547	-565.691	7.84004	-34.542	-570.953	75.5026	-31.1849	-573.448	8.78589	-35.6355	-565.912	76.217	-32.4765	-568.765	0.180357	-0.208519	0.961245	0.145476	-0.263016	0.953761	0.180357	0.0473747	0.98246	0.145476	-0.00720254	0.989336	0.180357	0.0473747	0.98246	0.145476	-0.00720254	0.989336	10.4024	2.71538	8.36507	-0.412678	10.4024	2.71538	8.36507	-0.412678	227.366	104.158	276.353	77.6272	1268.43	581.077	1541.72	433.067	1413.47	496.259	1	1	1
"
 tid_12724_time_9:55:46:574 DPETW@ "GAZE_LOG_CALI: 639.764	353.794	636.724	360.045	941.384	368.45	936.97	375.438	250.239	356.844	248.035	363.135	553.16	371.753	549.383	378.666	
36.2672	-153.11	336.596	-137.744	-419.622	-146.991	-118.222	-131.444	39.3077	-159.363	341.014	-144.735	-417.417	-153.283	-114.445	-138.357	8.01477	-34.1074	-562.666	74.7525	-30.7932	-565.498	7.76885	-34.5885	-570.447	75.4405	-31.224	-573.256	8.73039	-35.6748	-565.497	76.1423	-32.5147	-568.549	0.186406	-0.210583	0.959639	0.142324	-0.26174	0.954587	0.186406	0.044965	0.981443	0.142324	-0.00575632	0.989803	0.186406	0.044965	0.981443	0.142324	-0.00575632	0.989803	10.7541	2.57718	8.18251	-0.329815	10.7541	2.57718	8.18251	-0.329815	230.532	102.96	274.546	78.4133	1286.09	574.393	1531.64	437.452	1417.7	494.624	1	1	1
"
 tid_12724_time_9:55:46:597 DPETW@ "GAZE_LOG_CALI: 639.648	353.761	636.545	360.088	941.335	368.357	936.883	375.492	249.999	356.823	247.863	363.203	552.98	371.837	549.25	378.719	
36.0889	-153.068	336.509	-137.689	-419.794	-146.924	-118.355	-131.391	39.192	-159.395	340.965	-144.828	-417.658	-153.304	-114.624	-138.273	7.97545	-34.0958	-562.674	74.7253	-30.7779	-565.435	7.72897	-34.5767	-570.455	75.413	-31.2085	-573.193	8.70217	-35.6709	-565.339	76.1086	-32.5059	-568.377	0.182887	-0.205629	0.961389	0.138125	-0.257599	0.956329	0.182887	0.0502033	0.981851	0.138125	-0.00130549	0.990414	0.182887	0.0502033	0.981851	0.138125	-0.00130549	0.990414	10.5514	2.87765	7.93937	-0.0747991	10.5514	2.87765	7.93937	-0.0747991	228.575	105.755	272.227	80.8168	1275.17	589.986	1518.7	450.861	1403.49	512.035	1	1	1
"
 tid_12724_time_9:55:46:619 DPETW@ "GAZE_LOG_CALI: 639.519	354.012	636.374	360.253	941.254	368.486	936.827	375.741	249.762	357.024	247.688	363.368	552.858	372.061	549.079	378.927	
35.9175	-152.903	336.454	-137.44	-419.969	-146.759	-118.526	-131.183	39.0627	-159.144	340.884	-144.699	-417.895	-153.104	-114.746	-138.05	7.93714	-34.0592	-562.673	74.6933	-30.7191	-565.289	7.69012	-34.5396	-570.454	75.3808	-31.1491	-573.047	8.67166	-35.6119	-565.199	76.0836	-32.4638	-568.33	0.179998	-0.196635	0.963813	0.142079	-0.265762	0.953512	0.179998	0.0595187	0.981865	0.142079	-0.00991936	0.989806	0.179998	0.0595187	0.981865	0.142079	-0.00991936	0.989806	10.3882	3.41219	8.16855	-0.568347	10.3882	3.41219	8.16855	-0.568347	226.994	110.762	274.329	76.323	1266.36	617.917	1530.43	425.791	1404.94	513.52	1	1	1
"
 tid_12724_time_9:55:46:641 DPETW@ "GAZE_LOG_CALI: 639.271	354.25	636.089	360.542	941.015	368.808	936.737	375.897	249.462	357.255	247.204	363.653	552.599	372.197	548.811	379.101	
35.6323	-152.614	336.364	-137.285	-420.454	-146.473	-118.793	-131.009	38.815	-158.906	340.644	-144.377	-418.195	-152.873	-115.006	-137.913	7.87081	-33.9801	-562.415	74.6432	-30.6702	-565.062	7.62274	-34.4596	-570.196	75.3302	-31.0997	-572.819	8.61538	-35.5558	-565.135	76.0265	-32.4109	-568.3	0.188259	-0.207896	0.959864	0.146356	-0.275609	0.950063	0.188259	0.0476193	0.980964	0.146356	-0.0203238	0.989023	0.188259	0.0476193	0.980964	0.146356	-0.0203238	0.989023	10.8637	2.72942	8.41755	-1.16455	10.8637	2.72942	8.41755	-1.16455	231.383	104.569	276.588	70.8826	1290.84	583.367	1543.03	395.44	1427.98	475.122	1	1	1
"
 tid_12724_time_9:55:46:663 DPETW@ "GAZE_LOG_CALI: 638.41	354.252	635.681	360.684	940.336	368.753	936.022	375.804	248.587	357.291	246.708	363.749	551.803	372.036	548.293	379.032	
35.2242	-152.471	335.648	-137.378	-420.949	-146.377	-119.311	-131.078	37.9542	-158.904	339.965	-144.431	-419.071	-152.836	-115.802	-138.074	7.77918	-33.947	-562.302	74.5174	-30.7019	-565.313	7.52977	-34.4261	-570.083	75.2023	-31.1316	-573.071	8.42407	-35.5501	-565.112	75.8548	-32.4266	-568.15	0.172827	-0.217218	0.960701	0.127165	-0.252394	0.959232	0.172827	0.0388313	0.984186	0.127165	0.00447376	0.991871	0.172827	0.0388313	0.984186	0.127165	0.00447376	0.991871	9.95981	2.22543	7.30588	0.256328	9.95981	2.22543	7.30588	0.256328	222.732	99.867	266.069	83.9962	1242.58	557.138	1484.34	468.598	1368.1	506.346	1	1	1
"
 tid_12724_time_9:55:46:685 DPETW@ "GAZE_LOG_CALI: 637.974	354.163	635.017	360.62	939.806	368.584	935.72	375.673	248.086	357.285	246.017	363.71	551.371	371.852	547.783	378.858	
34.5604	-152.536	335.346	-137.508	-421.64	-146.417	-119.822	-131.252	37.5173	-158.994	339.435	-144.6	-419.572	-152.842	-116.233	-138.258	7.63213	-33.9563	-562.263	74.4149	-30.7211	-565.041	7.38064	-34.4356	-570.044	75.0988	-31.1513	-572.799	8.32583	-35.5557	-565.029	75.7527	-32.4729	-568.269	0.180907	-0.214385	0.95985	0.137268	-0.277413	0.950894	0.180907	0.0413469	0.982631	0.137268	-0.0218509	0.990293	0.180907	0.0413469	0.982631	0.137268	-0.0218509	0.990293	10.4316	2.36968	7.89166	-1.25206	10.4316	2.36968	7.89166	-1.25206	227.027	101.239	271.415	70.04	1266.54	564.793	1514.17	390.739	1400.06	464.187	1	1	1
"
 tid_12724_time_9:55:46:707 DPETW@ "GAZE_LOG_CALI: 637.45	354.122	634.661	360.617	939.338	368.368	935.218	375.542	247.482	357.261	245.623	363.735	550.866	371.832	547.288	378.838	
34.2048	-152.538	334.843	-137.64	-422.035	-146.392	-120.317	-131.272	36.994	-159.035	338.967	-144.816	-420.175	-152.866	-116.739	-138.279	7.5524	-33.9512	-562.219	74.3044	-30.7387	-565.054	7.29976	-34.4305	-570	74.9868	-31.1692	-572.812	8.20787	-35.5567	-564.93	75.6417	-32.4968	-568.223	0.172229	-0.213603	0.961619	0.135824	-0.275337	0.951705	0.172229	0.0425603	0.984137	0.135824	-0.0196359	0.990538	0.172229	0.0425603	0.984137	0.135824	-0.0196359	0.990538	9.92652	2.43926	7.80778	-1.12513	9.92652	2.43926	7.80778	-1.12513	222.175	101.866	270.518	71.2006	1239.47	568.288	1509.16	397.214	1382.28	471.271	1	1	1
"
 tid_12724_time_9:55:46:729 DPETW@ "GAZE_LOG_CALI: 636.922	354.18	634.167	360.605	938.986	368.374	934.904	375.586	247.054	357.325	245.028	363.716	550.448	371.86	546.865	378.793	
33.7106	-152.551	334.529	-137.596	-422.63	-146.411	-120.739	-131.317	36.4657	-158.977	338.614	-144.81	-420.604	-152.802	-117.157	-138.25	7.44172	-33.9469	-562.087	74.216	-30.7309	-564.907	7.18746	-34.4262	-569.868	74.8973	-31.1614	-572.665	8.09272	-35.5507	-565.049	75.5516	-32.4882	-568.139	0.179934	-0.223524	0.957946	0.137413	-0.278639	0.950515	0.179934	0.0320269	0.983157	0.137413	-0.0231329	0.990244	0.179934	0.0320269	0.983157	0.137413	-0.0231329	0.990244	10.3713	1.83532	7.90033	-1.32554	10.3713	1.83532	7.90033	-1.32554	226.233	96.3137	271.276	69.385	1262.11	537.315	1513.4	387.085	1398.6	446.534	1	1	1
"
 tid_12724_time_9:55:46:751 DPETW@ "GAZE_LOG_CALI: 636.682	354.169	633.845	360.605	938.702	368.334	934.623	375.542	246.721	357.247	244.794	363.734	550.055	371.817	546.518	378.79	
33.3886	-152.55	334.248	-137.639	-422.864	-146.393	-121.086	-131.32	36.2253	-158.987	338.331	-144.85	-420.937	-152.88	-117.55	-138.294	7.37257	-33.9511	-562.191	74.1425	-30.7316	-564.822	7.11739	-34.4303	-569.972	74.8228	-31.1622	-572.581	8.0378	-35.5532	-564.93	75.4694	-32.4893	-567.993	0.175434	-0.21402	0.960947	0.134151	-0.275371	0.951932	0.175434	0.0419835	0.983596	0.134151	-0.0196094	0.990767	0.175434	0.0419835	0.983596	0.134151	-0.0196094	0.990767	10.1129	2.40618	7.711	-1.12361	10.1129	2.40618	7.711	-1.12361	223.743	101.577	269.417	71.288	1248.22	566.68	1503.02	397.702	1383.74	470.52	1	1	1
"
 tid_12724_time_9:55:46:773 DPETW@ "GAZE_LOG_CALI: 636.18	354.049	633.475	360.4	938.347	368.318	934.163	375.371	246.23	357.195	244.346	363.564	549.71	371.663	546.095	378.653	
33.0181	-152.756	333.788	-137.81	-423.312	-146.563	-121.51	-131.457	35.7234	-159.108	337.975	-144.866	-421.428	-152.932	-117.895	-138.447	7.28925	-33.9868	-562.094	74.0459	-30.7679	-564.86	7.03285	-34.4667	-569.875	74.7248	-31.1989	-572.618	7.92657	-35.5732	-564.943	75.3917	-32.509	-568.006	0.174105	-0.215568	0.960842	0.137768	-0.270642	0.952771	0.174105	0.0404616	0.983895	0.137768	-0.014825	0.990354	0.174105	0.0404616	0.983895	0.137768	-0.014825	0.990354	10.0349	2.31891	7.91958	-0.849442	10.0349	2.31891	7.91958	-0.849442	222.905	100.747	271.277	73.7832	1243.54	562.045	1513.4	411.622	1386.41	475.575	1	1	1
"
 tid_12724_time_9:55:46:795 DPETW@ "GAZE_LOG_CALI: 636.004	353.958	633.167	360.232	938.096	368.165	934.023	375.255	246.147	357.007	244.139	363.403	549.602	371.594	545.96	378.571	
32.7099	-152.924	333.648	-137.927	-423.519	-146.723	-121.645	-131.539	35.5478	-159.198	337.725	-145.019	-421.512	-153.121	-118.002	-138.516	7.22256	-34.0311	-562.225	74.0159	-30.7908	-564.874	6.96529	-34.5115	-570.006	74.6944	-31.2221	-572.632	7.88899	-35.6118	-565.062	75.36	-32.5443	-568.19	0.179416	-0.213714	0.960279	0.14215	-0.282384	0.948711	0.179416	0.0421064	0.982872	0.14215	-0.0272178	0.989471	0.179416	0.0421064	0.982872	0.14215	-0.0272178	0.989471	10.345	2.41323	8.1753	-1.55966	10.345	2.41323	8.1753	-1.55966	225.783	101.573	273.646	67.1512	1259.6	566.653	1526.62	374.623	1403.68	455.769	1	1	1
"
 tid_12724_time_9:55:46:817 DPETW@ "GAZE_LOG_CALI: 635.867	353.965	633.069	360.211	938.077	368.185	933.989	375.232	246.113	357.026	244.107	363.39	549.555	371.577	545.898	378.59	
32.6126	-152.945	333.614	-137.949	-423.552	-146.737	-121.706	-131.52	35.4109	-159.191	337.706	-144.999	-421.545	-153.102	-118.05	-138.533	7.20209	-34.0398	-562.307	74.0036	-30.789	-564.836	6.94456	-34.5202	-570.088	74.682	-31.2204	-572.595	7.86066	-35.6168	-565.189	75.3509	-32.5419	-568.152	0.179522	-0.214887	0.959998	0.142844	-0.282205	0.94866	0.179522	0.0409012	0.982903	0.142844	-0.0270577	0.989375	0.179522	0.0409012	0.982903	0.142844	-0.0270577	0.989375	10.3507	2.34412	8.2155	-1.55048	10.3507	2.34412	8.2155	-1.55048	225.83	100.904	274.006	67.2474	1259.86	562.921	1528.62	375.16	1405.05	453.834	1	1	1
"
 tid_12724_time_9:55:46:839 DPETW@ "GAZE_LOG_CALI: 635.798	354.25	632.982	360.631	937.994	368.332	933.91	375.494	246.03	357.346	244.041	363.771	549.499	371.791	545.884	378.734	
32.5253	-152.524	333.535	-137.687	-423.618	-146.356	-121.721	-131.377	35.3419	-158.907	337.622	-144.852	-421.628	-152.781	-118.105	-138.319	7.18333	-33.9526	-562.331	73.9969	-30.7485	-564.919	6.92555	-34.4318	-570.112	74.6751	-31.1792	-572.677	7.84528	-35.5482	-565.168	75.3366	-32.5032	-568.182	0.178547	-0.216729	0.959765	0.13978	-0.279777	0.949835	0.178547	0.0390609	0.983156	0.13978	-0.0244084	0.989882	0.178547	0.0390609	0.983156	0.13978	-0.0244084	0.989882	10.2931	2.23859	8.03751	-1.39864	10.2931	2.23859	8.03751	-1.39864	225.276	99.999	272.341	68.681	1256.77	557.874	1519.34	383.157	1398.2	456.074	1	1	1
"
 tid_12724_time_9:55:46:861 DPETW@ "GAZE_LOG_CALI: 635.696	354.422	632.894	360.788	937.883	368.352	933.823	375.631	246.017	357.488	244.033	363.887	549.441	371.837	545.862	378.796	
32.4377	-152.367	333.447	-137.551	-423.626	-146.24	-121.743	-131.314	35.2395	-158.735	337.511	-144.832	-421.641	-152.639	-118.164	-138.273	7.16533	-33.9284	-562.43	73.9884	-30.7308	-565.001	6.90735	-34.4071	-570.211	74.6664	-31.1612	-572.76	7.82401	-35.5204	-565.281	75.3207	-32.4998	-568.251	0.178451	-0.216725	0.959784	0.137791	-0.281884	0.949502	0.178451	0.0390703	0.983173	0.137791	-0.02653	0.990106	0.178451	0.0390703	0.983173	0.137791	-0.02653	0.990106	10.2875	2.23914	7.92282	-1.52024	10.2875	2.23914	7.92282	-1.52024	225.223	100.006	271.269	67.5486	1256.47	557.913	1513.36	376.84	1395.07	452.741	1	1	1
"
 tid_12724_time_9:55:46:883 DPETW@ "GAZE_LOG_CALI: 635.723	354.42	632.862	360.811	937.8	368.345	933.694	375.529	246.007	357.544	244.021	363.91	549.399	371.806	545.791	378.735	
32.4051	-152.344	333.319	-137.652	-423.637	-146.217	-121.813	-131.375	35.2667	-158.737	337.428	-144.839	-421.652	-152.583	-118.206	-138.304	7.15838	-33.925	-562.458	73.9696	-30.7531	-565.078	6.90031	-34.4037	-570.239	74.6473	-31.1838	-572.836	7.82928	-35.5114	-565.235	75.3092	-32.5071	-568.305	0.178325	-0.212645	0.96072	0.13886	-0.277613	0.950605	0.178325	0.043253	0.98302	0.13886	-0.022119	0.990065	0.178325	0.043253	0.983021	0.13886	-0.022119	0.990065	10.2819	2.47899	7.98382	-1.26743	10.2819	2.47899	7.98382	-1.26743	225.169	102.235	271.832	69.8529	1256.17	570.347	1516.49	389.695	1395.5	467.117	1	1	1
"
 tid_12724_time_9:55:46:905 DPETW@ "GAZE_LOG_CALI: 635.521	354.331	632.834	360.77	937.72	368.299	933.658	375.465	245.997	357.372	244.013	363.841	549.352	371.75	545.779	378.655	
32.3769	-152.385	333.282	-137.716	-423.645	-146.286	-121.826	-131.455	35.0642	-158.826	337.348	-144.885	-421.661	-152.755	-118.253	-138.36	7.15268	-33.9386	-562.481	73.9656	-30.7709	-565.111	6.89454	-34.4174	-570.262	74.6432	-31.2017	-572.869	7.78744	-35.5559	-565.481	75.297	-32.521	-568.349	0.178769	-0.227951	0.957121	0.137514	-0.277479	0.950839	0.178769	0.0275369	0.983506	0.137514	-0.0219292	0.990257	0.178769	0.0275369	0.983506	0.137514	-0.0219292	0.990257	10.302	1.57795	7.90595	-1.25655	10.302	1.57795	7.90595	-1.25655	225.356	93.8355	271.101	69.9297	1257.22	523.49	1512.42	390.124	1395.88	440.57	1	1	1
"
 tid_12724_time_9:55:46:927 DPETW@ "GAZE_LOG_CALI: 635.588	354.286	632.839	360.686	937.737	368.267	933.644	375.393	246.085	357.362	244.119	363.816	549.452	371.711	545.85	378.624	
32.3821	-152.47	333.268	-137.789	-423.54	-146.31	-121.755	-131.486	35.1312	-158.871	337.364	-144.917	-421.573	-152.766	-118.152	-138.4	7.15533	-33.9583	-562.609	73.9765	-30.788	-565.214	6.89729	-34.4373	-570.39	74.6541	-31.2191	-572.973	7.80299	-35.5635	-565.504	75.3149	-32.535	-568.455	0.177727	-0.220991	0.958945	0.139049	-0.276901	0.950784	0.177727	0.034732	0.983467	0.139049	-0.0213851	0.990055	0.177727	0.034732	0.983467	0.139049	-0.0213851	0.990055	10.2436	1.9904	7.99467	-1.22537	10.2436	1.9904	7.99467	-1.22537	224.829	97.6197	271.957	70.1713	1254.28	544.601	1517.2	391.471	1395.9	453.427	1	1	1
"
 tid_12724_time_9:55:46:949 DPETW@ "GAZE_LOG_CALI: 635.759	354.17	632.977	360.559	937.947	368.215	933.777	375.277	246.317	357.281	244.467	363.705	549.659	371.632	546.028	378.54	
32.5206	-152.597	333.402	-137.904	-423.192	-146.421	-121.576	-131.57	35.3028	-158.986	337.575	-144.969	-421.342	-152.846	-117.945	-138.479	7.18926	-34.0007	-562.877	74.0137	-30.8133	-565.272	6.93183	-34.4801	-570.658	74.6917	-31.2446	-573.03	7.84222	-35.59	-565.58	75.3613	-32.5493	-568.449	0.172514	-0.210333	0.962289	0.139183	-0.27121	0.952404	0.172514	0.045893	0.983937	0.139183	-0.0154688	0.990146	0.172514	0.045893	0.983937	0.139183	-0.0154688	0.990146	9.94458	2.6304	8.00152	-0.886334	9.94458	2.6304	8.00152	-0.886334	222.086	103.454	272.066	73.2822	1238.97	577.151	1517.8	408.827	1385.8	482.591	1	1	1
"
 tid_12724_time_9:55:46:971 DPETW@ "GAZE_LOG_CALI: 636.052	354.045	633.36	360.386	938.204	368.096	934.021	375.159	246.64	357.08	244.826	363.567	549.945	371.538	546.392	378.486	
32.9035	-152.77	333.646	-138.022	-422.832	-146.559	-121.212	-131.624	35.5955	-159.112	337.832	-145.088	-421.018	-153.047	-117.66	-138.573	7.27351	-34.0334	-562.849	74.0884	-30.8409	-565.43	7.01725	-34.5133	-570.63	74.7672	-31.2725	-573.188	7.90782	-35.629	-565.621	75.4238	-32.5754	-568.488	0.170971	-0.214191	0.961713	0.13341	-0.264743	0.955046	0.170971	0.0420167	0.98438	0.13341	-0.00853816	0.991024	0.170971	0.0420167	0.98438	0.13341	-0.00853816	0.991024	9.85307	2.40809	7.66698	-0.489206	9.85307	2.40809	7.66698	-0.489206	221.303	101.353	269.024	76.9078	1234.6	565.428	1500.83	429.053	1373.96	488.32	1	1	1
"
 tid_12724_time_9:55:46:993 DPETW@ "GAZE_LOG_CALI: 636.664	353.977	633.921	360.277	938.706	368.169	934.622	375.227	247.284	357.096	245.376	363.448	550.602	371.523	546.915	378.528	
33.4641	-152.878	334.247	-137.954	-422.282	-146.679	-120.69	-131.582	36.2077	-159.18	338.334	-145.015	-420.373	-153.032	-117.003	-138.588	7.39751	-34.0577	-562.836	74.2092	-30.8234	-565.333	7.14298	-34.5379	-570.617	74.8898	-31.2548	-573.092	8.0442	-35.6376	-565.667	75.5625	-32.5801	-568.687	0.174996	-0.213522	0.961137	0.144719	-0.285118	0.947504	0.174996	0.0425142	0.983651	0.144719	-0.0301707	0.989013	0.174996	0.0425142	0.983651	0.144719	-0.0301707	0.989013	10.0876	2.43662	8.3248	-1.72892	10.0876	2.43662	8.3248	-1.72892	223.637	101.613	275.309	65.4076	1247.62	566.881	1535.89	364.896	1402.63	450.428	1	1	1
"
 tid_12724_time_9:55:47:15 DPETW@ "GAZE_LOG_CALI: 637.086	354.098	634.307	360.413	939.192	368.336	935.043	375.521	247.755	357.149	245.856	363.593	550.931	371.804	547.392	378.781	
33.8504	-152.742	334.668	-137.66	-421.802	-146.534	-120.213	-131.329	36.6298	-159.058	338.821	-144.848	-419.903	-152.979	-116.673	-138.307	7.48461	-34.0338	-562.955	74.3122	-30.7664	-565.406	7.23137	-34.5135	-570.736	74.9942	-31.197	-573.164	8.13918	-35.6218	-565.726	75.6448	-32.5187	-568.488	0.17422	-0.21269	0.961463	0.132705	-0.269606	0.953783	0.17422	0.043402	0.98375	0.132705	-0.0135624	0.991063	0.17422	0.043402	0.98375	0.132705	-0.0135624	0.991063	10.0428	2.48753	7.62664	-0.777092	10.0428	2.48753	7.62664	-0.777092	223.324	102.082	268.873	74.3135	1245.88	569.496	1499.99	414.58	1380	481.972	1	1	1
"
 tid_12724_time_9:55:47:37 DPETW@ "GAZE_LOG_CALI: 637.355	354.243	634.673	360.645	939.492	368.529	935.319	375.737	248.011	357.374	246.07	363.79	551.291	371.988	547.691	379.024	
34.2167	-152.51	334.945	-137.445	-421.587	-146.337	-119.914	-131.086	36.8989	-158.913	339.121	-144.655	-419.647	-152.753	-116.314	-138.122	7.56304	-33.9747	-562.763	74.3776	-30.7169	-565.436	7.31081	-34.4538	-570.545	75.0605	-31.1467	-573.194	8.19841	-35.5797	-565.714	75.7224	-32.481	-568.572	0.176136	-0.22342	0.958676	0.136305	-0.274792	0.951793	0.176136	0.0323163	0.983835	0.136305	-0.0190863	0.990483	0.176136	0.0323163	0.983835	0.136305	-0.0190863	0.990483	10.1501	1.85191	7.83552	-1.09363	10.1501	1.85191	7.83552	-1.09363	224.386	96.2753	270.903	71.408	1251.8	537.101	1511.31	398.371	1391.4	453.446	1	1	1
"
 tid_12724_time_9:55:47:59 DPETW@ "GAZE_LOG_CALI: 638.072	354.582	635.217	360.913	940.072	369.126	935.968	376.122	248.755	357.598	246.892	364.048	551.849	372.521	548.395	379.451	
34.76	-152.242	335.594	-137.059	-420.765	-146.078	-119.21	-130.66	37.6161	-158.575	339.702	-144.058	-418.903	-152.529	-115.756	-137.59	7.68783	-33.9377	-563.121	74.5312	-30.6302	-565.505	7.43751	-34.416	-570.902	75.2161	-31.0588	-573.263	8.35805	-35.5196	-565.755	75.8481	-32.3527	-568.538	0.172251	-0.206509	0.963163	0.127919	-0.261925	0.956573	0.172251	0.0498129	0.983793	0.127919	-0.00542098	0.99177	0.172251	0.0498129	0.983793	0.127919	-0.00542098	0.99177	9.93119	2.85525	7.34948	-0.310601	9.93119	2.85525	7.34948	-0.310601	222.51	105.558	266.517	78.755	1241.34	588.885	1486.84	439.359	1368.67	507.707	1	1	1
"
 tid_12724_time_9:55:47:81 DPETW@ "GAZE_LOG_CALI: 638.537	354.585	635.784	360.939	940.549	369.184	936.45	376.266	249.175	357.656	247.299	364.045	552.444	372.551	548.844	379.572	
35.3272	-152.216	336.076	-136.915	-420.358	-146.081	-118.761	-130.538	38.0812	-158.572	340.179	-144	-418.482	-152.472	-115.161	-137.559	7.81057	-33.9231	-562.92	74.633	-30.5985	-565.465	7.56189	-34.4013	-570.701	75.3194	-31.0266	-573.223	8.46065	-35.5092	-565.699	75.9753	-32.3517	-568.696	0.172778	-0.212985	0.961657	0.137748	-0.278258	0.950578	0.172778	0.0431672	0.984014	0.137748	-0.0227491	0.990206	0.172778	0.0431672	0.984014	0.137748	-0.0227491	0.990206	9.95874	2.47407	7.91963	-1.30354	9.95874	2.47407	7.91963	-1.30354	222.86	102.068	271.959	69.5613	1243.29	569.418	1517.21	388.069	1389.03	466.182	1	1	1
"
 tid_12724_time_9:55:47:103 DPETW@ "GAZE_LOG_CALI: 639.139	354.603	636.283	360.923	941.041	369.208	936.994	376.366	249.84	357.604	247.924	364.047	552.979	372.656	549.416	379.655	
35.8262	-152.232	336.62	-136.815	-419.733	-146.079	-118.189	-130.455	38.6828	-158.553	340.67	-143.976	-417.817	-152.523	-114.625	-137.454	7.92264	-33.9347	-563.089	74.7591	-30.5802	-565.508	7.67561	-34.4129	-570.871	75.4472	-31.0081	-573.265	8.59555	-35.5182	-565.783	76.0929	-32.3404	-568.753	0.17401	-0.209057	0.962297	0.13598	-0.280564	0.950154	0.17401	0.0471271	0.983616	0.13598	-0.0250857	0.990394	0.17401	0.0471271	0.983616	0.13598	-0.0250857	0.990394	10.0323	2.70118	7.81776	-1.43746	10.0323	2.70118	7.81776	-1.43746	223.696	104.14	271.138	68.3249	1247.96	580.978	1512.62	381.171	1388.87	468.844	1	1	1
"
 tid_12724_time_9:55:47:126 DPETW@ "GAZE_LOG_CALI: 639.557	354.731	636.781	361.024	941.522	369.351	937.384	376.55	250.249	357.781	248.351	364.1	553.448	372.792	549.833	379.809	
36.3249	-152.131	337.01	-136.632	-419.306	-146.026	-117.772	-130.301	39.1013	-158.425	341.152	-143.833	-417.407	-152.346	-114.157	-137.318	8.03181	-33.9121	-562.998	74.8506	-30.5447	-565.545	7.78628	-34.3901	-570.779	75.54	-30.972	-573.303	8.68858	-35.4832	-565.77	76.1985	-32.3083	-568.74	0.173309	-0.209952	0.962229	0.137219	-0.278421	0.950607	0.173309	0.0462448	0.983781	0.137219	-0.0228985	0.990276	0.173309	0.0462448	0.983781	0.137219	-0.0228985	0.990276	9.99106	2.65058	7.88904	-1.3121	9.99106	2.65058	7.88904	-1.3121	223.403	103.708	271.905	69.5126	1246.32	578.564	1516.91	387.797	1390.12	471.136	1	1	1
"
 tid_12724_time_9:55:47:148 DPETW@ "GAZE_LOG_CALI: 639.806	354.884	637.055	361.125	941.775	369.752	937.743	376.797	250.644	357.9	248.776	364.277	553.707	373.074	550.186	380.008	
36.5981	-152.031	337.37	-136.385	-418.88	-145.85	-117.419	-130.102	39.3501	-158.272	341.406	-143.432	-417.012	-152.227	-113.897	-137.036	8.09541	-33.8926	-563.186	74.9294	-30.4942	-565.532	7.85085	-34.3702	-570.968	75.6198	-30.9208	-573.289	8.74702	-35.4644	-565.953	76.2562	-32.2321	-568.745	0.171991	-0.209995	0.962456	0.133355	-0.274743	0.952225	0.171991	0.0462619	0.984012	0.133355	-0.0189271	0.990888	0.171991	0.0462619	0.984012	0.133355	-0.0189271	0.990888	9.91434	2.65156	7.66487	-1.08451	9.91434	2.65156	7.66487	-1.08451	222.777	103.69	269.883	71.6876	1242.83	578.467	1505.62	399.931	1381.63	478.631	1	1	1
"
 tid_12724_time_9:55:47:170 DPETW@ "GAZE_LOG_CALI: 640.093	354.896	637.393	361.136	942.09	369.813	937.937	376.812	250.943	357.911	248.984	364.243	554.052	373.064	550.429	380.055	
36.9365	-152.019	337.564	-136.369	-418.673	-145.884	-117.175	-130.055	39.6365	-158.26	341.72	-143.371	-416.714	-152.216	-113.553	-137.047	8.16815	-33.885	-563.019	74.9813	-30.4911	-565.603	7.92453	-34.3627	-570.8	75.6723	-30.9176	-573.36	8.811	-35.4627	-565.968	76.332	-32.2288	-568.787	0.176088	-0.218508	0.959816	0.137344	-0.272992	0.952162	0.176088	0.0373562	0.983665	0.137344	-0.0172521	0.990373	0.176088	0.0373562	0.983665	0.137344	-0.0172521	0.990373	10.1492	2.14085	7.89538	-0.988519	10.1492	2.14085	7.89538	-0.988519	225.039	98.9953	272.107	72.5581	1255.45	552.275	1518.03	404.787	1396.07	465.378	1	1	1
"
 tid_12724_time_9:55:47:192 DPETW@ "GAZE_LOG_CALI: 640.304	354.698	637.664	360.982	942.237	369.64	938.15	376.579	251.124	357.738	249.164	364.058	554.244	372.853	550.68	379.861	
37.2071	-152.174	337.777	-136.603	-418.492	-146.069	-116.924	-130.249	39.8475	-158.458	341.867	-143.544	-416.532	-152.389	-113.36	-137.257	8.22568	-33.9164	-562.915	75.0351	-30.5412	-565.65	7.98283	-34.3946	-570.696	75.7269	-30.9684	-573.407	8.85741	-35.5016	-565.93	76.3726	-32.2748	-568.841	0.17596	-0.222725	0.95887	0.134711	-0.272549	0.952665	0.17596	0.0330385	0.983843	0.134711	-0.0166947	0.990744	0.17596	0.0330385	0.983843	0.134711	-0.0166947	0.990744	10.1401	1.89331	7.74297	-0.95658	10.1401	1.89331	7.74297	-0.95658	224.992	96.6833	270.736	72.7966	1255.19	539.377	1510.38	406.118	1392.29	459.094	1	1	1
"
 tid_12724_time_9:55:47:214 DPETW@ "GAZE_LOG_CALI: 640.566	354.571	637.846	360.909	942.576	369.325	938.424	376.49	251.442	357.609	249.595	363.953	554.582	372.798	550.963	379.768	
37.3893	-152.247	338.052	-136.691	-418.062	-146.174	-116.642	-130.342	40.1099	-158.586	342.207	-143.86	-416.214	-152.518	-113.022	-137.312	8.271	-33.9547	-563.225	75.0978	-30.5621	-565.664	8.02893	-34.4331	-571.007	75.7904	-30.9896	-573.422	8.91653	-35.5349	-566.006	76.4488	-32.3166	-568.85	0.170796	-0.212008	0.962227	0.136998	-0.276139	0.951304	0.170796	0.044259	0.984312	0.136998	-0.0205138	0.990359	0.170796	0.044259	0.984312	0.136998	-0.0205138	0.990359	9.84384	2.53668	7.87587	-1.17544	9.84384	2.53668	7.87587	-1.17544	222.294	102.546	272.047	70.734	1240.13	572.081	1517.7	394.611	1387.19	471.557	1	1	1
"
 tid_12724_time_9:55:47:236 DPETW@ "GAZE_LOG_CALI: 640.867	354.624	637.999	360.987	942.877	369.423	938.735	376.695	251.727	357.68	249.853	364.097	554.778	372.969	551.211	379.918	
37.5421	-152.168	338.362	-136.486	-417.803	-146.029	-116.394	-130.192	40.4111	-158.533	342.507	-143.761	-415.93	-152.447	-112.826	-137.141	8.30686	-33.938	-563.359	75.1562	-30.5182	-565.582	8.06535	-34.416	-571.141	75.8497	-30.9451	-573.339	8.98331	-35.5197	-565.985	76.4979	-32.2787	-568.714	0.171525	-0.206222	0.963354	0.133465	-0.274589	0.952254	0.171525	0.0501388	0.983903	0.133465	-0.0187709	0.990876	0.171525	0.0501388	0.983903	0.133465	-0.0187709	0.990876	9.88909	2.87395	7.67122	-1.07555	9.88909	2.87395	7.67122	-1.07555	222.78	105.678	270.178	71.7334	1242.85	589.559	1507.27	400.187	1382.05	485.015	1	1	1
"
 tid_12724_time_9:55:47:258 DPETW@ "GAZE_LOG_CALI: 641.131	354.784	638.328	361.086	943.081	369.808	938.938	376.885	251.897	357.862	249.992	364.216	554.999	373.175	551.399	380.133	
37.8712	-152.07	338.566	-136.296	-417.664	-145.91	-116.205	-129.976	40.6748	-158.372	342.712	-143.376	-415.759	-152.265	-112.606	-136.935	8.37603	-33.8995	-563.12	75.1991	-30.4723	-565.569	8.13538	-34.3773	-570.901	75.8932	-30.8985	-573.326	9.03982	-35.4744	-565.871	76.5464	-32.2136	-568.732	0.173021	-0.209896	0.962293	0.135415	-0.272644	0.952538	0.173021	0.0463155	0.983828	0.135415	-0.0168191	0.990646	0.173021	0.0463155	0.983829	0.135415	-0.0168191	0.990646	9.97434	2.65463	7.7837	-0.963707	9.97434	2.65463	7.7837	-0.963707	223.616	103.731	271.276	72.819	1247.51	578.693	1513.39	406.243	1388.07	481.822	1	1	1
"
 tid_12724_time_9:55:47:280 DPETW@ "GAZE_LOG_CALI: 641.307	354.858	638.66	361.087	943.322	369.9	939.202	376.902	252.093	357.89	250.173	364.169	555.228	373.208	551.657	380.179	
38.2032	-152.069	338.83	-136.279	-417.483	-145.958	-115.948	-129.931	40.8514	-158.299	342.953	-143.284	-415.563	-152.237	-112.377	-136.903	8.44662	-33.8931	-562.929	75.2567	-30.4646	-565.557	8.20688	-34.371	-570.71	75.9516	-30.8908	-573.315	9.07927	-35.4648	-565.899	76.5986	-32.1992	-568.722	0.174121	-0.218326	0.960217	0.134266	-0.271529	0.953019	0.174121	0.0376357	0.984005	0.134266	-0.0156179	0.990822	0.174121	0.0376357	0.984005	0.134266	-0.0156179	0.990822	10.0347	2.15688	7.71712	-0.894875	10.0347	2.15688	7.71712	-0.894875	224.225	99.1493	270.709	73.4709	1250.91	553.134	1510.23	409.879	1389.14	469.315	1	1	1
"
 tid_12724_time_9:55:47:302 DPETW@ "GAZE_LOG_CALI: 641.514	354.673	638.798	360.98	943.534	369.753	939.453	376.827	252.25	357.711	250.36	364.051	555.416	373.094	551.826	380.121	
38.3418	-152.176	339.08	-136.355	-417.296	-146.076	-115.778	-129.988	41.0581	-158.483	343.165	-143.431	-415.406	-152.416	-112.189	-137.016	8.47772	-33.9222	-562.998	75.2988	-30.474	-565.457	8.23845	-34.4004	-570.78	75.9944	-30.9004	-573.214	9.12452	-35.5011	-565.833	76.6419	-32.2266	-568.693	0.172234	-0.213959	0.961539	0.136148	-0.278844	0.950636	0.172234	0.0421958	0.984152	0.136148	-0.0233	0.990414	0.172234	0.0421958	0.984152	0.136148	-0.0233	0.990414	9.92666	2.41836	7.82715	-1.33511	9.92666	2.41836	7.82715	-1.33511	223.248	101.531	271.77	69.394	1245.45	566.423	1516.15	387.135	1389.8	463.886	1	1	1
"
 tid_12724_time_9:55:47:324 DPETW@ "GAZE_LOG_CALI: 641.776	354.685	638.92	360.976	943.745	369.928	939.784	376.943	252.436	357.748	250.612	364.078	555.635	373.255	552.055	380.207	
38.4634	-152.18	339.412	-136.239	-417.044	-146.048	-115.55	-129.903	41.3202	-158.472	343.376	-143.256	-415.22	-152.379	-111.969	-136.855	8.50753	-33.9291	-563.159	75.3549	-30.4444	-565.324	8.26875	-34.4073	-570.94	76.0515	-30.8705	-573.081	9.18124	-35.4898	-565.739	76.6906	-32.1896	-568.704	0.169268	-0.200812	0.964895	0.138465	-0.285763	0.948244	0.169268	0.0557637	0.983991	0.138465	-0.0306023	0.989894	0.169268	0.0557637	0.983991	0.138465	-0.0306023	0.989894	9.76058	3.19669	7.9628	-1.75366	9.76058	3.19669	7.9628	-1.75366	221.739	108.724	273.083	65.5632	1237.04	606.551	1523.48	365.764	1388.4	474.651	1	1	1
"
 tid_12724_time_9:55:47:346 DPETW@ "GAZE_LOG_CALI: 641.812	355.101	639.147	361.396	944.035	370.16	939.962	377.231	252.628	358.161	250.808	364.628	555.788	373.563	552.226	380.559	
38.6902	-151.759	339.59	-135.95	-416.848	-145.498	-115.378	-129.551	41.3558	-158.055	343.666	-143.025	-415.028	-151.966	-111.817	-136.547	8.55681	-33.8194	-563.122	75.3932	-30.3726	-565.315	8.3187	-34.296	-570.904	76.0903	-30.7977	-573.072	9.19231	-35.4097	-565.936	76.7317	-32.1193	-568.529	0.169107	-0.215586	0.961731	0.134358	-0.276838	0.951477	0.169107	0.0406746	0.984758	0.134358	-0.0211448	0.990707	0.169107	0.0406745	0.984758	0.134358	-0.0211448	0.990707	9.74407	2.33112	7.72326	-1.2116	9.74407	2.33112	7.72326	-1.2116	221.632	100.782	270.876	70.6838	1236.44	562.244	1511.17	394.331	1382.11	466.213	1	1	1
"
 tid_12724_time_9:55:47:368 DPETW@ "GAZE_LOG_CALI: 642.072	355.649	639.35	361.933	944.292	370.513	940.109	377.792	252.756	358.663	250.821	365.018	555.905	374.043	552.333	381.051	
38.8932	-151.222	339.737	-135.389	-416.835	-145.108	-115.271	-129.059	41.616	-157.507	343.924	-142.671	-414.9	-151.464	-111.7	-136.067	8.59802	-33.7024	-562.882	75.4194	-30.2531	-565.271	8.36038	-34.1776	-570.664	76.1169	-30.6765	-573.028	9.2476	-35.2823	-565.767	76.7647	-32.0157	-568.344	0.17402	-0.216675	0.960609	0.131795	-0.272451	0.953101	0.17402	0.0393324	0.983956	0.131795	-0.0164868	0.99114	0.17402	0.0393324	0.983956	0.131795	-0.0164868	0.99114	10.0295	2.25416	7.57435	-0.944666	10.0295	2.25416	7.57435	-0.944666	224.33	100.253	269.506	73.2957	1251.49	559.291	1503.52	408.902	1385.61	472.535	1	1	1
"
 tid_12724_time_9:55:47:390 DPETW@ "GAZE_LOG_CALI: 641.998	355.898	639.333	362.172	944.271	370.976	940.18	378.054	252.679	358.926	250.794	365.276	555.852	374.406	552.328	381.26	
38.8764	-150.983	339.808	-135.127	-416.862	-144.85	-115.277	-128.85	41.5419	-157.259	343.903	-142.208	-414.976	-151.201	-111.753	-135.704	8.59437	-33.6463	-562.865	75.4218	-30.1951	-565.165	8.35667	-34.1207	-570.647	76.1195	-30.6178	-572.922	9.2307	-35.2255	-565.768	76.7547	-31.9212	-568.309	0.172102	-0.217531	0.960761	0.131367	-0.269549	0.953984	0.172102	0.0385448	0.984325	0.131367	-0.0134551	0.991242	0.172102	0.0385448	0.984325	0.131367	-0.0134551	0.991242	9.91753	2.209	7.54928	-0.770942	9.91753	2.209	7.54928	-0.770942	223.27	99.885	269.262	74.9952	1245.58	557.239	1502.16	418.383	1381.37	477.081	1	1	1
"
 tid_12724_time_9:55:47:412 DPETW@ "GAZE_LOG_CALI: 641.874	355.817	639.093	362.069	944.076	370.828	939.949	377.968	252.354	358.906	250.554	365.146	555.685	374.3	552.136	381.223	
38.6369	-151.086	339.577	-135.213	-417.102	-144.98	-115.468	-128.887	41.4179	-157.34	343.707	-142.356	-415.302	-151.221	-111.92	-135.81	8.54123	-33.6722	-562.866	75.3772	-30.2116	-565.218	8.30278	-34.147	-570.648	76.0742	-30.6345	-572.975	9.19924	-35.2206	-565.508	76.7159	-31.9517	-568.344	0.168293	-0.201551	0.964912	0.132098	-0.271176	0.953422	0.168293	0.0550546	0.984198	0.132098	-0.0151723	0.991121	0.168293	0.0550546	0.984198	0.132098	-0.0151723	0.991121	9.70342	3.15599	7.59172	-0.869342	9.70342	3.15599	7.59172	-0.869342	221.198	108.655	269.621	74.05	1234.02	606.165	1504.16	413.11	1374.4	502.237	1	1	1
"
 tid_12724_time_9:55:47:434 DPETW@ "GAZE_LOG_CALI: 641.761	355.683	638.918	362.027	943.974	370.837	939.864	377.934	252.161	358.786	250.19	365.104	555.516	374.203	551.937	381.129	
38.4615	-151.128	339.492	-135.247	-417.466	-145.022	-115.667	-128.981	41.305	-157.473	343.605	-142.347	-415.495	-151.341	-112.089	-135.907	8.4989	-33.6673	-562.626	75.339	-30.2184	-565.075	8.25975	-34.1422	-570.408	76.0357	-30.6415	-572.833	9.17197	-35.243	-565.415	76.6816	-31.9568	-568.259	0.175657	-0.211975	0.961359	0.134512	-0.273903	0.952305	0.175657	0.0440662	0.983465	0.134512	-0.018095	0.990747	0.175657	0.0440662	0.983465	0.134512	-0.018095	0.990747	10.1268	2.52563	7.73169	-1.03682	10.1268	2.52563	7.73169	-1.03682	225.106	102.877	270.875	72.524	1255.82	573.928	1511.16	404.597	1391.62	477.913	1	1	1
"
 tid_12724_time_9:55:47:456 DPETW@ "GAZE_LOG_CALI: 641.677	355.924	638.937	362.247	943.949	370.881	939.852	378.002	252.044	358.995	250.088	365.322	555.447	374.275	551.873	381.303	
38.4804	-150.909	339.48	-135.179	-417.568	-144.804	-115.732	-128.807	41.2209	-157.233	343.58	-142.303	-415.612	-151.132	-112.157	-135.836	8.50066	-33.6097	-562.473	75.3272	-30.1877	-565.006	8.26147	-34.0839	-570.255	76.0238	-30.6104	-572.763	9.15308	-35.1901	-565.366	76.6683	-31.9407	-568.202	0.175135	-0.217273	0.960271	0.134421	-0.27744	0.951293	0.175135	0.0386666	0.983785	0.134421	-0.021774	0.990685	0.175135	0.0386666	0.983785	0.134421	-0.021774	0.990685	10.0942	2.21599	7.72697	-1.24766	10.0942	2.21599	7.72697	-1.24766	224.776	100.084	270.811	70.6147	1253.98	558.347	1510.8	393.945	1391.57	463.025	1	1	1
"
 tid_12724_time_9:55:47:478 DPETW@ "GAZE_LOG_CALI: 641.644	356.175	638.984	362.52	944.147	371.056	940.04	378.222	252.101	359.238	250.196	365.592	555.526	374.543	551.952	381.5	
38.5274	-150.635	339.668	-134.96	-417.46	-144.534	-115.653	-128.61	41.1874	-156.981	343.778	-142.128	-415.555	-150.889	-112.079	-135.567	8.51215	-33.5542	-562.552	75.3502	-30.1337	-564.863	8.27315	-34.0276	-570.334	76.0473	-30.5558	-572.62	9.14754	-35.1419	-565.478	76.6917	-31.8822	-568.044	0.172886	-0.220324	0.959983	0.134052	-0.275902	0.951792	0.172886	0.0356451	0.984297	0.134052	-0.0201593	0.990769	0.172886	0.0356451	0.984297	0.134052	-0.0201593	0.990769	9.96206	2.04274	7.70536	-1.15512	9.96206	2.04274	7.70536	-1.15512	223.558	98.5023	270.615	71.5672	1247.18	549.525	1509.71	399.259	1387.45	461.355	1	1	1
"
 tid_12724_time_9:55:47:504 DPETW@ "GAZE_LOG_CALI: 641.737	356.168	639.046	362.538	944.268	371.086	940.162	378.321	252.094	359.324	250.216	365.665	555.647	374.606	551.994	381.576	
38.5899	-150.617	339.79	-134.86	-417.44	-144.46	-115.61	-128.534	41.281	-156.989	343.899	-142.098	-415.562	-150.803	-111.957	-135.505	8.52523	-33.5408	-562.496	75.3637	-30.1087	-564.758	8.28639	-34.0141	-570.278	76.0611	-30.5305	-572.515	9.16622	-35.1254	-565.352	76.7192	-31.8722	-568.052	0.171657	-0.216829	0.960999	0.1398	-0.285033	0.948268	0.171657	0.0392837	0.984373	0.1398	-0.0298912	0.989729	0.171657	0.0392837	0.984373	0.1398	-0.0298912	0.989729	9.89191	2.25137	8.03987	-1.7129	9.89191	2.25137	8.03987	-1.7129	222.901	100.463	273.751	66.428	1243.52	560.463	1527.2	370.589	1395.71	450.573	1	1	1
"
 tid_12724_time_9:55:47:527 DPETW@ "GAZE_LOG_CALI: 641.768	355.992	639.07	362.3	944.284	370.978	940.184	378.144	252.079	359.035	250.149	365.426	555.606	374.499	552.026	381.447	
38.6131	-150.855	339.812	-135.037	-417.507	-144.7	-115.578	-128.663	41.3118	-157.164	343.915	-142.206	-415.577	-151.092	-111.999	-135.611	8.52876	-33.5868	-562.381	75.3706	-30.1438	-564.778	8.28993	-34.0608	-570.163	76.0681	-30.566	-572.535	9.1724	-35.1734	-565.292	76.7129	-31.8922	-567.98	0.173935	-0.2193	0.960028	0.134665	-0.276984	0.951391	0.173935	0.0366463	0.984075	0.134665	-0.0213075	0.990662	0.173935	0.0366463	0.984075	0.134665	-0.0213075	0.990662	10.0235	2.10015	7.74104	-1.22092	10.0235	2.10015	7.74104	-1.22092	224.123	99.0454	270.959	70.9691	1250.34	552.555	1511.62	395.923	1390.21	460.96	1	1	1
"
 tid_12724_time_9:55:47:549 DPETW@ "GAZE_LOG_CALI: 641.763	355.989	639.019	362.325	944.258	371.018	940.136	378.16	252.046	359.057	250.105	365.382	555.579	374.468	551.969	381.441	
38.5625	-150.83	339.764	-135.021	-417.552	-144.744	-115.636	-128.669	41.307	-157.167	343.89	-142.166	-415.61	-151.07	-112.025	-135.642	8.51777	-33.5893	-562.387	75.3584	-30.142	-564.766	8.27878	-34.0633	-570.169	76.0557	-30.5643	-572.524	9.17026	-35.1695	-565.264	76.7071	-31.8912	-567.979	0.174566	-0.216604	0.960526	0.136289	-0.277638	0.950969	0.174566	0.0393793	0.983858	0.136289	-0.022049	0.990424	0.174566	0.0393793	0.983858	0.136289	-0.022049	0.990424	10.0613	2.25685	7.83505	-1.26341	10.0613	2.25685	7.83505	-1.26341	224.469	100.501	271.826	70.5768	1252.27	560.673	1516.46	393.734	1393.61	464.064	1	1	1
"
 tid_12724_time_9:55:47:571 DPETW@ "GAZE_LOG_CALI: 641.683	356.254	638.975	362.669	944.313	371.239	940.185	378.463	251.968	359.366	250.057	365.778	555.574	374.718	551.951	381.734	
38.5183	-150.486	339.813	-134.719	-417.599	-144.348	-115.653	-128.376	41.2269	-156.903	343.945	-141.945	-415.688	-150.761	-112.03	-135.392	8.50776	-33.5072	-562.384	75.3575	-30.071	-564.675	8.26863	-33.9801	-570.166	76.055	-30.4924	-572.433	9.15296	-35.1054	-565.259	76.709	-31.8344	-567.902	0.172999	-0.220136	0.960006	0.137117	-0.281342	0.949761	0.172999	0.0358326	0.98427	0.137117	-0.0259392	0.990215	0.172999	0.0358326	0.98427	0.137117	-0.0259392	0.990215	9.9687	2.0535	7.88373	-1.48637	9.9687	2.0535	7.88373	-1.48637	223.589	98.6865	272.271	68.599	1247.36	550.552	1518.95	382.7	1393.22	452.031	3	1	1
"