
 tid_6292_time_10:12:14:838 DPETW@ "GAZE_LOG_CALI: 641.683	522.314	642.261	526.942	895.72	520.66	895.508	525.517	317.735	512.795	318.862	517.584	569.789	513.3	570.211	518.104	
28.165	2.54976	281.572	1.12582	-356.92	12.855	-105.329	13.3674	27.5874	-2.07783	281.784	-3.73382	-358.049	8.06278	-105.751	8.56311	7.19007	-0.233656	-650.802	71.8029	-0.0887851	-651.018	6.97209	-0.236482	-658.599	72.3639	-0.0898563	-658.798	7.07586	-1.44701	-653.789	72.1711	-1.33217	-653.864	0.0209159	-0.244003	0.969549	-0.0378687	-0.244015	0.969032	0.0209159	0.0152493	0.999665	-0.0378687	0.0151037	0.999169	0.0209159	0.0152493	0.999665	-0.0378687	0.0151037	0.999169	1.19862	0.873752	-2.17049	0.865411	1.19862	0.873752	-2.17049	0.865411	142.193	96.1276	170.632	96.1346	793.266	536.277	951.92	536.316	872.593	536.296	1	0	0
"
 tid_6292_time_10:12:14:861 DPETW@ "GAZE_LOG_CALI: 642.012	521.717	642.417	526.26	896.449	519.727	895.755	524.747	318.134	512.142	319.151	516.921	570.485	512.463	570.776	517.308	
28.3215	1.8675	281.82	0.355	-356.631	12.1916	-104.764	12.5712	27.9163	-2.67549	282.515	-4.66796	-357.649	7.40942	-105.056	7.72595	7.23236	-0.405539	-651.043	71.9274	-0.288735	-651.579	7.01497	-0.410443	-658.84	72.4894	-0.292215	-659.359	7.16168	-1.60766	-653.921	72.3539	-1.55899	-653.824	0.0289693	-0.236395	0.971225	-0.0238612	-0.223028	0.97452	0.0289693	0.0230318	0.999315	-0.0238612	0.0367956	0.999038	0.0289693	0.0230318	0.999315	-0.0238612	0.0367956	0.999038	1.66049	1.31974	-1.3682	2.10871	1.66049	1.31974	-1.3682	2.10871	147.307	100.796	179.552	109.455	821.798	562.322	1001.68	610.628	911.74	586.475	1	0	0
"
 tid_6292_time_10:12:14:883 DPETW@ "GAZE_LOG_CALI: 644.39	523.158	642.729	525.818	896.37	520.971	895.614	524.006	320.372	514.123	319.6	516.41	571.12	513.676	570.59	516.388	
28.6335	1.42634	281.679	-0.386695	-356.181	11.6804	-104.951	11.6515	30.2945	-1.23432	282.436	-3.4228	-355.407	9.39164	-104.42	8.93849	7.31479	-0.527076	-651.286	71.8838	-0.501787	-651.506	7.09848	-0.533447	-659.083	72.4454	-0.507837	-659.286	7.76643	-1.16476	-653.721	72.4658	-1.24418	-655.017	0.122765	-0.116031	0.985629	0.00470604	-0.169984	0.985436	0.122765	0.143022	0.982076	0.00470604	0.0908571	0.995853	0.122765	0.143022	0.982076	0.00470604	0.0908571	0.995853	7.12534	8.22278	0.270757	5.21292	7.12534	8.22278	0.270757	5.21292	207.738	177.657	197.496	143.462	1158.93	991.115	1101.79	800.349	1130.36	895.732	1	0	0
"
 tid_6292_time_10:12:15:73 DPETW@ "GAZE_LOG_CALI: 642.494	519.655	642.112	524.248	896.85	518.471	895.681	522.94	319.219	510.361	319.386	514.854	571.716	511.231	570.988	515.787	
28.0159	-0.143556	281.746	-1.45267	-356.395	10.1232	-104.552	11.05	28.3987	-4.73715	282.917	-5.9243	-356.563	5.62703	-103.824	6.49416	7.16511	-0.928304	-651.982	71.9645	-0.71507	-652.085	6.94723	-0.939512	-659.779	72.5265	-0.723684	-659.865	7.2965	-2.10344	-654.983	72.6155	-1.88093	-655.26	0.0705873	-0.235228	0.969374	0.0187254	-0.243658	0.96968	0.0705873	0.0236799	0.997225	0.0187254	0.0156161	0.999703	0.0705873	0.0236799	0.997225	0.0187254	0.0156161	0.999703	4.04886	1.35689	1.07308	0.894776	4.04886	1.35689	1.07308	0.894776	173.551	100.499	206.391	95.5767	968.208	560.664	1151.42	533.203	1059.81	546.934	1	0	0
"
 tid_6292_time_10:12:15:96 DPETW@ "GAZE_LOG_CALI: 642.188	519.722	641.908	524.316	896.664	518.304	895.448	522.998	318.911	510.34	319.136	514.911	571.384	511.134	570.83	515.677	
27.8121	-0.0764165	281.512	-1.39484	-356.646	10.1807	-104.711	10.9405	28.0922	-4.67032	282.731	-6.0912	-356.87	5.60626	-104.157	6.39702	7.1118	-0.912524	-651.905	71.9186	-0.722008	-652.209	6.89325	-0.923543	-659.702	72.48	-0.730703	-659.989	7.21764	-2.09787	-654.98	72.54	-1.91464	-655.011	0.0665159	-0.240792	0.968295	0.0117308	-0.231369	0.972795	0.0665159	0.0180257	0.997622	0.0117308	0.0282931	0.999531	0.0665159	0.0180257	0.997622	0.0117308	0.0282931	0.999531	3.81452	1.03285	0.672413	1.62129	3.81452	1.03285	0.672413	1.62129	170.908	96.9622	201.945	103.522	953.46	540.933	1126.61	577.531	1040.04	559.232	1	0	0
"
 tid_6292_time_10:12:15:119 DPETW@ "GAZE_LOG_CALI: 641.961	519.792	641.801	524.355	896.467	518.02	895.126	522.937	318.8	510.407	319.026	514.918	571.115	511.074	570.553	515.612	
27.705	-0.0371096	281.19	-1.45615	-356.756	10.1878	-104.987	10.8752	27.8657	-4.60043	282.533	-6.3753	-356.982	5.67302	-104.425	6.33632	7.08497	-0.906686	-651.889	71.8446	-0.738582	-652.286	6.8661	-0.917634	-659.686	72.405	-0.747476	-660.066	7.16122	-2.08093	-655.177	72.476	-1.95892	-654.893	0.0632529	-0.249321	0.966353	0.0133592	-0.228017	0.973565	0.0632529	0.00928515	0.997954	0.0133592	0.0317294	0.999407	0.0632529	0.00928515	0.997954	0.0133592	0.0317294	0.999407	3.6267	0.532008	0.765832	1.81827	3.6267	0.532008	0.765832	1.81827	168.809	91.4594	202.897	105.654	941.754	510.234	1131.92	589.425	1036.84	549.829	1	0	0
"
 tid_6292_time_10:12:15:141 DPETW@ "GAZE_LOG_CALI: 641.772	519.772	641.44	524.422	896.08	518.023	894.82	522.911	318.513	510.466	318.801	514.964	570.766	510.819	570.335	515.49	
27.344	0.0299074	280.883	-1.48216	-356.981	10.2332	-105.205	10.7526	27.6764	-4.62015	282.146	-6.37272	-357.269	5.73203	-104.774	6.08215	6.99511	-0.892731	-652.117	71.7826	-0.758015	-652.434	6.77523	-0.903508	-659.914	72.3422	-0.767141	-660.214	7.11102	-2.07566	-655.004	72.3834	-1.99193	-654.95	0.0663804	-0.231716	0.970516	0.0076295	-0.226607	0.973956	0.0663804	0.0273675	0.997419	0.0076295	0.0331931	0.99942	0.0663804	0.0273675	0.997419	0.0076295	0.0331931	0.99942	3.80755	1.56824	0.437384	1.90218	3.80755	1.56824	0.437384	1.90218	170.727	102.825	199.228	106.523	952.451	573.643	1111.45	594.271	1031.95	583.957	1	0	0
"
 tid_6292_time_10:12:15:163 DPETW@ "GAZE_LOG_CALI: 641.49	519.861	641.043	524.438	895.837	517.98	894.629	522.903	318.113	510.519	318.3	514.978	570.337	510.888	569.966	515.428	
26.9469	0.0456546	280.692	-1.48986	-357.483	10.2479	-105.575	10.6907	27.3945	-4.53085	281.902	-6.41559	-357.67	5.78539	-105.203	6.15098	6.89191	-0.889186	-651.931	71.7002	-0.767131	-652.128	6.67072	-0.899922	-659.728	72.259	-0.776371	-659.908	7.03674	-2.05716	-654.793	72.2858	-1.98818	-654.636	0.0720198	-0.227708	0.971062	0.00494864	-0.224	0.974577	0.0720198	0.0313802	0.996909	0.00494864	0.0358721	0.999344	0.0720198	0.0313802	0.996909	0.00494864	0.0358721	0.999344	4.13205	1.79825	0.28372	2.05576	4.13205	1.79825	0.28372	2.05576	174.19	105.413	197.455	108.272	971.771	588.076	1101.56	604.025	1036.67	596.051	1	0	0
"
 tid_6292_time_10:12:15:186 DPETW@ "GAZE_LOG_CALI: 641.05	519.873	640.736	524.583	895.442	517.952	894.058	522.917	317.605	510.626	317.921	515.051	569.895	510.866	569.419	515.499	
26.6401	0.190675	280.12	-1.47599	-357.863	10.321	-106.122	10.762	26.9539	-4.51889	281.507	-6.4438	-358.179	5.89247	-105.646	6.12843	6.81199	-0.86155	-651.805	71.5579	-0.756779	-652.166	6.58979	-0.871954	-659.602	72.115	-0.765894	-659.946	6.92215	-2.04201	-654.675	72.175	-1.99494	-654.548	0.0654995	-0.230589	0.970844	0.010829	-0.222	0.974986	0.0654995	0.028541	0.997444	0.010829	0.0379091	0.999223	0.0654995	0.028541	0.997444	0.010829	0.0379091	0.999223	3.75707	1.6355	0.620912	2.17255	3.75707	1.6355	0.620912	2.17255	169.965	103.668	201.014	109.559	948.203	578.343	1121.42	611.207	1034.81	594.775	1	0	0
"
 tid_6292_time_10:12:15:209 DPETW@ "GAZE_LOG_CALI: 636.877	520.004	638.522	524.663	890.695	518.224	891.316	523.006	313.572	510.6	315.919	515.15	565.565	510.962	566.795	515.592	
24.426	0.271303	277.374	-1.38676	-359.869	10.4195	-108.746	10.855	22.7809	-4.38839	276.752	-6.17169	-362.22	5.86619	-109.976	6.22433	6.25063	-0.840927	-652.119	70.8749	-0.736256	-652.331	6.02178	-0.851077	-659.915	71.4237	-0.745123	-660.112	5.85414	-2.03332	-654.839	71.0274	-1.95383	-655.203	-0.0321484	-0.226714	0.973431	-0.0781436	-0.238369	0.968026	-0.0321484	0.0329531	0.99894	-0.0781436	0.0202971	0.996735	-0.0321484	0.0329531	0.99894	-0.0781436	0.0202971	0.996736	-1.84329	1.88841	-4.48279	1.16302	-1.84329	1.88841	-4.48279	1.16302	107.854	106.368	144.16	98.4808	601.693	593.405	804.24	549.405	702.967	571.405	1	0	0
"
 tid_6292_time_10:12:15:231 DPETW@ "GAZE_LOG_CALI: 635.318	520.288	637.778	524.861	889.006	518.549	890.391	523.043	312.153	510.917	314.981	515.413	563.734	511.212	565.815	515.741	
23.6822	0.468935	276.448	-1.34932	-360.808	10.6829	-109.727	11.0039	21.2216	-4.10396	275.061	-5.84579	-363.641	6.1841	-111.808	6.47436	6.05717	-0.782527	-651.777	70.6266	-0.713252	-652.222	5.82587	-0.791977	-659.573	71.1725	-0.721843	-660.003	5.45591	-1.95778	-655.051	70.5651	-1.88098	-654.944	-0.0789595	-0.248815	0.965327	-0.116244	-0.221849	0.968127	-0.0789595	0.00950783	0.996832	-0.116244	0.0362797	0.992558	-0.0789595	0.00950783	0.996832	-0.116244	0.0362797	0.992558	-4.52897	0.544767	-6.6798	2.07913	-4.52897	0.544767	-6.6798	2.07913	78.094	91.7564	119.553	108.717	435.671	511.89	666.963	606.508	550.09	557.635	1	0	0
"
 tid_6292_time_10:12:15:253 DPETW@ "GAZE_LOG_CALI: 635.191	520.43	637.544	524.916	888.99	518.632	890.496	523.182	311.85	511.086	314.833	515.603	563.732	511.388	565.823	515.899	
23.4487	0.523867	276.553	-1.21045	-360.956	10.8732	-109.718	11.1627	21.0949	-3.96205	275.044	-5.76347	-363.945	6.35281	-111.809	6.65068	5.99792	-0.7513	-651.93	70.6355	-0.674981	-652.058	5.76596	-0.760371	-659.726	71.1816	-0.683113	-659.839	5.42026	-1.91736	-654.755	70.5631	-1.84767	-654.958	-0.0675794	-0.226172	0.97174	-0.122344	-0.230328	0.965392	-0.0675794	0.033039	0.997167	-0.122344	0.0273822	0.99211	-0.0675794	0.033039	0.997167	-0.122344	0.0273821	0.99211	-3.87709	1.89334	-7.03007	1.56908	-3.87709	1.89334	-7.03007	1.56908	85.2171	106.59	115.678	103.159	475.409	594.646	645.344	575.503	560.376	585.075	1	0	0
"
 tid_6292_time_10:12:15:279 DPETW@ "GAZE_LOG_CALI: 635.152	520.529	637.455	525.039	889.082	518.734	890.539	523.292	311.76	511.184	314.736	515.702	563.751	511.452	565.8	515.936	
23.3591	0.646487	276.596	-1.10058	-361.054	10.9726	-109.741	11.1989	21.056	-3.86311	275.136	-5.66063	-364.035	6.45097	-111.791	6.71468	5.97509	-0.72295	-651.911	70.6344	-0.656249	-651.945	5.74286	-0.731679	-659.707	71.1806	-0.664156	-659.726	5.40971	-1.89186	-654.663	70.5735	-1.82592	-654.842	-0.0642351	-0.223696	0.97254	-0.120041	-0.229732	0.965823	-0.0642351	0.035638	0.997298	-0.120041	0.0280696	0.992372	-0.0642351	0.035638	0.997298	-0.120041	0.0280696	0.992372	-3.68528	2.04234	-6.89722	1.60848	-3.68528	2.04234	-6.89722	1.60848	87.3096	108.259	117.17	103.635	487.083	603.955	653.667	578.157	570.375	591.056	1	0	0
"
 tid_6292_time_10:12:15:301 DPETW@ "GAZE_LOG_CALI: 635.01	520.637	637.282	525.077	889.081	518.757	890.562	523.354	311.609	511.228	314.486	515.79	563.672	511.508	565.777	515.944	
23.1858	0.684512	276.619	-1.03909	-361.304	11.0602	-109.764	11.2072	20.9137	-3.75532	275.136	-5.63773	-364.187	6.49461	-111.869	6.77132	5.92939	-0.707007	-651.781	70.6316	-0.64731	-651.863	5.69655	-0.715545	-659.578	71.1778	-0.655111	-659.644	5.37352	-1.8725	-654.638	70.5589	-1.81543	-654.705	-0.0635494	-0.227608	0.971677	-0.121106	-0.227022	0.96633	-0.0635494	0.0316361	0.997477	-0.121106	0.0308183	0.992161	-0.0635494	0.0316361	0.997477	-0.121106	0.0308183	0.992161	-3.64539	1.81292	-6.95927	1.76604	-3.64539	1.81292	-6.95927	1.76604	87.7106	105.777	116.485	105.409	489.32	590.107	649.848	588.055	569.584	589.081	1	0	0
"
 tid_6292_time_10:12:15:323 DPETW@ "GAZE_LOG_CALI: 634.963	520.608	637.164	525.102	889.026	518.645	890.487	523.278	311.437	511.255	314.284	515.794	563.624	511.483	565.638	515.924	
23.0681	0.709598	276.543	-1.11457	-361.507	11.0639	-109.904	11.187	20.8667	-3.78383	275.08	-5.74973	-364.358	6.5224	-111.918	6.74584	5.89811	-0.703452	-651.632	70.6005	-0.659638	-651.756	5.66485	-0.711949	-659.428	71.1465	-0.667589	-659.537	5.35961	-1.87224	-654.427	70.546	-1.83317	-654.72	-0.0593491	-0.225604	0.97241	-0.120302	-0.233491	0.964888	-0.0593491	0.0337617	0.997666	-0.120302	0.024197	0.992442	-0.0593491	0.0337617	0.997666	-0.120302	0.024197	0.992442	-3.4044	1.93477	-6.91158	1.38652	-3.4044	1.93477	-6.91158	1.38652	90.3427	107.15	116.998	101.22	504.004	597.768	652.709	564.687	578.356	581.228	1	0	0
"
 tid_6292_time_10:12:15:346 DPETW@ "GAZE_LOG_CALI: 634.835	520.418	637.064	524.984	888.995	518.583	890.445	523.15	311.352	511.15	314.157	515.693	563.596	511.351	565.531	515.774	
22.9683	0.591921	276.502	-1.24245	-361.634	10.963	-110.011	11.0369	20.7387	-3.97359	275.05	-5.81183	-364.444	6.4168	-111.946	6.61351	5.87233	-0.731542	-651.585	70.5782	-0.695309	-651.651	5.63873	-0.740379	-659.381	71.124	-0.703691	-659.431	5.32729	-1.91047	-654.501	70.5389	-1.85828	-654.73	-0.0619388	-0.232702	0.970574	-0.119968	-0.236757	0.964134	-0.0619388	0.0264302	0.99773	-0.119968	0.0208469	0.992559	-0.0619388	0.0264302	0.99773	-0.119968	0.0208469	0.992559	-3.55235	1.51451	-6.89174	1.19453	-3.55235	1.51451	-6.89174	1.19453	88.6903	102.512	117.21	99.0859	494.785	571.893	653.891	552.781	574.338	562.337	1	0	0
"
 tid_6292_time_10:12:15:368 DPETW@ "GAZE_LOG_CALI: 634.72	520.213	636.941	524.84	889.038	518.468	890.375	523.013	311.187	511.021	313.993	515.359	563.525	511.181	565.42	515.6	
22.8449	0.447939	276.432	-1.38003	-361.798	10.6292	-110.121	10.8628	20.6243	-4.1794	275.093	-5.92768	-364.609	6.28777	-112.016	6.44363	5.84078	-0.79294	-651.51	70.5529	-0.735318	-651.581	5.60678	-0.80252	-659.306	71.0984	-0.744184	-659.362	5.29713	-1.95347	-654.416	70.5295	-1.8947	-654.542	-0.0615202	-0.228673	0.971557	-0.114048	-0.230636	0.966333	-0.0615202	0.0305763	0.997637	-0.114048	0.0273286	0.993099	-0.0615202	0.0305763	0.997637	-0.114048	0.0273286	0.993099	-3.52873	1.75216	-6.5512	1.56601	-3.52873	1.75216	-6.5512	1.56601	88.924	105.083	120.982	103.159	496.089	586.236	674.935	575.503	585.512	580.87	1	0	0
"
 tid_6292_time_10:12:15:390 DPETW@ "GAZE_LOG_CALI: 634.577	520.114	636.875	524.765	888.982	518.361	890.292	522.91	311.108	510.892	313.968	515.196	563.36	511.106	565.307	515.487	
22.7795	0.373048	276.348	-1.48324	-361.823	10.4655	-110.234	10.7497	20.4815	-4.2776	275.037	-6.03479	-364.688	6.15868	-112.181	6.36852	5.82452	-0.823613	-651.582	70.5262	-0.763109	-651.53	5.59035	-0.833562	-659.378	71.0715	-0.77231	-659.31	5.26091	-1.9831	-654.532	70.4951	-1.91783	-654.353	-0.0660066	-0.230322	0.970873	-0.112548	-0.223692	0.96814	-0.0660066	0.0288062	0.997403	-0.112548	0.0345031	0.993047	-0.0660065	0.0288062	0.997403	-0.112548	0.0345031	0.993047	-3.78622	1.6507	-6.46607	1.97728	-3.78622	1.6507	-6.46607	1.97728	86.067	103.925	121.908	107.686	480.15	579.777	680.1	600.759	580.125	590.268	1	0	0
"
 tid_6292_time_10:12:15:413 DPETW@ "GAZE_LOG_CALI: 634.431	519.897	636.775	524.459	888.731	518.111	890.044	522.686	310.935	510.618	313.86	515.006	563.159	510.884	565.162	515.194	
22.6793	0.0665896	276.1	-1.70681	-361.931	10.2759	-110.379	10.4574	20.3353	-4.49519	274.785	-6.2845	-364.861	5.88462	-112.383	6.14637	5.79901	-0.887191	-651.567	70.4819	-0.829505	-651.706	5.56452	-0.897909	-659.364	71.0265	-0.839504	-659.487	5.22384	-2.04642	-654.478	70.4398	-1.97894	-654.437	-0.0677216	-0.228304	0.971232	-0.112605	-0.218696	0.969274	-0.0677216	0.030849	0.997227	-0.112605	0.0396226	0.99285	-0.0677216	0.030849	0.997227	-0.112605	0.0396226	0.99285	-3.88499	1.7678	-6.47058	2.2708	-3.88499	1.7678	-6.47058	2.2708	84.9547	105.157	121.795	110.827	473.945	586.648	679.472	618.283	576.709	602.466	1	0	0
"
 tid_6292_time_10:12:15:435 DPETW@ "GAZE_LOG_CALI: 634.291	519.746	636.747	524.218	888.579	517.794	889.975	522.406	310.775	510.325	313.837	514.853	563.004	510.561	565.049	514.958	
22.6516	-0.173951	276.031	-1.98681	-361.954	10.1223	-110.493	10.2209	20.1946	-4.64644	274.633	-6.60126	-365.022	5.5916	-112.538	5.82335	5.79164	-0.937682	-651.584	70.4563	-0.895697	-651.632	5.55707	-0.949009	-659.38	71.0006	-0.906496	-659.413	5.18813	-2.1037	-654.436	70.4002	-2.06138	-654.427	-0.0724824	-0.22685	0.971229	-0.116529	-0.224137	0.967566	-0.0724824	0.032252	0.996848	-0.116529	0.0339251	0.992608	-0.0724824	0.032252	0.996848	-0.116529	0.0339251	0.992608	-4.15875	1.84822	-6.69569	1.94414	-4.15875	1.84822	-6.69569	1.94414	81.9286	105.995	119.277	107.176	457.063	591.326	665.422	597.913	561.243	594.62	1	0	0
"
 tid_6292_time_10:12:15:457 DPETW@ "GAZE_LOG_CALI: 634.305	519.713	636.773	524.212	888.666	517.788	890.014	522.404	310.831	510.284	313.844	514.81	563.04	510.571	565.052	514.937	
22.6769	-0.180299	276.07	-1.98877	-361.947	10.0796	-110.49	10.2004	20.2087	-4.67909	274.72	-6.60767	-364.966	5.54985	-112.502	5.83412	5.79783	-0.943935	-651.553	70.4598	-0.898516	-651.57	5.56333	-0.955339	-659.35	71.0042	-0.90935	-659.351	5.19183	-2.11344	-654.515	70.4136	-2.06057	-654.351	-0.0745189	-0.232306	0.969784	-0.114347	-0.222902	0.968111	-0.0745189	0.0266082	0.996865	-0.114347	0.0352586	0.992815	-0.0745189	0.0266082	0.996865	-0.114347	0.0352586	0.992815	-4.2751	1.52471	-6.57008	2.02059	-4.2751	1.52471	-6.57008	2.02059	80.6537	102.437	120.684	108.027	449.951	571.474	673.273	602.66	561.612	587.067	1	0	0
"
 tid_6292_time_10:12:15:479 DPETW@ "GAZE_LOG_CALI: 634.367	519.648	636.799	524.165	888.714	517.743	890.028	522.357	310.845	510.227	313.866	514.811	563.141	510.505	565.085	514.923	
22.7036	-0.227052	276.084	-2.03573	-361.925	10.0804	-110.456	10.1866	20.2709	-4.74355	274.768	-6.65286	-364.951	5.49329	-112.401	5.76752	5.80454	-0.949769	-651.545	70.4669	-0.906288	-651.605	5.57011	-0.961243	-659.341	71.0114	-0.917215	-659.386	5.20724	-2.12876	-654.434	70.4356	-2.07508	-654.436	-0.0717555	-0.230869	0.970335	-0.112543	-0.226296	0.967535	-0.0717555	0.0281386	0.997025	-0.112543	0.0318313	0.993137	-0.0717555	0.0281386	0.997025	-0.112543	0.0318313	0.993137	-4.11645	1.61244	-6.46519	1.82411	-4.11645	1.61244	-6.46519	1.82411	82.411	103.395	121.854	105.835	459.755	576.821	679.797	590.43	569.776	583.625	1	0	0
"
 tid_6292_time_10:12:15:501 DPETW@ "GAZE_LOG_CALI: 634.44	519.611	636.84	524.121	888.841	517.637	890.174	522.282	310.914	510.189	313.932	514.716	563.264	510.378	565.182	514.922	
22.7439	-0.271302	276.23	-2.11072	-361.859	9.98595	-110.36	10.1848	20.3446	-4.78078	274.895	-6.75827	-364.883	5.4553	-112.278	5.64059	5.815	-0.967543	-651.595	70.4952	-0.915914	-651.52	5.58072	-0.979231	-659.391	71.0401	-0.926958	-659.301	5.22612	-2.13835	-654.426	70.4681	-2.10486	-654.439	-0.0693758	-0.226774	0.971474	-0.113608	-0.233929	0.965593	-0.0693758	0.0323891	0.997065	-0.113608	0.0239557	0.993237	-0.0693758	0.0323891	0.997065	-0.113608	0.0239557	0.993237	-3.98023	1.85608	-6.52523	1.37269	-3.98023	1.85608	-6.52523	1.37269	83.9206	106.045	121.225	100.858	468.176	591.606	676.288	562.669	572.232	577.137	1	0	0
"
 tid_6292_time_10:12:15:524 DPETW@ "GAZE_LOG_CALI: 634.575	519.433	637.035	523.973	889.076	517.631	890.513	522.198	311.143	510.065	314.047	514.653	563.432	510.335	565.499	514.844	
22.9396	-0.419191	276.57	-2.19549	-361.744	9.92278	-110.042	10.1074	20.4796	-4.95912	275.13	-6.76469	-364.653	5.33142	-112.11	5.59731	5.86406	-0.994269	-651.456	70.5784	-0.93632	-651.489	5.63032	-1.00628	-659.252	71.1243	-0.94761	-659.27	5.26155	-2.17745	-654.598	70.5162	-2.11077	-654.321	-0.0766077	-0.243298	0.966922	-0.118774	-0.227169	0.966585	-0.0766077	0.0152497	0.996945	-0.118774	0.0307422	0.992445	-0.0766077	0.0152497	0.996945	-0.118774	0.0307422	0.992445	-4.39411	0.873776	-6.82461	1.76168	-4.39411	0.873776	-6.82461	1.76168	79.4157	95.248	117.984	105.156	443.044	531.37	658.208	586.643	549.338	557.367	1	0	0
"
 tid_6292_time_10:12:15:547 DPETW@ "GAZE_LOG_CALI: 634.817	519.244	637.192	523.855	889.273	517.513	890.654	522.11	311.282	510.028	314.215	514.508	563.729	510.279	565.716	514.738	
23.096	-0.537478	276.711	-2.28312	-361.576	9.77729	-109.825	10.0009	20.7215	-5.14846	275.327	-6.88317	-364.514	5.2942	-111.813	5.54189	5.90388	-1.02792	-651.485	70.6292	-0.961104	-651.632	5.67063	-1.04034	-659.282	71.1756	-0.972691	-659.412	5.32169	-2.20591	-654.434	70.5851	-2.13327	-654.487	-0.069808	-0.233185	0.969923	-0.115916	-0.227819	0.966779	-0.069808	0.0257953	0.997227	-0.115916	0.0301643	0.992801	-0.069808	0.0257953	0.997227	-0.115916	0.0301643	0.992801	-4.0043	1.47812	-6.65949	1.72855	-4.0043	1.47812	-6.65949	1.72855	83.7537	101.852	119.857	104.726	467.245	568.209	668.656	584.245	567.95	576.227	1	0	0
"
 tid_6292_time_10:12:15:570 DPETW@ "GAZE_LOG_CALI: 635.062	519.093	637.437	523.782	889.439	517.419	890.868	522.043	311.51	509.817	314.505	514.241	563.845	510.188	565.933	514.705	
23.3415	-0.609683	276.925	-2.34987	-361.285	9.51055	-109.608	9.96806	20.9661	-5.29909	275.494	-6.97691	-364.286	5.08295	-111.696	5.45054	5.96804	-1.0712	-651.557	70.6844	-0.973618	-651.629	5.73559	-1.08414	-659.354	71.2315	-0.985355	-659.41	5.38415	-2.25219	-654.413	70.6193	-2.15675	-654.416	-0.069051	-0.2295	0.970856	-0.118492	-0.226733	0.966722	-0.069051	0.0295963	0.997174	-0.118492	0.0311992	0.992465	-0.069051	0.0295963	0.997174	-0.118492	0.0311992	0.992465	-3.96122	1.69599	-6.80843	1.78787	-3.96122	1.69599	-6.80843	1.78787	84.2894	104.189	118.256	105.376	470.234	581.249	659.727	587.872	564.981	584.56	1	0	0
"
 tid_6292_time_10:12:15:593 DPETW@ "GAZE_LOG_CALI: 635.243	518.936	637.705	523.576	889.632	517.328	891.031	521.934	311.769	509.599	314.792	514.06	564.072	510.054	566.113	514.555	
23.6094	-0.816166	277.089	-2.459	-360.997	9.32889	-109.428	9.81765	21.1469	-5.45595	275.688	-7.06821	-364.026	4.86492	-111.47	5.31713	6.03698	-1.12065	-651.594	70.7299	-1.00674	-651.67	5.80537	-1.13419	-659.39	71.2775	-1.01888	-659.451	5.43256	-2.30056	-654.539	70.6754	-2.18561	-654.473	-0.0745103	-0.233113	0.969591	-0.116954	-0.226632	0.966933	-0.0745103	0.0257784	0.996887	-0.116954	0.0313507	0.992642	-0.0745103	0.0257784	0.996887	-0.116954	0.0313507	0.992642	-4.27451	1.47716	-6.71967	1.79655	-4.27451	1.47716	-6.71967	1.79655	80.9028	101.73	119.286	105.426	451.34	567.531	665.473	588.153	558.407	577.842	1	0	0
"
 tid_6292_time_10:12:15:616 DPETW@ "GAZE_LOG_CALI: 635.351	518.785	637.807	523.276	889.705	517.129	891.127	521.828	311.853	509.297	314.891	513.87	564.159	509.933	566.199	514.345	
23.7107	-1.1164	277.184	-2.56514	-360.898	9.13857	-109.343	9.60779	21.2552	-5.60732	275.761	-7.26681	-363.942	4.56255	-111.383	5.19606	6.06256	-1.18333	-651.597	70.7525	-1.04715	-651.645	5.83126	-1.19763	-659.394	71.3004	-1.05977	-659.426	5.46059	-2.35879	-654.495	70.6971	-2.2267	-654.504	-0.0734217	-0.23	0.970417	-0.118426	-0.229066	0.96618	-0.0734217	0.0289995	0.996879	-0.118426	0.0288052	0.992545	-0.0734217	0.0289995	0.996879	-0.118426	0.0288052	0.992545	-4.21232	1.66178	-6.80409	1.65065	-4.21232	1.66178	-6.80409	1.65065	81.6157	103.698	118.374	103.782	455.318	578.513	660.383	578.979	557.85	578.746	1	0	0
"
 tid_6292_time_10:12:15:639 DPETW@ "GAZE_LOG_CALI: 635.426	518.517	637.822	523.138	889.741	516.971	891.22	521.657	311.949	509.169	314.969	513.749	564.317	509.813	566.287	514.158	
23.7259	-1.25391	277.277	-2.7365	-360.82	9.01745	-109.254	9.42101	21.3298	-5.87484	275.797	-7.42474	-363.845	4.4341	-111.225	5.07529	6.06701	-1.21654	-651.713	70.7761	-1.09295	-651.651	5.83581	-1.23123	-659.51	71.3243	-1.10612	-659.431	5.47932	-2.40973	-654.545	70.7289	-2.263	-654.714	-0.0696865	-0.230374	0.970604	-0.121676	-0.236432	0.963999	-0.0696865	0.0286864	0.997156	-0.121676	0.0211255	0.992345	-0.0696865	0.0286864	0.997156	-0.121676	0.0211255	0.992345	-3.99763	1.64383	-6.99038	1.21049	-3.99763	1.64383	-6.99038	1.21049	83.9804	103.436	116.325	98.8744	468.51	577.051	648.952	551.6	558.389	563.887	1	0	0
"
 tid_6292_time_10:12:15:661 DPETW@ "GAZE_LOG_CALI: 635.493	518.312	637.932	522.916	889.853	516.719	891.333	521.419	312.069	508.951	315.008	513.521	564.353	509.544	566.467	514.001	
23.8359	-1.47651	277.391	-2.97455	-360.781	8.78999	-109.074	9.26365	21.3969	-6.08041	275.909	-7.67689	-363.726	4.21623	-111.188	4.80678	6.09396	-1.27398	-651.596	70.8177	-1.14352	-651.764	5.86304	-1.28937	-659.393	71.3662	-1.1573	-659.544	5.49682	-2.46442	-654.645	70.7441	-2.32958	-654.586	-0.0746636	-0.239563	0.968006	-0.121196	-0.228383	0.965998	-0.0746636	0.0191378	0.997025	-0.121196	0.0294176	0.992193	-0.0746636	0.0191378	0.997025	-0.121196	0.0294176	0.992193	-4.28268	1.09658	-6.96414	1.68575	-4.28268	1.09658	-6.96414	1.68575	80.8731	97.3896	116.647	104.054	451.175	543.317	650.751	580.498	549.93	560.6	1	0	0
"
 tid_6292_time_10:12:15:684 DPETW@ "GAZE_LOG_CALI: 635.473	518.252	637.892	522.879	889.88	516.664	891.297	521.374	312.066	508.939	315.011	513.45	564.384	509.486	566.417	513.978	
23.7958	-1.51289	277.355	-3.01986	-360.778	8.71865	-109.124	9.24057	21.3771	-6.13973	275.936	-7.7321	-363.728	4.20416	-111.158	4.74891	6.08473	-1.28789	-651.665	70.8059	-1.15229	-651.741	5.85372	-1.30345	-659.462	71.3543	-1.16618	-659.522	5.49225	-2.47368	-654.671	70.7522	-2.34415	-654.6	-0.0730975	-0.236644	0.968843	-0.118162	-0.23114	0.965719	-0.0730975	0.0221748	0.997078	-0.118162	0.0266827	0.992636	-0.0730975	0.0221748	0.997078	-0.118162	0.0266827	0.992636	-4.19295	1.27062	-6.78849	1.52899	-4.19295	1.27062	-6.78849	1.52899	81.849	99.2734	118.594	102.31	456.619	553.826	661.61	570.769	558.636	561.68	1	0	0
"
 tid_6292_time_10:12:15:706 DPETW@ "GAZE_LOG_CALI: 635.393	518.272	637.839	522.888	889.737	516.706	891.15	521.345	311.974	508.945	314.946	513.482	564.274	509.488	566.275	513.977	
23.7432	-1.50397	277.207	-3.04863	-360.843	8.7509	-109.266	9.24015	21.297	-6.12002	275.792	-7.69051	-363.82	4.21067	-111.267	4.75096	6.07102	-1.28265	-651.644	70.7691	-1.15618	-651.751	5.83984	-1.29814	-659.44	71.3171	-1.17011	-659.531	5.47142	-2.47034	-654.651	70.7213	-2.33883	-654.654	-0.0745057	-0.237052	0.968636	-0.117984	-0.231416	0.965674	-0.0745057	0.0217265	0.996984	-0.117984	0.0264046	0.992664	-0.0745057	0.0217265	0.996984	-0.117984	0.0264046	0.992664	-4.27383	1.24494	-6.77814	1.51305	-4.27383	1.24494	-6.77814	1.51305	80.9442	99.0023	118.671	102.128	451.572	552.314	662.039	569.75	556.081	560.1	1	0	0
"
 tid_6292_time_10:12:15:729 DPETW@ "GAZE_LOG_CALI: 635.222	518.247	637.714	522.872	889.542	516.614	891.048	521.376	311.836	508.934	314.883	513.448	564.059	509.434	566.123	513.961	
23.6185	-1.51954	277.105	-3.01815	-360.906	8.71701	-109.418	9.22404	21.1258	-6.14535	275.598	-7.78223	-363.959	4.19934	-111.483	4.69657	6.04059	-1.2892	-651.743	70.7336	-1.1544	-651.662	5.80908	-1.30477	-659.539	71.2813	-1.16832	-659.442	5.42831	-2.47535	-654.699	70.6672	-2.35771	-654.612	-0.0762425	-0.234389	0.969149	-0.122509	-0.237303	0.96368	-0.0762425	0.0244317	0.99679	-0.122509	0.0202012	0.992262	-0.0762426	0.0244317	0.99679	-0.122509	0.0202012	0.992262	-4.37393	1.39997	-7.03836	1.15752	-4.37393	1.39997	-7.03836	1.15752	79.8019	100.681	115.748	98.2269	445.199	561.681	645.734	547.988	543.492	552.332	1	0	0
"
 tid_6292_time_10:12:15:751 DPETW@ "GAZE_LOG_CALI: 635.038	518.288	637.497	522.971	889.473	516.715	890.865	521.429	311.712	508.968	314.732	513.619	563.964	509.447	566.06	513.985	
23.401	-1.42054	276.922	-2.96453	-361.058	8.88736	-109.482	9.24821	20.9423	-6.10421	275.528	-7.68164	-364.083	4.23352	-111.578	4.70975	5.98543	-1.25499	-651.859	70.7086	-1.14477	-651.86	5.7533	-1.27014	-659.655	71.2558	-1.15857	-659.641	5.38192	-2.46612	-654.799	70.6445	-2.34306	-654.564	-0.0740496	-0.238468	0.968323	-0.116464	-0.225659	0.96722	-0.0740496	0.0202781	0.997048	-0.116464	0.0323649	0.992667	-0.0740496	0.0202781	0.997048	-0.116464	0.0323649	0.992667	-4.24749	1.16193	-6.69157	1.85469	-4.24749	1.16193	-6.69157	1.85469	81.1323	98.0641	119.56	105.889	452.621	547.08	667	590.734	559.81	568.907	1	0	0
"
 tid_6292_time_10:12:15:773 DPETW@ "GAZE_LOG_CALI: 634.803	518.373	637.2	523.018	889.179	516.757	890.712	521.461	311.454	509.072	314.34	513.699	563.695	509.544	565.843	514.008	
23.1043	-1.37372	276.769	-2.93228	-361.45	8.96763	-109.699	9.27141	20.7067	-6.01882	275.234	-7.63907	-364.341	4.3376	-111.847	4.80709	5.90814	-1.23886	-651.692	70.6575	-1.13776	-651.749	5.67501	-1.25382	-659.489	71.2042	-1.15147	-659.53	5.32101	-2.44186	-654.759	70.5733	-2.32546	-654.61	-0.0723987	-0.24297	0.967328	-0.123756	-0.230294	0.96522	-0.0723987	0.0156725	0.997253	-0.123756	0.0273704	0.991935	-0.0723987	0.0156725	0.997253	-0.123756	0.0273704	0.991935	-4.15228	0.898004	-7.11163	1.5684	-4.15228	0.898004	-7.11163	1.5684	82.116	95.2139	114.843	102.771	458.109	531.179	640.689	573.336	547.483	549.796	1	0	0
"
 tid_6292_time_10:12:15:795 DPETW@ "GAZE_LOG_CALI: 634.527	518.471	636.949	523.155	888.878	516.718	890.346	521.458	311.185	509.196	314.111	513.789	563.414	509.571	565.565	514.041	
22.853	-1.23664	276.402	-2.9357	-361.679	9.05809	-109.977	9.30407	20.431	-5.92104	274.933	-7.6779	-364.611	4.46111	-112.127	4.83352	5.84432	-1.21001	-651.724	70.5799	-1.13448	-651.902	5.61044	-1.22463	-659.52	71.1255	-1.14815	-659.683	5.25035	-2.41366	-654.763	70.4994	-2.3274	-654.638	-0.0732378	-0.241834	0.96755	-0.119977	-0.225979	0.966716	-0.0732378	0.0168266	0.997173	-0.119977	0.0319258	0.992263	-0.0732378	0.0168266	0.997173	-0.119977	0.0319258	0.992263	-4.20057	0.964139	-6.8943	1.82953	-4.20057	0.964139	-6.8943	1.82953	81.5159	95.963	117.168	105.62	454.761	535.358	653.654	589.231	553.417	561.286	1	0	0
"
 tid_6292_time_10:12:15:818 DPETW@ "GAZE_LOG_CALI: 634.367	518.55	636.814	523.177	888.667	516.77	890.139	521.503	311.007	509.261	314.045	513.803	563.297	509.605	565.321	514.049	
22.7182	-1.2154	276.195	-2.89087	-361.746	9.07226	-110.221	9.31188	20.2712	-5.84176	274.721	-7.62623	-364.79	4.52671	-112.245	4.86822	5.81123	-1.2057	-651.835	70.5196	-1.1279	-651.825	5.57699	-1.22026	-659.631	71.0645	-1.1415	-659.606	5.20913	-2.39509	-654.728	70.4621	-2.31691	-654.799	-0.0727633	-0.232382	0.969899	-0.120827	-0.235772	0.964268	-0.0727633	0.0265646	0.996995	-0.120827	0.0218329	0.992433	-0.0727633	0.0265646	0.996995	-0.120827	0.0218329	0.992433	-4.17419	1.52222	-6.94151	1.25103	-4.17419	1.52222	-6.94151	1.25103	81.7656	102.084	116.59	99.2453	456.154	569.505	650.43	553.67	552.386	560.433	1	0	0
"
 tid_6292_time_10:12:15:841 DPETW@ "GAZE_LOG_CALI: 634.142	518.564	636.559	523.158	888.429	516.795	889.901	521.506	310.764	509.231	313.839	513.788	563.003	509.61	565.107	514.068	
22.4635	-1.23414	275.957	-2.88721	-361.952	9.05712	-110.434	9.33142	20.0458	-5.82772	274.483	-7.60119	-365.032	4.49636	-112.539	4.87289	5.74657	-1.21037	-651.919	70.4632	-1.1252	-651.872	5.51158	-1.22498	-659.716	71.0074	-1.13876	-659.653	5.15061	-2.39739	-654.702	70.3905	-2.3131	-654.702	-0.0699415	-0.227167	0.971341	-0.120356	-0.229112	0.965931	-0.0699415	0.0319749	0.997039	-0.120356	0.0286961	0.992316	-0.0699414	0.0319749	0.997038	-0.120356	0.0286961	0.992316	-4.01268	1.83234	-6.9155	1.64439	-4.01268	1.83234	-6.9155	1.64439	83.4762	105.471	116.817	103.588	465.697	588.404	651.697	577.896	558.697	583.15	1	0	0
"
 tid_6292_time_10:12:15:864 DPETW@ "GAZE_LOG_CALI: 633.957	518.542	636.3	523.143	888.239	516.709	889.839	521.492	310.57	509.206	313.57	513.775	562.807	509.522	565.004	514.046	
22.2045	-1.24872	275.895	-2.90174	-362.222	9.04363	-110.538	9.30914	19.8609	-5.84957	274.293	-7.68735	-365.227	4.47107	-112.735	4.78463	5.68009	-1.21422	-651.899	70.4396	-1.12994	-651.802	5.44429	-1.22888	-659.695	70.9836	-1.14356	-659.583	5.10339	-2.40358	-654.678	70.3403	-2.33569	-654.681	-0.0660139	-0.227477	0.971543	-0.126506	-0.234402	0.963873	-0.0660139	0.0317283	0.997314	-0.126506	0.0230534	0.991698	-0.0660139	0.0317283	0.997314	-0.126506	0.0230534	0.991698	-3.78698	1.8182	-7.26966	1.32098	-3.78698	1.8182	-7.26966	1.32098	85.899	105.311	112.854	100.033	479.214	587.509	629.592	558.063	554.403	572.786	1	0	0
"
 tid_6292_time_10:12:15:886 DPETW@ "GAZE_LOG_CALI: 633.766	518.463	636.157	523.115	888.072	516.599	889.684	521.398	310.369	509.152	313.362	513.752	562.746	509.402	564.888	513.969	
22.0613	-1.27656	275.739	-2.99572	-362.43	9.02055	-110.654	9.23156	19.6696	-5.92867	274.125	-7.79715	-365.429	4.41738	-112.796	4.66496	5.64249	-1.2208	-651.788	70.4071	-1.15212	-651.869	5.4062	-1.23555	-659.585	70.9507	-1.16601	-659.65	5.05418	-2.42081	-654.66	70.3167	-2.36586	-654.863	-0.0693294	-0.233439	0.969897	-0.127434	-0.24117	0.96208	-0.0693294	0.0255433	0.997267	-0.127434	0.0160528	0.991717	-0.0693294	0.0255433	0.997267	-0.127434	0.0160528	0.991717	-3.97677	1.46368	-7.32227	0.919795	-3.97677	1.46368	-7.32227	0.919795	83.7758	101.431	112.227	95.5561	467.368	565.865	626.092	533.088	544.406	546.493	1	0	0
"
 tid_6292_time_10:12:15:909 DPETW@ "GAZE_LOG_CALI: 633.563	518.38	635.947	523.018	887.804	516.502	889.403	521.255	310.246	509.05	313.169	513.716	562.521	509.26	564.72	513.856	
21.8508	-1.37385	275.458	-3.13844	-362.623	8.9847	-110.821	9.11919	19.4671	-6.01241	273.857	-7.89448	-365.552	4.31548	-113.021	4.52292	5.58934	-1.23806	-651.811	70.3559	-1.18523	-652.058	5.35242	-1.25301	-659.607	70.8987	-1.1995	-659.839	5.00374	-2.44525	-654.787	70.2557	-2.39717	-654.936	-0.0700542	-0.239537	0.968357	-0.126381	-0.235399	0.963647	-0.0700542	0.0192544	0.997357	-0.126381	0.0220322	0.991737	-0.0700542	0.0192544	0.997357	-0.126381	0.0220322	0.991737	-4.01785	1.10326	-7.26226	1.26245	-4.01785	1.10326	-7.26226	1.26245	83.2679	97.4429	112.822	99.2698	464.535	543.615	629.413	553.807	544.605	545.663	1	0	0
"
 tid_6292_time_10:12:15:931 DPETW@ "GAZE_LOG_CALI: 633.323	518.377	635.821	523.037	887.563	516.493	889.168	521.191	310.096	509.09	313.063	513.7	562.325	509.249	564.459	513.83	
21.7254	-1.35529	275.223	-3.20256	-362.729	8.96907	-111.083	9.09331	19.2269	-6.01522	273.615	-7.90315	-365.702	4.35564	-113.217	4.5116	5.55774	-1.23786	-651.839	70.2907	-1.19695	-652.009	5.32045	-1.2528	-659.636	70.8328	-1.21137	-659.79	4.94242	-2.44111	-654.948	70.2016	-2.40018	-655.009	-0.0779389	-0.244993	0.966387	-0.127077	-0.23936	0.962579	-0.0779389	0.0134746	0.996867	-0.127077	0.0179299	0.991731	-0.0779389	0.0134746	0.996867	-0.127077	0.0179299	0.991731	-4.47051	0.772061	-7.30188	1.02736	-4.47051	0.772061	-7.30188	1.02736	78.2389	93.7965	112.321	96.6683	436.479	523.272	626.615	539.293	526.601	524.948	1	0	0
"
 tid_6292_time_10:12:15:953 DPETW@ "GAZE_LOG_CALI: 633.133	518.414	635.643	523.071	887.401	516.452	888.929	521.191	309.942	509.138	312.939	513.701	562.121	509.238	564.188	513.839	
21.5472	-1.32111	274.983	-3.20298	-362.854	8.96981	-111.354	9.10168	19.0375	-5.97768	273.453	-7.94443	-365.856	4.4034	-113.421	4.50055	5.51247	-1.23367	-651.938	70.2233	-1.19613	-651.95	5.27467	-1.24856	-659.734	70.7645	-1.21054	-659.731	4.89436	-2.43046	-655.004	70.1521	-2.40687	-654.932	-0.0777777	-0.241709	0.967227	-0.122906	-0.240067	0.962944	-0.0777777	0.0168633	0.996828	-0.122906	0.0173411	0.992267	-0.0777777	0.0168633	0.996828	-0.122906	0.0173411	0.992267	-4.46148	0.96624	-7.06094	0.99362	-4.46148	0.96624	-7.06094	0.99362	78.2853	95.9147	114.947	96.304	436.738	535.089	641.264	537.261	535.029	531.044	1	0	0
"
 tid_6292_time_10:12:15:975 DPETW@ "GAZE_LOG_CALI: 632.977	518.517	635.428	523.166	887.282	516.57	888.853	521.291	309.804	509.182	312.859	513.78	562.02	509.293	564.114	513.897	
21.3319	-1.22626	274.907	-3.10265	-362.934	9.04854	-111.428	9.1596	18.881	-5.87545	273.334	-7.82674	-365.994	4.44793	-113.522	4.55534	5.45978	-1.21182	-652.157	70.2041	-1.17594	-651.953	5.22143	-1.22645	-659.953	70.7452	-1.19011	-659.734	4.85498	-2.4118	-655.025	70.125	-2.38493	-654.974	-0.0721026	-0.233229	0.969745	-0.125366	-0.241532	0.962261	-0.0721026	0.0257064	0.997066	-0.125366	0.0157493	0.991985	-0.0721026	0.0257064	0.997066	-0.125366	0.0157493	0.991985	-4.13613	1.47303	-7.20279	0.902405	-4.13613	1.47303	-7.20279	0.902405	81.8075	101.46	113.345	95.3171	456.388	566.025	632.328	531.755	541.821	545.648	1	0	0
"
 tid_6292_time_10:12:15:998 DPETW@ "GAZE_LOG_CALI: 632.813	518.681	635.206	523.312	887.157	516.658	888.755	521.419	309.643	509.336	312.671	513.891	561.845	509.395	564.02	514.04	
21.1104	-1.07978	274.81	-2.97428	-363.122	9.16026	-111.521	9.30299	18.7168	-5.71083	273.209	-7.73838	-366.156	4.60131	-113.697	4.65734	5.4029	-1.17902	-652.221	70.1795	-1.14121	-651.955	5.16388	-1.19325	-660.017	70.7203	-1.15496	-659.736	4.81333	-2.37101	-655.017	70.0833	-2.3603	-654.879	-0.0680843	-0.228745	0.971103	-0.126254	-0.238923	0.962796	-0.0680843	0.0303889	0.997217	-0.126254	0.0184076	0.991827	-0.0680843	0.0303889	0.997217	-0.126254	0.0184076	0.991827	-3.90577	1.74142	-7.25439	1.05474	-3.90577	1.74142	-7.25439	1.05474	84.2871	104.429	112.743	97.0379	470.221	582.591	628.97	541.355	548.478	560.562	1	0	0
"
 tid_6292_time_10:12:16:20 DPETW@ "GAZE_LOG_CALI: 632.552	518.739	634.988	523.39	886.938	516.686	888.537	521.423	309.427	509.392	312.406	513.974	561.665	509.415	563.846	514.007	
20.8921	-1.00226	274.591	-2.97074	-363.388	9.24297	-111.696	9.27021	18.4559	-5.65321	272.99	-7.71058	-366.372	4.65762	-113.877	4.67739	5.34764	-1.15861	-652.118	70.1317	-1.14526	-652.034	5.10792	-1.1726	-659.914	70.6718	-1.15906	-659.815	4.74614	-2.35682	-655.101	70.0339	-2.35454	-654.945	-0.072795	-0.23828	0.968465	-0.126188	-0.236482	0.963407	-0.072795	0.0204965	0.997136	-0.126188	0.0209244	0.991786	-0.072795	0.0204965	0.997136	-0.126188	0.0209244	0.991786	-4.17542	1.17444	-7.25096	1.19897	-4.17542	1.17444	-7.25096	1.19897	81.2621	98.2335	112.723	98.6115	453.345	548.025	628.859	550.134	538.35	545.591	1	0	0
"
 tid_6292_time_10:12:16:42 DPETW@ "GAZE_LOG_CALI: 632.383	518.768	634.892	523.391	886.82	516.665	888.283	521.38	309.28	509.458	312.24	513.969	561.616	509.368	563.787	513.952	
20.7957	-1.00104	274.336	-3.01348	-363.554	9.23802	-111.755	9.21479	18.2868	-5.6241	272.871	-7.73153	-366.519	4.72423	-113.927	4.6303	5.32174	-1.15911	-652.002	70.102	-1.15833	-652.358	5.08166	-1.17311	-659.798	70.6415	-1.17228	-660.139	4.70374	-2.34471	-655.124	70.0158	-2.36371	-655.056	-0.0781917	-0.242405	0.967019	-0.118968	-0.226562	0.966704	-0.0781917	0.0161379	0.996808	-0.118968	0.0313588	0.992403	-0.0781917	0.0161379	0.996808	-0.118968	0.0313588	0.992403	-4.48522	0.924671	-6.83592	1.79702	-4.48522	0.924671	-6.83592	1.79702	77.8237	95.5148	117.282	105.13	434.163	532.858	654.29	586.498	542.56	557.592	1	0	0
"
 tid_6292_time_10:12:16:64 DPETW@ "GAZE_LOG_CALI: 632.299	518.798	634.776	523.399	886.636	516.598	888.156	521.338	309.193	509.389	312.166	513.972	561.362	509.336	563.574	513.934	
20.6801	-0.993228	274.209	-3.05568	-363.629	9.2412	-111.967	9.19739	18.2026	-5.59395	272.687	-7.79864	-366.607	4.65476	-114.181	4.59831	5.2932	-1.15787	-652.064	70.054	-1.166	-652.22	5.0528	-1.17184	-659.86	70.593	-1.18004	-660.001	4.68219	-2.34988	-655.117	69.9557	-2.37635	-654.938	-0.0756074	-0.240327	0.967743	-0.121593	-0.228246	0.965981	-0.0756074	0.0183324	0.996969	-0.121593	0.029546	0.99214	-0.0756074	0.0183324	0.996969	-0.121593	0.029546	0.99214	-4.33685	1.05043	-6.98713	1.69311	-4.33685	1.05043	-6.98713	1.69311	79.4287	96.8839	115.564	104.009	443.117	540.496	644.711	580.248	542.282	558.334	1	0	0
"
 tid_6292_time_10:12:16:86 DPETW@ "GAZE_LOG_CALI: 632.163	518.671	634.619	523.351	886.477	516.492	887.996	521.313	309.014	509.376	312.069	513.891	561.27	509.303	563.372	513.892	
20.5235	-1.04102	274.049	-3.08059	-363.725	9.15954	-112.169	9.15546	18.0672	-5.72121	272.527	-7.90434	-366.787	4.64206	-114.272	4.56611	5.25358	-1.17472	-652.173	70.0052	-1.17469	-652.145	5.01275	-1.1889	-659.969	70.5437	-1.18884	-659.926	4.6464	-2.36782	-655.048	69.9269	-2.39452	-655.052	-0.0721974	-0.232336	0.969952	-0.121907	-0.238312	0.963507	-0.0721974	0.0266225	0.997035	-0.121907	0.0191821	0.992356	-0.0721974	0.0266225	0.997035	-0.121907	0.0191821	0.992356	-4.14168	1.52554	-7.00348	1.09912	-4.14168	1.52554	-7.00348	1.09912	81.5359	102.071	115.342	97.4439	454.872	569.436	643.47	543.62	547.586	554.508	1	0	0
"
 tid_6292_time_10:12:16:109 DPETW@ "GAZE_LOG_CALI: 632.109	518.691	634.586	523.326	886.433	516.435	887.98	521.279	308.987	509.334	312.01	513.876	561.192	509.243	563.274	513.826	
20.4905	-1.06623	274.033	-3.11522	-363.785	9.14507	-112.268	9.08924	18.0126	-5.70113	272.483	-7.96119	-366.813	4.59942	-114.35	4.50614	5.24507	-1.1798	-652.123	69.9859	-1.18753	-651.999	5.00412	-1.19404	-659.919	70.5243	-1.20184	-659.781	4.63264	-2.37094	-655.097	69.9096	-2.40947	-654.997	-0.0746243	-0.236419	0.968781	-0.12363	-0.242867	0.962149	-0.0746243	0.0223756	0.996961	-0.12363	0.0144315	0.992223	-0.0746243	0.0223756	0.996961	-0.12363	0.0144315	0.992223	-4.28071	1.28214	-7.10242	0.826892	-4.28071	1.28214	-7.10242	0.826892	79.996	99.3995	114.238	94.4566	446.282	554.53	637.309	526.954	538.406	536.372	1	0	0
"
 tid_6292_time_10:12:16:131 DPETW@ "GAZE_LOG_CALI: 632.101	518.559	634.62	523.219	886.452	516.377	888.017	521.195	309.03	509.258	312.054	513.821	561.207	509.15	563.336	513.767	
20.5237	-1.17334	274.07	-3.19852	-363.74	9.0901	-112.206	9.03051	18.0048	-5.83296	272.503	-8.01909	-366.77	4.52332	-114.336	4.41294	5.2532	-1.20054	-652.151	70.0002	-1.20573	-652.05	5.01236	-1.21503	-659.947	70.5388	-1.22026	-659.831	4.63097	-2.39794	-655.188	69.9141	-2.42893	-654.996	-0.0775404	-0.240494	0.967549	-0.124372	-0.240648	0.962611	-0.0775404	0.0181207	0.996825	-0.124372	0.0166945	0.992095	-0.0775404	0.0181207	0.996825	-0.124372	0.0166945	0.992095	-4.44793	1.0383	-7.14547	0.956569	-4.44793	1.0383	-7.14547	0.956569	78.1559	96.6892	113.767	95.8624	436.016	539.41	634.682	534.797	531.182	531.776	1	0	0
"
 tid_6292_time_10:12:16:153 DPETW@ "GAZE_LOG_CALI: 632.164	518.598	634.676	523.249	886.479	516.367	888.009	521.142	309.055	509.347	312.086	513.85	561.231	509.177	563.373	513.794	
20.5805	-1.14277	274.062	-3.25201	-363.708	9.11892	-112.169	9.05731	18.068	-5.79408	272.53	-8.02971	-366.745	4.61249	-114.311	4.44013	5.26705	-1.19284	-652.114	70.0063	-1.20917	-652.12	5.02636	-1.20724	-659.91	70.5448	-1.22374	-659.901	4.64658	-2.3812	-655.125	69.9202	-2.42671	-654.984	-0.0768501	-0.237556	0.968329	-0.122459	-0.235852	0.964042	-0.0768501	0.0211601	0.996818	-0.122459	0.0216966	0.992236	-0.0768501	0.0211601	0.996818	-0.122459	0.0216966	0.992236	-4.40852	1.21248	-7.03569	1.24322	-4.40852	1.21248	-7.03569	1.24322	78.6078	98.6238	114.988	99.0117	438.537	550.202	641.497	552.367	537.369	547.951	1	0	0
"
 tid_6292_time_10:12:16:176 DPETW@ "GAZE_LOG_CALI: 632.264	518.695	634.794	523.271	886.638	516.463	888.143	521.267	309.169	509.341	312.178	513.911	561.428	509.257	563.604	513.865	
20.6981	-1.12122	274.196	-3.12719	-363.616	9.18006	-111.938	9.12787	18.1683	-5.69686	272.689	-7.93335	-366.631	4.60693	-114.114	4.51991	5.29687	-1.18207	-652.069	70.0586	-1.18415	-652.292	5.05652	-1.19634	-659.865	70.5976	-1.19841	-660.073	4.67335	-2.36936	-655.137	69.9681	-2.40404	-655.05	-0.0784105	-0.24004	0.967591	-0.120953	-0.231667	0.965246	-0.0784105	0.0185704	0.996748	-0.120953	0.0260511	0.992316	-0.0784105	0.0185704	0.996748	-0.120953	0.0260511	0.992316	-4.49798	1.06406	-6.9495	1.49279	-4.49798	1.06406	-6.9495	1.49279	77.6529	97.0117	115.981	101.756	433.21	541.209	647.032	567.674	537.74	551.46	1	0	0
"
 tid_6292_time_10:12:16:199 DPETW@ "GAZE_LOG_CALI: 632.41	518.608	634.843	523.225	886.813	516.548	888.31	521.274	309.396	509.321	312.283	513.908	561.503	509.267	563.799	513.852	
20.747	-1.16742	274.364	-3.11943	-363.511	9.17694	-111.743	9.11541	18.3143	-5.78377	272.865	-7.84817	-366.404	4.5865	-114.039	4.52925	5.31075	-1.18838	-652.157	70.1064	-1.18461	-652.334	5.07061	-1.20273	-659.954	70.646	-1.19888	-660.116	4.7113	-2.38338	-655.285	69.9951	-2.39128	-654.878	-0.0744038	-0.244484	0.966794	-0.120293	-0.220362	0.967972	-0.0744038	0.0140713	0.997129	-0.120293	0.0376759	0.992023	-0.0744038	0.0140713	0.997129	-0.120293	0.0376759	0.992023	-4.26739	0.80625	-6.91394	2.15918	-4.26739	0.80625	-6.91394	2.15918	80.2073	94.1411	116.42	109.124	447.46	525.194	649.485	608.781	547.683	566.003	1	0	0
"
 tid_6292_time_10:12:16:221 DPETW@ "GAZE_LOG_CALI: 632.581	518.556	634.974	523.267	886.927	516.515	888.551	521.303	309.522	509.303	312.574	513.834	561.747	509.29	563.91	513.893	
20.8779	-1.12525	274.605	-3.09049	-363.219	9.10242	-111.632	9.15558	18.4855	-5.83571	272.978	-7.88176	-366.277	4.56887	-113.796	4.55311	5.346	-1.19267	-652.441	70.1446	-1.17534	-652.119	5.10639	-1.20706	-660.237	70.6848	-1.1895	-659.9	4.75449	-2.39197	-655.215	70.0479	-2.39296	-655.099	-0.0680423	-0.229111	0.971019	-0.127628	-0.241156	0.962058	-0.0680423	0.0300137	0.997231	-0.127628	0.0160604	0.991692	-0.0680423	0.0300137	0.997231	-0.127628	0.0160604	0.991692	-3.90331	1.71991	-7.33348	0.920231	-3.90331	1.71991	-7.33348	0.920231	84.2425	104.128	111.806	95.4775	469.972	580.911	623.742	532.65	545.136	554.6	1	0	0
"
 tid_6292_time_10:12:16:244 DPETW@ "GAZE_LOG_CALI: 632.662	518.53	635.098	523.202	887.113	516.535	888.686	521.347	309.688	509.207	312.781	513.808	561.937	509.327	564.036	513.919	
21.0025	-1.18964	274.74	-3.04634	-363.012	9.077	-111.506	9.18207	18.5658	-5.8619	273.164	-7.86094	-366.111	4.47243	-113.605	4.58967	5.37912	-1.20415	-652.582	70.1776	-1.16615	-652.108	5.13995	-1.21867	-660.378	70.7182	-1.1802	-659.889	4.77645	-2.40809	-655.36	70.0965	-2.38539	-655.107	-0.0703074	-0.230056	0.970634	-0.125058	-0.242449	0.96207	-0.0703074	0.0290017	0.997104	-0.125058	0.0148143	0.992039	-0.0703074	0.0290017	0.997104	-0.125058	0.0148143	0.992039	-4.03334	1.66191	-7.18491	0.848831	-4.03334	1.66191	-7.18491	0.848831	82.8314	103.448	113.498	94.6955	462.1	577.116	633.182	528.287	545.642	550.146	1	0	0
"
 tid_6292_time_10:12:16:267 DPETW@ "GAZE_LOG_CALI: 632.849	518.38	635.247	523.09	887.13	516.535	888.787	521.314	309.832	509.141	312.877	513.748	562.047	509.231	564.123	513.881	
21.1509	-1.30237	274.841	-3.0795	-362.916	9.01684	-111.418	9.14392	18.7534	-6.01198	273.181	-7.86137	-365.967	4.40652	-113.496	4.49347	5.41574	-1.22609	-652.504	70.2011	-1.17517	-652.084	5.17698	-1.24088	-660.301	70.742	-1.18933	-659.865	4.82367	-2.43552	-655.295	70.1182	-2.39829	-655.272	-0.0684971	-0.231605	0.970395	-0.130221	-0.252345	0.958835	-0.0684971	0.0274438	0.997274	-0.130221	0.00441866	0.991475	-0.0684971	0.0274438	0.997274	-0.130221	0.00441866	0.991475	-3.92915	1.57261	-7.48246	0.253171	-3.92915	1.57261	-7.48246	0.253171	84.0243	102.458	110.204	88.1023	468.755	571.593	614.807	491.505	537.628	526.104	2	0	0
"
 tid_6292_time_10:12:16:289 DPETW@ "GAZE_LOG_CALI: 632.883	518.288	635.311	522.968	887.157	516.433	888.8	521.218	309.869	509.024	312.915	513.612	562.075	509.164	564.184	513.816	
21.2148	-1.42389	274.854	-3.17611	-362.878	8.88094	-111.358	9.07952	18.787	-6.10396	273.209	-7.96353	-365.929	4.28919	-113.467	4.42651	5.43188	-1.25901	-652.461	70.2133	-1.19584	-652.165	5.19331	-1.2742	-660.257	70.7542	-1.21025	-659.946	4.83255	-2.46247	-655.3	70.1255	-2.42004	-655.277	-0.0705966	-0.232533	0.970023	-0.129256	-0.248712	0.959914	-0.0705966	0.0264505	0.997154	-0.129256	0.00820637	0.991577	-0.0705966	0.0264505	0.997154	-0.129256	0.00820637	0.991577	-4.04967	1.51568	-7.42684	0.470196	-4.04967	1.51568	-7.42684	0.470196	82.7137	101.811	110.828	90.4645	461.443	567.982	618.287	504.683	535.97	531.292	1	1	1
"
 tid_6292_time_10:12:16:312 DPETW@ "GAZE_LOG_CALI: 632.881	518.111	635.329	522.85	887.172	516.216	888.791	521.034	309.938	508.872	312.953	513.377	562.059	509.016	564.16	513.689	
21.2334	-1.54218	274.845	-3.35938	-362.84	8.64511	-111.382	8.95188	18.7848	-6.28145	273.223	-8.18002	-365.86	4.13691	-113.483	4.27837	5.43802	-1.30448	-652.481	70.2085	-1.23568	-652.149	5.19952	-1.32022	-660.277	70.7495	-1.25056	-659.93	4.83334	-2.50526	-655.417	70.124	-2.46684	-655.229	-0.0730076	-0.236269	0.968941	-0.127748	-0.248422	0.960191	-0.0730076	0.0225618	0.997076	-0.127748	0.00855859	0.99177	-0.0730076	0.0225618	0.997076	-0.127748	0.00855859	0.99177	-4.18782	1.29281	-7.33977	0.490377	-4.18782	1.29281	-7.33977	0.490377	81.194	99.308	111.799	90.6518	452.965	554.02	623.702	505.729	533.786	523.941	1	1	1
"
 tid_6292_time_10:12:16:335 DPETW@ "GAZE_LOG_CALI: 632.9	517.989	635.367	522.735	887.165	516.078	888.798	520.86	309.981	508.678	313.027	513.141	562.07	508.899	564.175	513.314	
21.2708	-1.65687	274.852	-3.53355	-362.766	8.40946	-111.367	8.57746	18.8037	-6.40267	273.217	-8.3184	-365.817	3.94317	-113.472	4.1619	5.44833	-1.34949	-652.544	70.2121	-1.30609	-652.158	5.20998	-1.36577	-660.341	70.7531	-1.32183	-659.939	4.83845	-2.54598	-655.463	70.1257	-2.49974	-655.258	-0.0738274	-0.234519	0.969304	-0.128884	-0.241978	0.961684	-0.0738274	0.0243465	0.996974	-0.128884	0.0151697	0.991544	-0.0738274	0.0243465	0.996974	-0.128884	0.0151697	0.991544	-4.23511	1.39509	-7.40596	0.86919	-4.23511	1.39509	-7.40596	0.86919	80.6785	100.377	111.065	94.776	450.089	559.983	619.607	528.737	531.249	539.825	1	1	1
"
 tid_6292_time_10:12:16:359 DPETW@ "GAZE_LOG_CALI: 632.797	517.786	635.235	522.439	887.22	515.796	888.749	520.52	309.951	508.415	312.989	513.05	562.097	508.539	564.207	513.043	
21.1394	-1.95295	274.803	-3.87388	-362.804	8.31785	-111.334	8.30559	18.7009	-6.60604	273.272	-8.60054	-365.847	3.67998	-113.446	3.80134	5.41522	-1.39946	-652.716	70.2148	-1.38474	-652.298	5.17654	-1.41633	-660.512	70.7557	-1.40142	-660.079	4.81273	-2.60661	-655.592	70.1352	-2.58238	-655.215	-0.0716878	-0.234539	0.96946	-0.123048	-0.234162	0.964379	-0.0716878	0.0243676	0.997129	-0.123048	0.0234162	0.992124	-0.0716877	0.0243676	0.997129	-0.123048	0.0234162	0.992124	-4.11215	1.3963	-7.06999	1.34177	-4.11215	1.3963	-7.06999	1.34177	81.992	100.298	114.801	99.8889	457.417	559.544	640.453	557.26	547.485	556.563	1	1	1
"
 tid_6292_time_10:12:16:381 DPETW@ "GAZE_LOG_CALI: 632.693	517.536	635.025	522.128	887.436	515.6	888.495	520.122	310.18	508.247	312.915	512.763	562.264	508.377	564.217	512.635	
20.9295	-2.26356	274.548	-4.27259	-362.878	8.03066	-111.324	7.89827	18.5975	-6.85622	273.488	-8.79633	-365.618	3.51188	-113.278	3.6401	5.36346	-1.47664	-652.949	70.1986	-1.48892	-652.753	5.12424	-1.49445	-660.746	70.739	-1.50684	-660.535	4.79018	-2.66228	-656.162	70.1822	-2.6279	-655.136	-0.0704415	-0.246253	0.966642	-0.100467	-0.2023	0.974157	-0.0704415	0.0123229	0.99744	-0.100467	0.0567237	0.993322	-0.0704415	0.0123229	0.99744	-0.100467	0.0567237	0.993322	-4.03965	0.70607	-5.7754	3.25178	-4.03965	0.70607	-5.7754	3.25178	82.726	92.5573	129.14	120.772	461.512	516.359	720.445	673.765	590.979	595.062	1	1	1
"
 tid_6292_time_10:12:16:538 DPETW@ "GAZE_LOG_CALI: 635.911	523.464	638.055	520.825	892.741	515.173	891.053	518.803	316.979	507.195	315.94	511.406	568.613	506.401	566.973	511.223	
23.9589	-3.56746	277.11	-5.59166	-359.847	6.67278	-108.568	6.48532	21.8154	-0.927616	278.801	-9.22398	-358.806	2.45904	-106.928	1.6637	6.13934	-1.81529	-653	70.8952	-1.83755	-653.134	5.90947	-1.83717	-660.796	71.4436	-1.85965	-660.915	5.70915	-2.04447	-661.83	71.7482	-2.93896	-656.969	-0.186585	-0.193092	-0.963276	0.0742679	-0.263135	0.961896	-0.186585	-0.435826	-0.880478	0.0742679	-0.00521208	0.997225	-0.186585	-0.435826	-0.880478	0.0742679	-0.00521208	0.997225	-168.035	-25.8379	4.25921	-0.298632	-168.035	-25.8379	4.25921	-0.298632	261.445	396.159	240.433	81.0877	1458.55	1080	1341.33	452.372	1399.94	766.186	1	1	1
"
 tid_6292_time_10:12:16:560 DPETW@ "GAZE_LOG_CALI: 639.092	516.076	637.889	521.023	893.153	513.691	890.923	518.955	316.333	506.559	315.844	511.591	568.177	506.474	566.843	511.359	
23.7934	-3.36922	276.981	-5.43984	-359.943	6.85815	-108.698	6.62233	24.9965	-8.31633	279.214	-10.7071	-359.453	1.82288	-107.364	1.73676	6.09803	-1.76641	-653.115	70.8615	-1.80059	-653.127	5.8677	-1.7877	-660.911	71.4095	-1.82225	-660.908	6.43301	-3.06083	-655.849	71.6972	-3.1147	-655.55	0.107662	-0.242466	0.964167	0.0521353	-0.234175	0.970795	0.107662	0.0153404	0.994069	0.0521353	0.0250646	0.998325	0.107662	0.0153404	0.994069	0.0521353	0.0250646	0.998325	6.18132	0.878977	2.98943	1.43625	6.18132	0.878977	2.98943	1.43625	196.168	94.1707	226.383	100.232	1094.38	525.359	1262.95	559.173	1178.66	542.266	1	1	1
"
 tid_6292_time_10:12:16:582 DPETW@ "GAZE_LOG_CALI: 639.069	516.349	637.633	521.311	893.018	513.715	890.763	519.098	316.155	506.914	315.542	511.905	567.955	506.62	566.761	511.656	
23.5373	-3.08143	276.82	-5.297	-360.246	7.17216	-108.78	6.91923	24.9729	-8.04295	279.079	-10.6826	-359.632	2.17738	-107.586	1.88255	6.03146	-1.68927	-653.031	70.8349	-1.74446	-653.27	5.80031	-1.70963	-660.828	71.3824	-1.76544	-661.05	6.42371	-2.97897	-655.588	71.6461	-3.0923	-655.404	0.114873	-0.233898	0.965451	0.0454125	-0.228533	0.972476	0.114873	0.0239488	0.993092	0.0454125	0.030949	0.998489	0.114873	0.0239488	0.993092	0.0454125	0.030949	0.998489	6.59818	1.37229	2.60409	1.77353	6.59818	1.37229	2.60409	1.77353	200.734	99.7359	222.117	103.964	1119.85	556.406	1239.15	579.995	1179.5	568.201	1	1	1
"
 tid_6292_time_10:12:16:604 DPETW@ "GAZE_LOG_CALI: 638.958	516.545	637.571	521.475	892.981	513.873	890.745	519.287	316.056	507.178	315.45	512.027	567.836	506.78	566.727	511.779	
23.4749	-2.91719	276.802	-5.10811	-360.338	7.29484	-108.814	7.04222	24.8623	-7.84703	279.041	-10.5246	-359.73	2.44225	-107.704	2.04242	6.01492	-1.65245	-652.979	70.8269	-1.70441	-653.237	5.78355	-1.67237	-660.776	71.3744	-1.7249	-661.018	6.39538	-2.91972	-655.606	71.6208	-3.05084	-655.255	0.114277	-0.232979	0.965744	0.0416311	-0.224008	0.973698	0.114277	0.0249122	0.993136	0.0416311	0.0356367	0.998497	0.114277	0.0249122	0.993136	0.0416311	0.0356367	0.998497	6.56398	1.42751	2.38749	2.04227	6.56398	1.42751	2.38749	2.04227	200.331	100.395	219.722	106.969	1117.61	560.081	1225.78	596.756	1171.7	578.418	1	1	1
"
 tid_6292_time_10:12:16:626 DPETW@ "GAZE_LOG_CALI: 638.93	516.737	637.448	521.679	892.961	513.985	890.699	519.477	315.847	507.433	315.301	512.204	567.756	506.905	566.625	511.924	
23.3518	-2.71321	276.756	-4.9177	-360.487	7.47136	-108.916	7.18689	24.8341	-7.65495	279.022	-10.4125	-359.94	2.69679	-107.784	2.16706	5.98293	-1.60368	-652.931	70.8045	-1.6613	-653.138	5.75116	-1.62301	-660.728	71.3517	-1.68128	-660.919	6.38482	-2.86115	-655.296	71.6047	-3.02004	-655.161	0.113006	-0.220808	0.968749	0.0427597	-0.226279	0.973124	0.113006	0.0374469	0.992888	0.0427597	0.0332943	0.99853	0.113006	0.0374469	0.992888	0.0427597	0.0332943	0.998531	6.49322	2.14605	2.45206	1.90798	6.49322	2.14605	2.45206	1.90798	199.507	108.408	220.407	105.555	1113.01	604.787	1229.6	588.87	1171.31	596.828	1	1	1
"
 tid_6292_time_10:12:16:648 DPETW@ "GAZE_LOG_CALI: 640.399	517.198	638.298	522.017	894.132	514.321	891.185	519.524	317.621	507.777	316.043	512.536	569.046	507.165	566.948	512.033	
24.2018	-2.37532	277.242	-4.87032	-359.743	7.80416	-108.593	7.2959	26.3036	-7.19438	280.195	-10.0766	-358.163	3.04132	-106.494	2.42785	6.19821	-1.51651	-652.763	70.8991	-1.64029	-652.862	5.96897	-1.5348	-660.56	71.4477	-1.66003	-660.642	6.76817	-2.75762	-655.825	71.9287	-2.94271	-655.366	0.16129	-0.24678	0.955555	0.0882389	-0.235316	0.967905	0.16129	0.0089446	0.986867	0.0882389	0.0232148	0.995829	0.16129	0.0089446	0.986867	0.0882389	0.0232148	0.995829	9.28215	0.512495	5.06367	1.33023	9.28215	0.512495	5.06367	1.33023	230.951	90.4922	249.321	99.322	1288.43	504.838	1390.91	554.097	1341.45	526.886	1	1	1
"
 tid_6292_time_10:12:16:671 DPETW@ "GAZE_LOG_CALI: 640.68	517.166	638.35	522.009	894.345	514.339	891.137	519.525	317.746	507.808	316.042	512.592	569.152	507.04	566.958	512.026	
24.2544	-2.38288	277.195	-4.86964	-359.745	7.85962	-108.583	7.289	26.5838	-7.2263	280.408	-10.0582	-358.038	3.07234	-106.389	2.30217	6.21125	-1.51015	-652.663	70.8976	-1.64129	-652.963	5.98213	-1.52837	-660.459	71.4461	-1.66103	-660.743	6.83682	-2.75663	-655.573	71.9638	-2.95579	-655.192	0.16726	-0.240365	0.956164	0.0904454	-0.226202	0.969872	0.16726	0.0152982	0.985794	0.0904454	0.0325273	0.99537	0.16726	0.0152982	0.985794	0.0904454	0.0325273	0.99537	9.62966	0.876557	5.19198	1.86401	9.62966	0.876557	5.19198	1.86401	234.873	94.5871	250.75	105.196	1310.31	527.682	1398.88	586.866	1355.08	556.629	1	1	1
"
 tid_6292_time_10:12:16:694 DPETW@ "GAZE_LOG_CALI: 640.325	517.236	638.109	522.012	894.183	514.279	891.028	519.424	317.36	507.876	315.85	512.552	569.074	507.009	566.853	511.929	
24.0129	-2.38044	277.085	-4.97108	-359.937	7.81992	-108.688	7.19152	26.2288	-7.15617	280.246	-10.1192	-358.425	3.14103	-106.467	2.27144	6.15035	-1.5153	-652.744	70.8703	-1.66694	-652.967	5.92053	-1.53358	-660.541	71.4185	-1.68699	-660.747	6.74531	-2.73891	-655.51	71.9378	-2.96824	-655.333	0.157438	-0.23008	0.960352	0.0929411	-0.229292	0.96891	0.157438	0.0263176	0.987178	0.0929411	0.0292934	0.995241	0.157438	0.0263176	0.987178	0.0929411	0.0292934	0.995241	9.06138	1.50806	5.33512	1.67863	9.06138	1.50806	5.33512	1.67863	228.41	101.576	252.309	103.126	1274.26	566.674	1407.58	575.319	1340.92	570.997	1	1	1
"
 tid_6292_time_10:12:16:716 DPETW@ "GAZE_LOG_CALI: 640.127	517.12	637.878	521.932	894.043	514.076	890.822	519.238	317.078	507.75	315.626	512.383	568.834	506.827	566.699	511.787	
23.782	-2.45997	276.879	-5.15721	-360.162	7.6508	-108.842	7.04988	26.0313	-7.27165	280.106	-10.3218	-358.707	3.01411	-106.707	2.08957	6.09219	-1.54748	-652.743	70.8273	-1.70935	-653.059	5.86166	-1.56614	-660.539	71.3749	-1.72991	-660.84	6.69326	-2.76989	-655.363	71.8832	-3.01729	-655.161	0.154598	-0.223782	0.9623	0.0869605	-0.220239	0.971562	0.154598	0.0329048	0.987429	0.0869605	0.0387238	0.995459	0.154598	0.0329048	0.987429	0.0869605	0.0387238	0.995459	8.89831	1.88565	4.99252	2.21927	8.89831	1.88565	4.99252	2.21927	226.513	105.741	248.475	109.025	1263.67	589.907	1386.19	608.231	1324.93	599.069	1	1	1
"
 tid_6292_time_10:12:16:737 DPETW@ "GAZE_LOG_CALI: 639.989	516.988	637.759	521.828	893.906	513.897	890.748	519.08	317.016	507.63	315.429	512.22	568.696	506.679	566.582	511.555	
23.663	-2.56453	276.805	-5.31526	-360.359	7.4873	-108.959	6.8175	25.8935	-7.40428	279.968	-10.5005	-358.769	2.89474	-106.845	1.94164	6.06031	-1.58185	-652.613	70.8006	-1.75946	-652.988	5.82935	-1.60093	-660.409	71.3479	-1.78063	-660.769	6.65893	-2.80292	-655.495	71.8477	-3.05948	-655.158	0.161834	-0.234485	0.958555	0.0865217	-0.221387	0.97134	0.161834	0.0215974	0.986582	0.0865217	0.0375578	0.995542	0.161834	0.0215974	0.986582	0.0865217	0.0375578	0.995542	9.31553	1.23754	4.96705	2.15241	9.31553	1.23754	4.96705	2.15241	231.161	98.5401	248.159	108.252	1289.6	549.736	1384.43	603.917	1337.02	576.826	1	1	1
"
 tid_6292_time_10:12:16:760 DPETW@ "GAZE_LOG_CALI: 639.846	516.848	637.697	521.688	893.832	513.814	890.733	518.934	316.916	507.569	315.292	512.096	568.669	506.55	566.54	511.297	
23.6011	-2.70387	276.79	-5.46139	-360.497	7.36307	-109.002	6.55995	25.7502	-7.54454	279.894	-10.5839	-358.87	2.83369	-106.871	1.81291	6.0431	-1.61555	-652.487	70.7918	-1.81126	-652.938	5.81189	-1.63504	-660.283	71.3391	-1.83305	-660.718	6.62296	-2.8292	-655.566	71.8376	-3.08718	-655.237	0.164414	-0.242071	0.956227	0.0883087	-0.222158	0.971003	0.164414	0.0136671	0.986297	0.0883087	0.0367264	0.995416	0.164414	0.0136671	0.986297	0.0883087	0.0367264	0.995416	9.46407	0.78309	5.06974	2.10474	9.46407	0.78309	5.06974	2.10474	232.799	93.4808	249.282	107.689	1298.74	521.511	1390.7	600.776	1344.72	561.144	1	1	1
"
 tid_6292_time_10:12:16:782 DPETW@ "GAZE_LOG_CALI: 639.83	516.783	637.669	521.646	893.775	513.734	890.707	518.767	316.823	507.483	315.223	512.039	568.637	506.473	566.547	511.211	
23.5735	-2.74592	276.764	-5.62805	-360.566	7.30614	-108.994	6.47388	25.734	-7.60954	279.837	-10.6637	-358.962	2.74693	-106.904	1.73517	6.03505	-1.62819	-652.421	70.7914	-1.84378	-652.992	5.80372	-1.64783	-660.218	71.3386	-1.86596	-660.773	6.61737	-2.84837	-655.438	71.8277	-3.1077	-655.282	0.162905	-0.240363	0.956916	0.0865389	-0.219735	0.971714	0.162905	0.0154952	0.98652	0.0865389	0.0392508	0.995475	0.162905	0.0154952	0.98652	0.0865389	0.0392508	0.995475	9.37667	0.887847	4.96836	2.24948	9.37667	0.887847	4.96836	2.24948	231.793	94.6486	248.163	109.24	1293.13	528.026	1384.45	609.43	1338.79	568.728	1	1	1
"
 tid_6292_time_10:12:16:804 DPETW@ "GAZE_LOG_CALI: 639.892	516.816	637.697	521.671	893.956	513.745	890.775	518.799	316.841	507.485	315.252	512.061	568.664	506.464	566.589	511.264	
23.6016	-2.72072	276.833	-5.59617	-360.536	7.32899	-108.952	6.52668	25.7959	-7.57652	280.018	-10.6531	-358.944	2.74913	-106.876	1.72651	6.04283	-1.62199	-652.416	70.8041	-1.83276	-652.951	5.81159	-1.64156	-660.212	71.3515	-1.85481	-660.732	6.63259	-2.84354	-655.363	71.8456	-3.10631	-655.02	0.162159	-0.237407	0.95778	0.0841997	-0.213277	0.973357	0.162159	0.0185737	0.98659	0.0841997	0.0459133	0.995391	0.162159	0.0185737	0.98659	0.0841997	0.0459133	0.995391	9.33388	1.06426	4.83512	2.63157	9.33388	1.06426	4.83512	2.63157	231.318	96.6188	246.697	113.477	1290.47	539.017	1376.28	633.068	1333.38	586.042	1	1	1
"
 tid_6292_time_10:12:16:827 DPETW@ "GAZE_LOG_CALI: 639.931	516.861	637.735	521.69	894.06	513.764	890.824	518.81	316.922	507.481	315.342	512.061	568.807	506.455	566.694	511.294	
23.6388	-2.70216	276.882	-5.58482	-360.446	7.32886	-108.847	6.55677	25.8353	-7.53062	280.122	-10.6338	-358.863	2.74561	-106.734	1.71793	6.05306	-1.61972	-652.508	70.8271	-1.82755	-653.048	5.82198	-1.63926	-660.304	71.3747	-1.84954	-660.829	6.64334	-2.8383	-655.436	71.8796	-3.10507	-655.085	0.161679	-0.236021	0.958203	0.0855626	-0.21275	0.973353	0.161679	0.0200222	0.98664	0.0855626	0.0464212	0.995251	0.161679	0.0200222	0.98664	0.0855626	0.0464212	0.995251	9.30624	1.14726	4.91369	2.6607	9.30624	1.14726	4.91369	2.6607	231.031	97.5222	247.599	113.787	1288.88	544.057	1381.3	634.796	1335.09	589.426	1	1	1
"
 tid_6292_time_10:12:16:849 DPETW@ "GAZE_LOG_CALI: 640.033	516.838	637.793	521.631	894.12	513.805	890.891	518.82	317.035	507.396	315.42	512.036	568.889	506.466	566.752	511.282	
23.6976	-2.76124	276.949	-5.57499	-360.369	7.30358	-108.789	6.54505	25.9375	-7.55382	280.183	-10.5928	-358.75	2.66065	-106.651	1.72834	6.0683	-1.63052	-652.542	70.8428	-1.82771	-653.035	5.83741	-1.65019	-660.339	71.3906	-1.8497	-660.816	6.67025	-2.8522	-655.45	71.8994	-3.09855	-655.124	0.163225	-0.235577	0.958051	0.0869925	-0.213524	0.973057	0.163225	0.0204118	0.986378	0.0869925	0.0455974	0.995165	0.163225	0.0204118	0.986378	0.0869925	0.0455974	0.995165	9.39613	1.16959	4.99582	2.61345	9.39613	1.16959	4.99582	2.61345	232.066	97.7553	248.523	113.271	1294.65	545.357	1386.46	631.917	1340.55	588.637	1	1	1
"
 tid_6292_time_10:12:16:871 DPETW@ "GAZE_LOG_CALI: 640.076	516.719	637.823	521.549	894.196	513.719	890.938	518.712	316.963	507.41	315.471	512.006	569.017	506.35	566.767	511.234	
23.7275	-2.84273	276.996	-5.68344	-360.317	7.27377	-108.774	6.49698	25.9803	-7.67271	280.258	-10.6788	-358.822	2.67397	-106.524	1.61251	6.0761	-1.6448	-652.582	70.849	-1.84764	-652.984	5.84532	-1.66464	-660.379	71.397	-1.86987	-660.764	6.67897	-2.86507	-655.26	71.9289	-3.12482	-655.219	0.156584	-0.225476	0.961583	0.0931469	-0.219757	0.971098	0.156584	0.0310829	0.987175	0.0931469	0.0390696	0.994886	0.156584	0.0310829	0.987175	0.0931469	0.0390696	0.994886	9.01305	1.78121	5.34877	2.23909	9.01305	1.78121	5.34877	2.23909	227.76	104.525	252.436	109.139	1270.63	583.123	1408.29	608.862	1339.46	595.993	1	1	1
"
 tid_6292_time_10:12:16:893 DPETW@ "GAZE_LOG_CALI: 640.013	516.69	637.832	521.463	894.163	513.611	890.947	518.642	317.04	507.299	315.44	511.948	568.985	506.255	566.792	511.126	
23.736	-2.92903	277.004	-5.75288	-360.348	7.21553	-108.749	6.3887	25.9167	-7.70232	280.225	-10.7876	-358.745	2.56336	-106.556	1.51726	6.07752	-1.66323	-652.518	70.8543	-1.87051	-653.009	5.84674	-1.68329	-660.315	71.4023	-1.89301	-660.79	6.66503	-2.88403	-655.5	71.9205	-3.15112	-655.216	0.162714	-0.238763	0.957349	0.0903091	-0.219262	0.971477	0.162714	0.0171523	0.986524	0.0903091	0.0396459	0.995124	0.162714	0.0171523	0.986524	0.0903091	0.0396459	0.995124	9.36587	0.982805	5.18548	2.27214	9.36587	0.982805	5.18548	2.27214	231.728	95.6476	250.633	109.469	1292.77	533.599	1398.23	610.706	1345.5	572.153	1	1	1
"
 tid_6292_time_10:12:16:915 DPETW@ "GAZE_LOG_CALI: 639.997	516.563	637.807	521.333	894.162	513.418	890.88	518.545	316.986	507.269	315.404	511.916	568.911	506.103	566.77	511.024	
23.7114	-3.05879	276.937	-5.85059	-360.384	7.18307	-108.771	6.28661	25.9016	-7.82878	280.224	-10.9801	-358.799	2.53349	-106.629	1.36582	6.07058	-1.684	-652.507	70.8455	-1.89637	-653.087	5.83971	-1.70432	-660.303	71.3933	-1.91918	-660.867	6.66032	-2.90394	-655.436	71.907	-3.19495	-655.097	0.161556	-0.236174	0.958187	0.0865879	-0.215053	0.972756	0.161556	0.0198706	0.986663	0.0865879	0.0440427	0.99527	0.161556	0.0198706	0.986664	0.0865879	0.0440427	0.99527	9.29907	1.13858	4.97218	2.52428	9.29907	1.13858	4.97218	2.52428	230.965	97.3623	248.267	112.205	1288.51	543.165	1385.03	625.97	1336.77	584.567	1	1	1
"
 tid_6292_time_10:12:16:937 DPETW@ "GAZE_LOG_CALI: 639.957	516.468	637.702	521.225	894.029	513.195	890.769	518.337	316.841	507.203	315.254	511.84	568.882	505.921	566.721	510.804	
23.6063	-3.16737	276.826	-6.05877	-360.534	7.10724	-108.82	6.0669	25.8617	-7.92369	280.091	-11.2032	-358.944	2.46707	-106.658	1.18322	6.04332	-1.70762	-652.424	70.829	-1.95164	-653.198	5.81209	-1.72822	-660.221	71.3765	-1.97511	-660.978	6.64816	-2.92415	-655.259	71.8924	-3.24801	-655.277	0.161668	-0.231254	0.959367	0.0879856	-0.217056	0.972186	0.161668	0.0249278	0.98653	0.0879856	0.0419599	0.995238	0.161668	0.0249278	0.98653	0.0879856	0.0419599	0.995238	9.30663	1.4284	5.05219	2.40483	9.30663	1.4284	5.05219	2.40483	231.008	100.586	249.144	110.809	1288.75	561.15	1389.93	618.182	1339.34	589.666	1	1	1
"
 tid_6292_time_10:12:16:959 DPETW@ "GAZE_LOG_CALI: 639.739	516.5	637.515	521.244	893.815	513.1	890.636	518.292	316.671	507.17	315.017	511.828	568.653	505.81	566.56	510.66	
23.4193	-3.14784	276.693	-6.10378	-360.772	7.09491	-108.981	5.92232	25.6433	-7.89244	279.878	-11.2984	-359.115	2.43369	-106.888	1.07219	5.9953	-1.70675	-652.327	70.7896	-1.97606	-653.146	5.76346	-1.72734	-660.124	71.3367	-1.99983	-660.927	6.59309	-2.92494	-655.335	71.8344	-3.27468	-655.245	0.165752	-0.239266	0.956702	0.0851425	-0.218106	0.972204	0.165752	0.0164996	0.986029	0.0851425	0.0409506	0.995527	0.165752	0.0164996	0.986029	0.0851425	0.0409506	0.995527	9.54224	0.945399	4.88833	2.34695	9.54224	0.945399	4.88833	2.34695	233.603	95.2401	247.285	110.15	1303.22	531.325	1379.55	614.504	1341.39	572.915	1	1	1
"
 tid_6292_time_10:12:16:981 DPETW@ "GAZE_LOG_CALI: 639.565	516.61	637.25	521.322	893.635	513.056	890.438	518.23	316.44	507.199	314.933	511.818	568.397	505.824	566.221	510.65	
23.1542	-3.06965	276.495	-6.16539	-360.856	7.08575	-109.32	5.91326	25.4692	-7.78197	279.696	-11.3421	-359.346	2.46347	-107.144	1.08675	5.93	-1.69869	-652.638	70.7124	-1.98482	-652.899	5.69748	-1.71918	-660.434	71.2587	-2.00871	-660.68	6.54786	-2.90672	-655.228	71.7739	-3.27813	-655.123	0.157249	-0.219597	0.962834	0.090016	-0.221805	0.970927	0.157249	0.0370851	0.986862	0.090016	0.0370473	0.995251	0.157249	0.0370851	0.986862	0.090016	0.0370473	0.995251	9.05353	2.12531	5.16808	2.12314	9.05353	2.12531	5.16808	2.12314	228.075	108.294	250.284	107.733	1272.38	604.149	1396.28	601.023	1334.33	602.586	1	1	1
"
 tid_6292_time_10:12:17:4 DPETW@ "GAZE_LOG_CALI: 639.202	516.806	636.956	521.493	893.346	513.025	890.169	518.252	316.082	507.397	314.622	511.963	568.135	505.819	565.967	510.735	
22.8602	-2.899	276.226	-6.14358	-361.168	7.2307	-109.574	5.9982	25.1063	-7.5861	279.407	-11.3737	-359.705	2.66115	-107.405	1.08113	5.85461	-1.65846	-652.601	70.6461	-1.97142	-652.925	5.62117	-1.67846	-660.397	71.1916	-1.99514	-660.706	6.45447	-2.85643	-655.233	71.7046	-3.28339	-655.169	0.155393	-0.219666	0.96312	0.0898719	-0.225699	0.970043	0.155393	0.0370922	0.987156	0.0898719	0.0330574	0.995405	0.155393	0.0370922	0.987156	0.0898719	0.0330574	0.995405	8.9458	2.12572	5.15906	1.89439	8.9458	2.12572	5.15906	1.89439	226.781	108.339	250.119	105.213	1265.17	604.403	1395.37	586.964	1330.27	595.684	1	1	1
"
 tid_6292_time_10:12:17:26 DPETW@ "GAZE_LOG_CALI: 638.989	516.868	636.789	521.68	893.296	513.095	889.951	518.233	315.87	507.491	314.254	512.049	567.935	505.825	565.788	510.673	
22.6928	-2.71168	276.007	-6.16275	-361.536	7.31661	-109.753	5.93533	24.8927	-7.52415	279.358	-11.3033	-359.917	2.75555	-107.606	1.08706	5.8092	-1.62312	-652.246	70.5972	-1.98233	-652.99	5.57509	-1.64271	-660.043	71.1421	-2.00618	-660.771	6.39932	-2.83651	-655.236	71.6635	-3.2726	-654.905	0.164155	-0.237757	0.957353	0.0865578	-0.210233	0.973812	0.164155	0.0181256	0.986268	0.0865578	0.0489719	0.995043	0.164155	0.0181256	0.986268	0.0865578	0.0489719	0.995043	9.44973	1.03858	4.97159	2.80701	9.44973	1.03858	4.97159	2.80701	232.361	96.3765	247.999	115.267	1296.3	537.665	1383.54	643.049	1339.92	590.357	1	1	1
"
 tid_6292_time_10:12:17:48 DPETW@ "GAZE_LOG_CALI: 638.655	517.146	636.418	521.941	892.818	513.195	889.656	518.34	315.452	507.721	313.87	512.307	567.521	505.902	565.408	510.755	
22.3226	-2.45057	275.712	-6.05533	-361.921	7.57425	-110.133	6.01768	24.5593	-7.24632	278.878	-11.2036	-360.336	2.98502	-108.02	1.16439	5.71413	-1.55695	-652.217	70.5057	-1.95801	-652.846	5.47886	-1.57574	-660.013	71.0496	-1.98157	-660.627	6.31251	-2.77103	-655.079	71.552	-3.25072	-655.011	0.16203	-0.232319	0.959049	0.0869204	-0.219608	0.971708	0.16203	0.0238169	0.986498	0.0869204	0.0393717	0.995437	0.16203	0.0238169	0.986498	0.0869204	0.0393717	0.995437	9.32742	1.36474	4.99034	2.25642	9.32742	1.36474	4.99034	2.25642	230.883	100.075	248.102	109.237	1288.05	558.299	1384.11	609.413	1336.08	583.856	1	1	1
"
 tid_6292_time_10:12:17:71 DPETW@ "GAZE_LOG_CALI: 638.357	517.304	636.096	522.055	892.62	513.221	889.443	518.417	315.047	508.046	313.674	512.559	567.326	505.959	565.075	510.824	
22.0004	-2.33662	275.498	-5.97795	-362.117	7.82706	-110.467	6.08647	24.2607	-7.08774	278.68	-11.1777	-360.741	3.31024	-108.215	1.2211	5.6334	-1.51046	-652.428	70.4285	-1.93907	-652.634	5.39724	-1.52868	-660.225	70.9716	-1.96241	-660.415	6.23354	-2.70841	-654.898	71.5011	-3.24026	-655.006	0.151524	-0.213747	0.965066	0.094847	-0.228904	0.968817	0.151524	0.0433138	0.987504	0.094847	0.0296441	0.99505	0.151524	0.0433138	0.987504	0.094847	0.0296441	0.99505	8.72349	2.48248	5.44492	1.69873	8.72349	2.48248	5.44492	1.69873	224.037	112.48	253.042	103.16	1249.86	627.504	1411.67	575.508	1330.76	601.506	1	1	1
"
 tid_6292_time_10:12:17:93 DPETW@ "GAZE_LOG_CALI: 638.143	517.462	635.883	522.201	892.383	513.179	889.262	518.369	314.883	508.137	313.299	512.749	567.117	505.947	564.903	510.815	
21.7875	-2.19148	275.317	-6.02601	-362.493	8.01672	-110.638	6.07793	24.0471	-6.93021	278.443	-11.2189	-360.906	3.4022	-108.424	1.20917	5.57658	-1.46738	-652.144	70.3837	-1.94653	-652.65	5.33963	-1.4851	-659.941	70.9263	-1.96996	-660.431	6.17973	-2.67677	-654.973	71.4454	-3.24753	-655.059	0.162266	-0.230175	0.959525	0.0935717	-0.230327	0.968604	0.162266	0.0260115	0.986404	0.0935717	0.0282144	0.995213	0.162266	0.0260115	0.986404	0.0935717	0.0282144	0.995213	9.34165	1.49052	5.37126	1.61678	9.34165	1.49052	5.37126	1.61678	230.897	101.581	252.182	102.241	1288.13	566.702	1406.87	570.385	1347.5	568.543	1	1	1
"
 tid_6292_time_10:12:17:115 DPETW@ "GAZE_LOG_CALI: 637.953	517.43	635.716	522.173	892.309	513.069	889.05	518.226	314.673	508.035	312.997	512.752	566.875	505.779	564.712	510.623	
21.6198	-2.21894	275.105	-6.16909	-362.796	8.02003	-110.829	5.88559	23.8569	-6.96238	278.369	-11.329	-361.116	3.29959	-108.666	1.04131	5.53156	-1.47037	-651.915	70.3331	-1.98985	-652.676	5.29398	-1.48812	-659.711	70.8751	-2.01381	-660.458	6.13041	-2.69426	-654.942	71.3955	-3.28233	-654.776	0.167626	-0.241718	0.955758	0.0890492	-0.217043	0.972092	0.167626	0.0138872	0.985753	0.0890492	0.0419482	0.995143	0.167626	0.0138872	0.985753	0.0890492	0.0419482	0.995144	9.65075	0.795701	5.11343	2.40416	9.65075	0.795701	5.11343	2.40416	234.302	93.9088	249.275	110.88	1307.12	523.898	1390.66	618.577	1348.89	571.238	1	1	1
"
 tid_6292_time_10:12:17:149 DPETW@ "GAZE_LOG_CALI: 637.611	517.201	635.388	521.972	892.019	512.731	888.757	517.779	314.227	507.87	312.849	512.414	566.497	505.467	564.4	510.184	
21.2926	-2.42048	274.811	-6.61653	-362.944	7.68214	-111.142	5.44708	23.5152	-7.19083	278.078	-11.6673	-361.563	3.13468	-109.044	0.729486	5.45135	-1.54027	-652.208	70.2552	-2.10379	-652.66	5.21291	-1.55886	-660.005	70.7963	-2.12912	-660.441	6.04175	-2.74463	-654.751	71.3048	-3.3657	-654.629	0.152087	-0.217582	0.96412	0.0852695	-0.207351	0.974543	0.152087	0.0393647	0.987583	0.0852695	0.051945	0.995003	0.152087	0.0393647	0.987583	0.0852695	0.051945	0.995003	8.75475	2.25601	4.89815	2.97757	8.75475	2.25601	4.89815	2.97757	224.17	109.981	246.81	117.098	1250.6	613.559	1376.9	653.265	1313.75	633.412	1	1	1
"
 tid_6292_time_10:12:17:171 DPETW@ "GAZE_LOG_CALI: 637.358	517.14	635.259	521.905	891.775	512.551	888.626	517.609	314.105	507.744	312.712	512.27	566.396	505.237	564.182	510.011	
21.1629	-2.48695	274.68	-6.78636	-363.081	7.53788	-111.36	5.27367	23.2618	-7.25168	277.833	-11.8476	-361.686	3.00855	-109.146	0.499275	5.41799	-1.56745	-652.198	70.2055	-2.14762	-652.504	5.17915	-1.58637	-659.994	70.7461	-2.17348	-660.285	5.9785	-2.7697	-654.975	71.2683	-3.41977	-654.864	0.153182	-0.226766	0.961828	0.0934539	-0.223059	0.970315	0.153182	0.0299002	0.987745	0.0934539	0.035678	0.994984	0.153182	0.0299002	0.987746	0.0934539	0.035678	0.994984	8.81537	1.71341	5.36577	2.04463	8.81537	1.71341	5.36577	2.04463	224.815	103.924	251.922	106.801	1254.2	579.773	1405.42	595.821	1329.81	587.797	1	1	1
"
 tid_6292_time_10:12:17:193 DPETW@ "GAZE_LOG_CALI: 637.353	517.092	635.163	521.856	891.697	512.37	888.531	517.536	314.04	507.714	312.645	512.182	566.393	505.127	564.106	509.942	
21.0674	-2.53584	274.585	-6.85933	-363.148	7.44919	-111.436	5.20497	23.2575	-7.2996	277.756	-12.0282	-361.751	2.9782	-109.148	0.389068	5.39395	-1.58527	-652.248	70.1848	-2.16597	-652.539	5.15484	-1.6044	-660.044	70.7251	-2.19204	-660.321	5.97599	-2.77947	-654.879	71.2626	-3.45784	-655.001	0.153204	-0.219234	0.963569	0.0978269	-0.230367	0.968174	0.153204	0.037626	0.987478	0.0978269	0.0280648	0.994808	0.153204	0.037626	0.987478	0.0978268	0.0280648	0.994808	8.81892	2.15632	5.61626	1.60821	8.81892	2.15632	5.61626	1.60821	224.837	108.822	254.68	101.964	1254.32	607.099	1420.81	568.834	1337.57	587.966	1	1	1
"
 tid_6292_time_10:12:17:216 DPETW@ "GAZE_LOG_CALI: 637.362	517.085	635.228	521.791	891.772	512.343	888.595	517.492	314.066	507.689	312.664	512.158	566.346	505.082	564.127	509.943	
21.1325	-2.60145	274.649	-6.90422	-363.129	7.42592	-111.415	5.20595	23.2665	-7.30704	277.831	-12.0559	-361.724	2.95355	-109.195	0.344264	5.40968	-1.59648	-652.174	70.1933	-2.17134	-652.465	5.17073	-1.61575	-659.97	70.7338	-2.19749	-660.246	5.97913	-2.78367	-654.902	71.2589	-3.46617	-654.781	0.153591	-0.2219	0.962897	0.0931847	-0.225141	0.96986	0.153591	0.0348775	0.987519	0.0931847	0.033549	0.995083	0.153591	0.0348775	0.987519	0.0931847	0.033549	0.995083	8.84052	1.99874	5.34987	1.92258	8.84052	1.99874	5.34987	1.92258	225.084	107.076	251.73	105.438	1255.7	597.356	1404.35	588.217	1330.03	592.787	1	1	1
"
 tid_6292_time_10:12:17:239 DPETW@ "GAZE_LOG_CALI: 637.375	517.027	635.285	521.773	891.783	512.301	888.569	517.45	314.093	507.638	312.691	512.162	566.33	505.048	564.119	509.907	
21.1889	-2.61897	274.622	-6.94556	-363.102	7.43001	-111.423	5.16963	23.2796	-7.36515	277.842	-12.0982	-361.697	2.90249	-109.212	0.310052	5.42394	-1.59806	-652.12	70.19	-2.18141	-652.499	5.18514	-1.61735	-659.917	70.7305	-2.20767	-660.28	5.98265	-2.79779	-654.927	71.2574	-3.47589	-654.753	0.153692	-0.227488	0.961576	0.0925244	-0.222707	0.970485	0.153692	0.0291371	0.987689	0.0925244	0.0360615	0.995057	0.153692	0.0291371	0.987689	0.0925244	0.0360615	0.995057	8.84474	1.66967	5.31231	2.06662	8.84474	1.66967	5.31231	2.06662	225.138	103.427	251.313	107.01	1256	576.999	1402.03	596.985	1329.01	586.992	1	1	1
"
 tid_6292_time_10:12:17:261 DPETW@ "GAZE_LOG_CALI: 637.399	517.054	635.28	521.786	891.703	512.306	888.607	517.422	314.057	507.661	312.667	512.163	566.378	505.066	564.123	509.919	
21.1842	-2.60645	274.661	-6.97347	-363.126	7.43081	-111.418	5.18202	23.3028	-7.33854	277.762	-12.0927	-361.734	2.92533	-109.163	0.328211	5.42231	-1.59632	-652.09	70.1934	-2.18318	-652.432	5.18348	-1.61559	-659.886	70.7339	-2.20947	-660.214	5.98775	-2.79107	-654.825	71.2603	-3.47381	-654.962	0.152963	-0.223563	0.962612	0.0969861	-0.232975	0.967634	0.152963	0.0331967	0.987674	0.0969861	0.0254061	0.994961	0.152963	0.0331967	0.987674	0.0969861	0.0254061	0.994962	8.80358	1.90238	5.56745	1.45582	8.80358	1.90238	5.56745	1.45582	224.669	106.021	254.137	100.288	1253.39	591.471	1417.78	559.484	1335.58	575.478	1	1	1
"
 tid_6292_time_10:12:17:283 DPETW@ "GAZE_LOG_CALI: 637.456	517.066	635.349	521.835	891.829	512.36	888.647	517.464	314.169	507.662	312.723	512.198	566.362	505.108	564.205	509.936	
21.2533	-2.55659	274.701	-6.93231	-363.07	7.46525	-111.337	5.1992	23.3601	-7.3259	277.888	-12.0391	-361.621	2.92643	-109.179	0.370512	5.44045	-1.5854	-652.058	70.2115	-2.17586	-652.515	5.20182	-1.60454	-659.854	70.7522	-2.20206	-660.296	6.00319	-2.78956	-654.921	71.2661	-3.46029	-654.715	0.156008	-0.230696	0.960438	0.0894861	-0.219074	0.971596	0.156008	0.0257439	0.98742	0.0894861	0.0398579	0.99519	0.156008	0.0257439	0.98742	0.0894861	0.0398579	0.99519	8.97826	1.47518	5.13814	2.2843	8.97826	1.47518	5.13814	2.2843	226.648	101.298	249.408	109.409	1264.42	565.12	1391.4	610.369	1327.91	587.745	1	1	1
"
 tid_6292_time_10:12:17:306 DPETW@ "GAZE_LOG_CALI: 637.482	517.072	635.459	521.81	891.999	512.308	888.743	517.474	314.156	507.693	312.823	512.164	566.467	505.133	564.356	509.927	
21.3632	-2.58241	274.797	-6.92181	-362.97	7.43178	-111.186	5.18953	23.3866	-7.32004	278.058	-12.0912	-361.634	2.957	-109.074	0.395385	5.46815	-1.59288	-652.046	70.2461	-2.17586	-652.602	5.22986	-1.61211	-659.842	70.7871	-2.20206	-660.384	6.0095	-2.78461	-654.852	71.2983	-3.46316	-654.616	0.150342	-0.226099	0.962433	0.0862577	-0.212822	0.973276	0.150342	0.0307014	0.988157	0.0862577	0.0463316	0.995195	0.150342	0.0307014	0.988157	0.0862577	0.0463316	0.995195	8.65084	1.75934	4.95369	2.65556	8.65084	1.75934	4.95369	2.65556	222.993	104.436	247.409	113.483	1244.03	582.628	1380.24	633.097	1312.14	607.862	1	1	1
"
 tid_6292_time_10:12:17:329 DPETW@ "GAZE_LOG_CALI: 637.762	516.904	635.628	521.751	892.146	512.194	888.904	517.429	314.321	507.553	312.957	512.096	566.69	505.02	564.628	509.889	
21.5326	-2.64106	274.958	-6.96719	-362.836	7.36349	-110.913	5.15131	23.6664	-7.48771	278.205	-12.205	-361.469	2.81695	-108.851	0.282126	5.51082	-1.6089	-651.991	70.308	-2.18685	-652.792	5.27302	-1.62833	-659.787	70.8497	-2.21316	-660.573	6.07957	-2.8233	-654.662	71.3504	-3.4928	-654.748	0.151482	-0.224434	0.962644	0.0836712	-0.213804	0.973287	0.151482	0.0323636	0.98793	0.0836712	0.0453867	0.995459	0.151482	0.0323636	0.98793	0.0836712	0.0453867	0.995459	8.71741	1.85462	4.80458	2.60136	8.71741	1.85462	4.80458	2.60136	223.775	105.495	245.837	112.826	1248.4	588.538	1371.47	629.433	1309.94	608.985	1	1	1
"
 tid_6292_time_10:12:17:351 DPETW@ "GAZE_LOG_CALI: 637.908	516.884	635.775	521.675	892.312	512.244	889.04	517.416	314.47	507.596	313.077	512.006	566.88	504.996	564.768	509.866	
21.6787	-2.71748	275.095	-6.97989	-362.716	7.27321	-110.773	5.129	23.8124	-7.50828	278.372	-12.1546	-361.32	2.8604	-108.661	0.258656	5.54754	-1.63007	-651.954	70.344	-2.19124	-652.807	5.31017	-1.64976	-659.75	70.886	-2.21761	-660.588	6.11678	-2.82021	-654.671	71.3974	-3.48933	-654.781	0.152934	-0.221918	0.962997	0.0857283	-0.213165	0.973248	0.152934	0.0348855	0.98762	0.0857283	0.0459938	0.995256	0.152934	0.0348855	0.98762	0.0857283	0.0459938	0.995256	8.8024	1.9992	4.92313	2.63618	8.8024	1.9992	4.92313	2.63618	224.761	107.095	247.186	113.208	1253.9	597.462	1379	631.566	1316.45	614.514	1	1	1
"
 tid_6292_time_10:12:17:373 DPETW@ "GAZE_LOG_CALI: 638.056	516.901	635.832	521.666	892.425	512.292	889.161	517.481	314.596	507.617	313.099	512.042	566.981	505.045	564.81	509.906	
21.736	-2.72602	275.216	-6.91443	-362.693	7.30998	-110.732	5.16901	23.9598	-7.49088	278.485	-12.1071	-361.193	2.88126	-108.56	0.307213	5.5617	-1.62629	-651.894	70.3603	-2.17727	-652.667	5.32448	-1.64593	-659.69	70.9026	-2.20348	-660.448	6.15381	-2.81506	-654.646	71.4248	-3.47683	-654.775	0.158133	-0.222925	0.961924	0.0894426	-0.218111	0.971817	0.158133	0.0336354	0.986845	0.0894426	0.0408454	0.995154	0.158133	0.0336354	0.986845	0.0894426	0.0408454	0.995154	9.10375	1.92753	5.13584	2.34092	9.10375	1.92753	5.13584	2.34092	228.156	106.333	249.546	109.999	1272.83	593.212	1392.17	613.663	1332.5	603.437	1	1	1
"
 tid_6292_time_10:12:17:395 DPETW@ "GAZE_LOG_CALI: 638.114	516.909	635.89	521.695	892.514	512.349	889.235	517.539	314.768	507.543	313.192	512.065	567.059	505.107	564.887	509.936	
21.7943	-2.69697	275.289	-6.85678	-362.601	7.33215	-110.655	5.19914	24.0184	-7.48319	278.574	-12.05	-361.021	2.80775	-108.482	0.36929	5.57729	-1.61975	-651.949	70.3799	-2.16598	-652.678	5.34028	-1.6393	-659.746	70.9225	-2.19205	-660.459	6.17097	-2.82411	-654.836	71.4454	-3.4613	-654.753	0.162272	-0.231449	0.959218	0.0890904	-0.216254	0.972264	0.162272	0.0247015	0.986437	0.0890904	0.0427554	0.995106	0.162272	0.0247015	0.986437	0.0890904	0.0427554	0.995105	9.34168	1.41543	5.11597	2.45045	9.34168	1.41543	5.11597	2.45045	230.86	100.641	249.347	111.217	1287.92	561.457	1391.06	620.458	1339.49	590.957	1	1	1
"
 tid_6292_time_10:12:17:418 DPETW@ "GAZE_LOG_CALI: 638.166	516.863	635.899	521.648	892.425	512.336	889.267	517.491	314.818	507.53	313.194	512.033	567.029	505.069	564.904	509.92	
21.8036	-2.74427	275.321	-6.90521	-362.598	7.30008	-110.637	5.18266	24.0705	-7.52866	278.485	-12.0632	-360.972	2.79407	-108.512	0.331019	5.5792	-1.6299	-651.945	70.3855	-2.17421	-652.656	5.34221	-1.64958	-659.741	70.9282	-2.20038	-660.437	6.1842	-2.83165	-654.833	71.4334	-3.46844	-654.85	0.164508	-0.230955	0.958956	0.0878383	-0.22047	0.971431	0.164508	0.025111	0.986056	0.0878383	0.0384671	0.995392	0.164508	0.025111	0.986056	0.0878383	0.0384671	0.995392	9.47166	1.4389	5.043	2.20455	9.47166	1.4389	5.043	2.20455	232.327	100.899	248.543	108.495	1296.1	562.898	1386.57	605.27	1341.34	584.084	1	1	1
"
 tid_6292_time_10:12:17:442 DPETW@ "GAZE_LOG_CALI: 638.208	516.847	635.92	521.674	892.475	512.315	889.321	517.473	314.862	507.55	313.24	512.026	567.15	505.083	564.951	509.916	
21.8238	-2.71833	275.376	-6.9228	-362.552	7.29367	-110.591	5.17896	24.1127	-7.54502	278.535	-12.0839	-360.927	2.81453	-108.391	0.345027	5.5846	-1.62746	-651.991	70.3981	-2.17685	-652.644	5.34769	-1.64711	-659.788	70.9409	-2.20305	-660.425	6.19495	-2.83108	-654.838	71.4595	-3.46974	-654.973	0.164217	-0.229477	0.959361	0.0922536	-0.225324	0.969906	0.164217	0.0266428	0.986064	0.0922536	0.0333843	0.995176	0.164217	0.0266428	0.986064	0.0922536	0.0333843	0.995176	9.45512	1.5267	5.29623	1.91314	9.45512	1.5267	5.29623	1.91314	232.153	101.868	251.359	105.286	1295.14	568.3	1402.28	587.369	1348.71	577.834	1	1	1
"
 tid_6292_time_10:12:17:464 DPETW@ "GAZE_LOG_CALI: 638.191	516.913	635.962	521.701	892.511	512.336	889.349	517.514	314.822	507.568	313.295	512.064	567.19	505.116	564.98	509.929	
21.8657	-2.69099	275.404	-6.88182	-362.497	7.3319	-110.562	5.19157	24.0949	-7.47904	278.572	-12.0632	-360.968	2.83246	-108.351	0.378446	5.59568	-1.61903	-652.01	70.4053	-2.16995	-652.639	5.35891	-1.63858	-659.807	70.9482	-2.19607	-660.42	6.19064	-2.82016	-654.791	71.4694	-3.46274	-654.976	0.159333	-0.226354	0.960925	0.0928363	-0.225616	0.969783	0.159333	0.0300648	0.986767	0.0928363	0.0330699	0.995132	0.159333	0.0300648	0.986767	0.0928363	0.0330699	0.995132	9.17238	1.72285	5.32972	1.89511	9.17238	1.72285	5.32972	1.89511	228.981	104.04	251.737	105.096	1277.44	580.42	1404.39	586.309	1340.91	583.365	1	1	1
"
 tid_6292_time_10:12:17:487 DPETW@ "GAZE_LOG_CALI: 638.285	516.98	636.006	521.737	892.517	512.392	889.406	517.561	314.843	507.582	313.291	512.105	567.225	505.16	564.984	509.945	
21.9098	-2.65516	275.461	-6.83431	-362.501	7.37258	-110.558	5.2079	24.189	-7.41227	278.578	-12.0067	-360.946	2.84595	-108.315	0.422456	5.60662	-1.60905	-651.923	70.4102	-2.16152	-652.551	5.36995	-1.62848	-659.719	70.9533	-2.18754	-660.332	6.21356	-2.80937	-654.669	71.4764	-3.45001	-655.026	0.160529	-0.224708	0.961112	0.0954722	-0.230402	0.968401	0.160529	0.0317026	0.986522	0.0954722	0.028089	0.995036	0.160529	0.0317026	0.986522	0.0954722	0.028089	0.995036	9.24229	1.81673	5.48067	1.60959	9.24229	1.81673	5.48067	1.60959	229.766	105.119	253.407	101.976	1281.82	586.437	1413.7	568.906	1347.76	577.672	1	1	1
"
 tid_6292_time_10:12:17:509 DPETW@ "GAZE_LOG_CALI: 638.315	516.933	636.018	521.667	892.643	512.373	889.465	517.527	314.822	507.556	313.293	512.07	567.253	505.154	564.986	509.942	
21.9222	-2.7248	275.52	-6.86858	-362.499	7.33728	-110.555	5.20457	24.219	-7.45927	278.703	-12.0257	-360.967	2.82006	-108.288	0.415955	5.60949	-1.62245	-651.907	70.4151	-2.16606	-652.459	5.37285	-1.64204	-659.704	70.9583	-2.19214	-660.24	6.22007	-2.81845	-654.589	71.4907	-3.45249	-654.864	0.15935	-0.221267	0.962106	0.0959861	-0.227201	0.969106	0.15935	0.0352839	0.986591	0.0959861	0.0313638	0.994888	0.15935	0.0352839	0.986591	0.0959861	0.0313638	0.994888	9.17495	2.02204	5.5108	1.79731	9.17495	2.02204	5.5108	1.79731	229.008	107.39	253.737	104.067	1277.59	599.108	1415.55	580.568	1346.57	589.838	1	1	1
"
 tid_6292_time_10:12:17:532 DPETW@ "GAZE_LOG_CALI: 638.264	516.829	636.001	521.581	892.649	512.336	889.509	517.452	314.811	507.413	313.212	512.008	567.266	505.021	564.983	509.888	
21.9048	-2.81147	275.564	-6.94363	-362.581	7.27541	-110.558	5.15085	24.1679	-7.56339	278.709	-12.0632	-360.978	2.67713	-108.275	0.283194	5.60376	-1.64135	-651.804	70.4176	-2.18231	-652.371	5.36701	-1.66117	-659.6	70.9608	-2.20859	-660.152	6.20774	-2.85054	-654.657	71.4934	-3.47446	-654.869	0.163129	-0.230777	0.959235	0.097563	-0.231878	0.96784	0.163129	0.025355	0.986279	0.097563	0.0265187	0.994876	0.163129	0.025355	0.986279	0.097563	0.0265187	0.994876	9.39161	1.45289	5.60083	1.51959	9.39161	1.45289	5.60083	1.51959	231.426	101.073	254.729	101.008	1291.08	563.866	1421.08	563.501	1356.15	563.588	1	1	1
"
 tid_6292_time_10:12:17:554 DPETW@ "GAZE_LOG_CALI: 638.131	516.715	635.92	521.406	892.624	512.134	889.441	517.325	314.713	507.303	313.094	511.916	567.103	504.877	564.862	509.799	
21.8242	-2.98622	275.496	-7.07138	-362.698	7.1834	-110.679	5.06164	24.0355	-7.67716	278.684	-12.2654	-361.076	2.56719	-108.438	0.13911	5.58239	-1.67548	-651.745	70.391	-2.21003	-652.299	5.34536	-1.69572	-659.542	70.934	-2.23665	-660.08	6.17448	-2.87964	-654.712	71.4618	-3.51804	-654.638	0.164479	-0.234864	0.958011	0.0939797	-0.228183	0.969072	0.164479	0.0210899	0.986155	0.0939797	0.0304068	0.99511	0.164479	0.0210899	0.986155	0.0939797	0.0304068	0.99511	9.46909	1.20845	5.3951	1.74245	9.46909	1.20845	5.3951	1.74245	232.267	98.3367	252.415	103.451	1295.77	548.601	1408.17	577.131	1351.97	562.866	1	1	1
"
 tid_6292_time_10:12:17:577 DPETW@ "GAZE_LOG_CALI: 638.062	516.493	635.853	521.252	892.465	512.004	889.326	517.168	314.551	507.105	312.99	511.791	566.933	504.713	564.808	509.598	
21.7567	-3.14003	275.381	-7.22845	-362.802	7.05813	-110.734	4.86037	23.9661	-7.89884	278.525	-12.3945	-361.238	2.36887	-108.608	-0.0250568	5.56421	-1.71121	-651.69	70.3727	-2.25635	-652.397	5.32694	-1.73188	-659.486	70.9155	-2.28352	-660.178	6.15496	-2.93325	-654.561	71.4187	-3.55587	-654.615	0.161174	-0.233847	0.958821	0.0878422	-0.22208	0.971063	0.161174	0.0222823	0.986674	0.0878422	0.0368166	0.995454	0.161174	0.0222823	0.986674	0.0878422	0.0368166	0.995454	9.27739	1.27679	5.04291	2.10991	9.27739	1.27679	5.04291	2.10991	230.078	99.0671	248.505	107.426	1283.56	552.676	1386.36	599.31	1334.96	575.993	1	1	1
"
 tid_6292_time_10:12:17:599 DPETW@ "GAZE_LOG_CALI: 637.899	516.425	635.71	521.176	892.368	511.866	889.171	516.947	314.215	507.037	312.816	511.7	566.764	504.594	564.662	509.383	
21.6142	-3.21608	275.226	-7.44878	-362.977	6.96715	-110.88	4.64538	23.8028	-7.96714	278.428	-12.5331	-361.575	2.30099	-108.777	-0.143688	5.52774	-1.73267	-651.629	70.3346	-2.31236	-652.408	5.29001	-1.75359	-659.425	70.8769	-2.34021	-660.189	6.11063	-2.94991	-654.261	71.3807	-3.58854	-654.497	0.152966	-0.222999	0.962742	0.0861407	-0.21343	0.973153	0.152966	0.0337757	0.987654	0.0861407	0.0457133	0.995234	0.152966	0.0337757	0.987654	0.0861407	0.0457133	0.995234	8.80392	1.93557	4.94681	2.62009	8.80392	1.93557	4.94681	2.62009	224.705	106.36	247.403	112.997	1253.59	593.36	1380.21	630.388	1316.9	611.874	1	1	1
"
 tid_6292_time_10:12:17:622 DPETW@ "GAZE_LOG_CALI: 637.675	516.337	635.502	521.049	892.163	511.748	888.947	516.756	314.025	506.933	312.591	511.554	566.451	504.494	564.35	509.198	
21.4062	-3.34279	275.001	-7.64065	-363.203	6.82142	-111.192	4.46095	23.5791	-8.05503	278.223	-12.6513	-361.765	2.19703	-109.091	-0.243762	5.47383	-1.76776	-651.607	70.2611	-2.36046	-652.255	5.23545	-1.78911	-659.403	70.8026	-2.38889	-660.036	6.054	-2.975	-654.312	71.308	-3.61601	-654.312	0.154709	-0.224136	0.9622	0.0860192	-0.208853	0.974157	0.154709	0.0325372	0.987424	0.0860192	0.050394	0.995018	0.154709	0.0325372	0.987424	0.0860192	0.050394	0.995018	8.90466	1.86457	4.94093	2.88859	8.90466	1.86457	4.94093	2.88859	225.778	105.547	247.25	115.947	1259.57	588.826	1379.36	646.845	1319.46	617.835	1	1	1
"
 tid_6292_time_10:12:17:644 DPETW@ "GAZE_LOG_CALI: 637.406	516.202	635.273	520.974	891.998	511.654	888.81	516.688	313.795	506.884	312.301	511.444	566.355	504.39	564.14	509.117	
21.1771	-3.41762	274.864	-7.70862	-363.493	6.71112	-111.402	4.37992	23.3097	-8.18968	278.057	-12.7454	-361.996	2.14829	-109.186	-0.348018	5.41531	-1.79152	-651.489	70.2126	-2.3794	-652.133	5.17617	-1.81316	-659.286	70.7536	-2.40806	-659.914	5.98529	-2.99906	-654.38	71.2785	-3.64226	-654.436	0.158288	-0.231998	0.959751	0.0930742	-0.218831	0.971314	0.158288	0.0243089	0.987094	0.0930742	0.0400195	0.994855	0.158288	0.0243089	0.987094	0.0930742	0.0400195	0.994855	9.11027	1.39294	5.34478	2.29356	9.11027	1.39294	5.34478	2.29356	228.011	100.32	251.658	109.402	1272.03	559.664	1403.95	610.333	1337.99	584.998	1	1	1
"
 tid_6292_time_10:12:17:666 DPETW@ "GAZE_LOG_CALI: 637.201	516.16	635.036	520.935	891.71	511.624	888.612	516.65	313.63	506.774	312.057	511.406	566.089	504.308	563.885	509.075	
20.9399	-3.45668	274.665	-7.74605	-363.737	6.67292	-111.657	4.33781	23.1051	-8.23228	277.769	-12.7752	-362.162	2.03771	-109.452	-0.42972	5.35425	-1.80164	-651.48	70.1512	-2.38954	-652.033	5.11438	-1.82341	-659.276	70.6916	-2.41833	-659.814	5.93326	-3.01925	-654.447	71.2084	-3.65705	-654.465	0.162405	-0.237166	0.957798	0.0937176	-0.224645	0.969923	0.162405	0.0188112	0.986545	0.0937176	0.0340441	0.995017	0.162405	0.0188112	0.986545	0.0937176	0.0340441	0.995017	9.34822	1.07787	5.38064	1.95096	9.34822	1.07787	5.38064	1.95096	230.625	96.8193	251.984	105.635	1286.61	540.136	1405.77	589.315	1346.19	564.725	3	1	1
"