
 tid_14232_time_14:5:2:612 DPETW@ "GAZE_LOG_EST: 0	0	0	0	0	0	0	0	0	0	0	0	0	0	0	0	0	0	0	0	0	0	0	0	0	0	0	0	0	0	0	0	0	0	0	0	0	0	0	0	0	0	0	0	0	0	0	0	0	0	0	0	0	0	0	0	0	0	0	0	0	0	0	0	960	540	960	540	960	540	
0 0 0 0 0 0 
"
 tid_14232_time_14:5:2:655 DPETW@ "GAZE_LOG_EST: 0	0	0	0	0	0	0	0	0	0	0	0	0	0	0	0	0	0	0	0	0	0	0	0	0	0	0	0	0	0	0	0	0	0	0	0	0	0	0	0	0	0	0	0	0	0	0	0	0	0	0	0	0	0	0	0	0	0	0	0	0	0	0	0	960	540	960	540	960	540	
0 0 0 0 0 0 
"
 tid_14232_time_14:5:2:698 DPETW@ "GAZE_LOG_EST: 0	0	0	0	0	0	0	0	0	0	0	0	0	0	0	0	0	0	0	0	0	0	0	0	0	0	0	0	0	0	0	0	0	0	0	0	0	0	0	0	0	0	0	0	0	0	0	0	0	0	0	0	0	0	0	0	0	0	0	0	0	0	0	0	960	540	960	540	960	540	
0 0 0 0 0 0 
"
 tid_14232_time_14:5:2:742 DPETW@ "GAZE_LOG_EST: 0	0	0	0	0	0	0	0	0	0	0	0	0	0	0	0	0	0	0	0	0	0	0	0	0	0	0	0	0	0	0	0	0	0	0	0	0	0	0	0	0	0	0	0	0	0	0	0	0	0	0	0	0	0	0	0	0	0	0	0	0	0	0	0	960	540	960	540	960	540	
0 0 0 0 0 0 
"
 tid_14232_time_14:5:2:793 DPETW@ "GAZE_LOG_EST: 0	0	0	0	0	0	0	0	0	0	0	0	0	0	0	0	0	0	0	0	0	0	0	0	0	0	0	0	0	0	0	0	0	0	0	0	0	0	0	0	0	0	0	0	0	0	0	0	0	0	0	0	0	0	0	0	0	0	0	0	0	0	0	0	960	540	960	540	960	540	
0 0 0 0 0 0 
"
 tid_14232_time_14:5:2:837 DPETW@ "GAZE_LOG_EST: 0	0	0	0	0	0	0	0	0	0	0	0	0	0	0	0	0	0	0	0	0	0	0	0	0	0	0	0	0	0	0	0	0	0	0	0	0	0	0	0	0	0	0	0	0	0	0	0	0	0	0	0	0	0	0	0	0	0	0	0	0	0	0	0	960	540	960	540	960	540	
0 0 0 0 0 0 
"
 tid_14232_time_14:5:2:881 DPETW@ "GAZE_LOG_EST: 0	0	0	0	0	0	0	0	0	0	0	0	0	0	0	0	0	0	0	0	0	0	0	0	0	0	0	0	0	0	0	0	0	0	0	0	0	0	0	0	0	0	0	0	0	0	0	0	0	0	0	0	0	0	0	0	0	0	0	0	0	0	0	0	960	540	960	540	960	540	
0 0 0 0 0 0 
"
 tid_14232_time_14:5:2:924 DPETW@ "GAZE_LOG_EST: 0	0	0	0	0	0	0	0	0	0	0	0	0	0	0	0	0	0	0	0	0	0	0	0	0	0	0	0	0	0	0	0	0	0	0	0	0	0	0	0	0	0	0	0	0	0	0	0	0	0	0	0	0	0	0	0	0	0	0	0	0	0	0	0	960	540	960	540	960	540	
0 0 0 0 0 0 
"
 tid_14232_time_14:5:2:967 DPETW@ "GAZE_LOG_EST: 0	0	0	0	0	0	0	0	0	0	0	0	0	0	0	0	0	0	0	0	0	0	0	0	0	0	0	0	0	0	0	0	0	0	0	0	0	0	0	0	0	0	0	0	0	0	0	0	0	0	0	0	0	0	0	0	0	0	0	0	0	0	0	0	960	540	960	540	960	540	
0 0 0 0 0 0 
"
 tid_14232_time_14:5:3:9 DPETW@ "GAZE_LOG_EST: 0	0	0	0	0	0	0	0	0	0	0	0	0	0	0	0	0	0	0	0	0	0	0	0	0	0	0	0	0	0	0	0	0	0	0	0	0	0	0	0	0	0	0	0	0	0	0	0	0	0	0	0	0	0	0	0	0	0	0	0	0	0	0	0	960	540	960	540	960	540	
0 0 0 0 0 0 
"
 tid_14232_time_14:5:3:52 DPETW@ "GAZE_LOG_EST: 0	0	0	0	0	0	0	0	0	0	0	0	0	0	0	0	0	0	0	0	0	0	0	0	0	0	0	0	0	0	0	0	0	0	0	0	0	0	0	0	0	0	0	0	0	0	0	0	0	0	0	0	0	0	0	0	0	0	0	0	0	0	0	0	960	540	960	540	960	540	
0 0 0 0 0 0 
"
 tid_14232_time_14:5:3:95 DPETW@ "GAZE_LOG_EST: 0	0	0	0	0	0	0	0	0	0	0	0	0	0	0	0	0	0	0	0	0	0	0	0	0	0	0	0	0	0	0	0	0	0	0	0	0	0	0	0	0	0	0	0	0	0	0	0	0	0	0	0	0	0	0	0	0	0	0	0	0	0	0	0	960	540	960	540	960	540	
0 0 0 0 0 0 
"
 tid_14232_time_14:5:3:138 DPETW@ "GAZE_LOG_EST: 0	0	0	0	0	0	0	0	0	0	0	0	0	0	0	0	0	0	0	0	0	0	0	0	0	0	0	0	0	0	0	0	0	0	0	0	0	0	0	0	0	0	0	0	0	0	0	0	0	0	0	0	0	0	0	0	0	0	0	0	0	0	0	0	960	540	960	540	960	540	
0 0 0 0 0 0 
"
 tid_14232_time_14:5:3:181 DPETW@ "GAZE_LOG_EST: 0	0	0	0	0	0	0	0	0	0	0	0	0	0	0	0	0	0	0	0	0	0	0	0	0	0	0	0	0	0	0	0	0	0	0	0	0	0	0	0	0	0	0	0	0	0	0	0	0	0	0	0	0	0	0	0	0	0	0	0	0	0	0	0	960	540	960	540	960	540	
0 0 0 0 0 0 
"
 tid_14232_time_14:5:3:224 DPETW@ "GAZE_LOG_EST: 0	0	0	0	0	0	0	0	0	0	0	0	0	0	0	0	0	0	0	0	0	0	0	0	0	0	0	0	0	0	0	0	0	0	0	0	0	0	0	0	0	0	0	0	0	0	0	0	0	0	0	0	0	0	0	0	0	0	0	0	0	0	0	0	960	540	960	540	960	540	
0 0 0 0 0 0 
"
 tid_14232_time_14:5:3:265 DPETW@ "GAZE_LOG_EST: 0	0	0	0	0	0	0	0	0	0	0	0	0	0	0	0	0	0	0	0	0	0	0	0	0	0	0	0	0	0	0	0	0	0	0	0	0	0	0	0	0	0	0	0	0	0	0	0	0	0	0	0	0	0	0	0	0	0	0	0	0	0	0	0	960	540	960	540	960	540	
0 0 0 0 0 0 
"
 tid_14232_time_14:5:3:308 DPETW@ "GAZE_LOG_EST: 0	0	0	0	0	0	0	0	0	0	0	0	0	0	0	0	0	0	0	0	0	0	0	0	0	0	0	0	0	0	0	0	0	0	0	0	0	0	0	0	0	0	0	0	0	0	0	0	0	0	0	0	0	0	0	0	0	0	0	0	0	0	0	0	960	540	960	540	960	540	
0 0 0 0 0 0 
"
 tid_14232_time_14:5:3:351 DPETW@ "GAZE_LOG_EST: 0	0	0	0	0	0	0	0	0	0	0	0	0	0	0	0	0	0	0	0	0	0	0	0	0	0	0	0	0	0	0	0	0	0	0	0	0	0	0	0	0	0	0	0	0	0	0	0	0	0	0	0	0	0	0	0	0	0	0	0	0	0	0	0	960	540	960	540	960	540	
0 0 0 -1 0 0 
"
 tid_14232_time_14:5:3:395 DPETW@ "GAZE_LOG_EST: 0	0	0	0	0	0	0	0	0	0	0	0	0	0	0	0	0	0	0	0	0	0	0	0	0	0	0	0	0	0	0	0	0	0	0	0	0	0	0	0	0	0	0	0	0	0	0	0	0	0	0	0	0	0	0	0	0	0	0	0	0	0	0	0	960	540	960	540	960	540	
0 0 0 0 0 0 
"
 tid_14232_time_14:5:3:438 DPETW@ "GAZE_LOG_EST: 0	0	0	0	0	0	0	0	0	0	0	0	0	0	0	0	0	0	0	0	0	0	0	0	0	0	0	0	0	0	0	0	0	0	0	0	0	0	0	0	0	0	0	0	0	0	0	0	0	0	0	0	0	0	0	0	0	0	0	0	0	0	0	0	960	540	960	540	960	540	
0 0 0 0 0 0 
"
 tid_14232_time_14:5:3:481 DPETW@ "GAZE_LOG_EST: 0	0	0	0	0	0	0	0	0	0	0	0	0	0	0	0	0	0	0	0	0	0	0	0	0	0	0	0	0	0	0	0	0	0	0	0	0	0	0	0	0	0	0	0	0	0	0	0	0	0	0	0	0	0	0	0	0	0	0	0	0	0	0	0	960	540	960	540	960	540	
0 0 0 0 0 0 
"
 tid_14232_time_14:5:3:524 DPETW@ "GAZE_LOG_EST: 0	0	0	0	0	0	0	0	0	0	0	0	0	0	0	0	0	0	0	0	0	0	0	0	0	0	0	0	0	0	0	0	0	0	0	0	0	0	0	0	0	0	0	0	0	0	0	0	0	0	0	0	0	0	0	0	0	0	0	0	0	0	0	0	960	540	960	540	960	540	
0 0 0 0 0 0 
"
 tid_14232_time_14:5:3:565 DPETW@ "GAZE_LOG_EST: 0	0	0	0	0	0	0	0	0	0	0	0	0	0	0	0	0	0	0	0	0	0	0	0	0	0	0	0	0	0	0	0	0	0	0	0	0	0	0	0	0	0	0	0	0	0	0	0	0	0	0	0	0	0	0	0	0	0	0	0	0	0	0	0	960	540	960	540	960	540	
0 0 0 0 0 0 
"
 tid_14232_time_14:5:3:609 DPETW@ "GAZE_LOG_EST: 0	0	0	0	0	0	0	0	0	0	0	0	0	0	0	0	0	0	0	0	0	0	0	0	0	0	0	0	0	0	0	0	0	0	0	0	0	0	0	0	0	0	0	0	0	0	0	0	0	0	0	0	0	0	0	0	0	0	0	0	0	0	0	0	960	540	960	540	960	540	
0 0 0 0 0 0 
"
 tid_14232_time_14:5:3:651 DPETW@ "GAZE_LOG_EST: 0	0	0	0	0	0	0	0	0	0	0	0	0	0	0	0	0	0	0	0	0	0	0	0	0	0	0	0	0	0	0	0	0	0	0	0	0	0	0	0	0	0	0	0	0	0	0	0	0	0	0	0	0	0	0	0	0	0	0	0	0	0	0	0	960	540	960	540	960	540	
0 0 0 0 0 0 
"
 tid_14232_time_14:5:3:694 DPETW@ "GAZE_LOG_EST: 0	0	0	0	0	0	0	0	0	0	0	0	0	0	0	0	0	0	0	0	0	0	0	0	0	0	0	0	0	0	0	0	0	0	0	0	0	0	0	0	0	0	0	0	0	0	0	0	0	0	0	0	0	0	0	0	0	0	0	0	0	0	0	0	960	540	960	540	960	540	
0 0 0 0 0 0 
"
 tid_14232_time_14:5:3:737 DPETW@ "GAZE_LOG_EST: 0	0	0	0	0	0	0	0	0	0	0	0	0	0	0	0	0	0	0	0	0	0	0	0	0	0	0	0	0	0	0	0	0	0	0	0	0	0	0	0	0	0	0	0	0	0	0	0	0	0	0	0	0	0	0	0	0	0	0	0	0	0	0	0	960	540	960	540	960	540	
0 0 0 0 0 0 
"
 tid_14232_time_14:5:3:781 DPETW@ "GAZE_LOG_EST: 0	0	0	0	0	0	0	0	0	0	0	0	0	0	0	0	0	0	0	0	0	0	0	0	0	0	0	0	0	0	0	0	0	0	0	0	0	0	0	0	0	0	0	0	0	0	0	0	0	0	0	0	0	0	0	0	0	0	0	0	0	0	0	0	960	540	960	540	960	540	
0 0 0 0 0 0 
"
 tid_14232_time_14:5:3:823 DPETW@ "GAZE_LOG_EST: 0	0	0	0	0	0	0	0	0	0	0	0	0	0	0	0	0	0	0	0	0	0	0	0	0	0	0	0	0	0	0	0	0	0	0	0	0	0	0	0	0	0	0	0	0	0	0	0	0	0	0	0	0	0	0	0	0	0	0	0	0	0	0	0	960	540	960	540	960	540	
0 0 0 0 0 0 
"
 tid_14232_time_14:5:3:867 DPETW@ "GAZE_LOG_EST: 0	0	0	0	0	0	0	0	0	0	0	0	0	0	0	0	0	0	0	0	0	0	0	0	0	0	0	0	0	0	0	0	0	0	0	0	0	0	0	0	0	0	0	0	0	0	0	0	0	0	0	0	0	0	0	0	0	0	0	0	0	0	0	0	960	540	960	540	960	540	
0 0 0 0 0 0 
"
 tid_14232_time_14:5:3:910 DPETW@ "GAZE_LOG_EST: 0	0	0	0	0	0	0	0	0	0	0	0	0	0	0	0	0	0	0	0	0	0	0	0	0	0	0	0	0	0	0	0	0	0	0	0	0	0	0	0	0	0	0	0	0	0	0	0	0	0	0	0	0	0	0	0	0	0	0	0	0	0	0	0	960	540	960	540	960	540	
0 0 0 0 0 0 
"
 tid_14232_time_14:5:3:953 DPETW@ "GAZE_LOG_EST: 0	0	0	0	0	0	0	0	0	0	0	0	0	0	0	0	0	0	0	0	0	0	0	0	0	0	0	0	0	0	0	0	0	0	0	0	0	0	0	0	0	0	0	0	0	0	0	0	0	0	0	0	0	0	0	0	0	0	0	0	0	0	0	0	960	540	960	540	960	540	
0 0 0 0 0 0 
"
 tid_14232_time_14:5:3:997 DPETW@ "GAZE_LOG_EST: 0	0	0	0	0	0	0	0	0	0	0	0	0	0	0	0	0	0	0	0	0	0	0	0	0	0	0	0	0	0	0	0	0	0	0	0	0	0	0	0	0	0	0	0	0	0	0	0	0	0	0	0	0	0	0	0	0	0	0	0	0	0	0	0	960	540	960	540	960	540	
0 0 0 0 0 0 
"
 tid_14232_time_14:5:4:39 DPETW@ "GAZE_LOG_EST: 0	0	0	0	0	0	0	0	0	0	0	0	0	0	0	0	0	0	0	0	0	0	0	0	0	0	0	0	0	0	0	0	0	0	0	0	0	0	0	0	0	0	0	0	0	0	0	0	0	0	0	0	0	0	0	0	0	0	0	0	0	0	0	0	960	540	960	540	960	540	
0 0 0 0 0 0 
"
 tid_14232_time_14:5:4:82 DPETW@ "GAZE_LOG_EST: 0	0	0	0	0	0	0	0	0	0	0	0	0	0	0	0	0	0	0	0	0	0	0	0	0	0	0	0	0	0	0	0	0	0	0	0	0	0	0	0	0	0	0	0	0	0	0	0	0	0	0	0	0	0	0	0	0	0	0	0	0	0	0	0	960	540	960	540	960	540	
0 0 0 0 0 0 
"
 tid_14232_time_14:5:4:125 DPETW@ "GAZE_LOG_EST: 0	0	0	0	0	0	0	0	0	0	0	0	0	0	0	0	0	0	0	0	0	0	0	0	0	0	0	0	0	0	0	0	0	0	0	0	0	0	0	0	0	0	0	0	0	0	0	0	0	0	0	0	0	0	0	0	0	0	0	0	0	0	0	0	960	540	960	540	960	540	
0 0 0 0 0 0 
"
 tid_14232_time_14:5:4:168 DPETW@ "GAZE_LOG_EST: 0	0	0	0	0	0	0	0	0	0	0	0	0	0	0	0	0	0	0	0	0	0	0	0	0	0	0	0	0	0	0	0	0	0	0	0	0	0	0	0	0	0	0	0	0	0	0	0	0	0	0	0	0	0	0	0	0	0	0	0	0	0	0	0	960	540	960	540	960	540	
0 0 0 0 0 0 
"
 tid_14232_time_14:5:4:211 DPETW@ "GAZE_LOG_EST: 0	0	0	0	0	0	0	0	0	0	0	0	0	0	0	0	0	0	0	0	0	0	0	0	0	0	0	0	0	0	0	0	0	0	0	0	0	0	0	0	0	0	0	0	0	0	0	0	0	0	0	0	0	0	0	0	0	0	0	0	0	0	0	0	960	540	960	540	960	540	
0 0 0 0 0 0 
"
 tid_14232_time_14:5:4:254 DPETW@ "GAZE_LOG_EST: 0	0	0	0	0	0	0	0	0	0	0	0	0	0	0	0	0	0	0	0	0	0	0	0	0	0	0	0	0	0	0	0	0	0	0	0	0	0	0	0	0	0	0	0	0	0	0	0	0	0	0	0	0	0	0	0	0	0	0	0	0	0	0	0	960	540	960	540	960	540	
0 0 0 0 0 0 
"
 tid_14232_time_14:5:4:296 DPETW@ "GAZE_LOG_EST: 0	0	0	0	0	0	0	0	0	0	0	0	0	0	0	0	0	0	0	0	0	0	0	0	0	0	0	0	0	0	0	0	0	0	0	0	0	0	0	0	0	0	0	0	0	0	0	0	0	0	0	0	0	0	0	0	0	0	0	0	0	0	0	0	960	540	960	540	960	540	
0 0 0 0 0 0 
"
 tid_14232_time_14:5:4:339 DPETW@ "GAZE_LOG_EST: 0	0	0	0	0	0	0	0	0	0	0	0	0	0	0	0	0	0	0	0	0	0	0	0	0	0	0	0	0	0	0	0	0	0	0	0	0	0	0	0	0	0	0	0	0	0	0	0	0	0	0	0	0	0	0	0	0	0	0	0	0	0	0	0	960	540	960	540	960	540	
0 0 0 0 0 0 
"
 tid_14232_time_14:5:4:381 DPETW@ "GAZE_LOG_EST: 0	0	0	0	0	0	0	0	0	0	0	0	0	0	0	0	0	0	0	0	0	0	0	0	0	0	0	0	0	0	0	0	0	0	0	0	0	0	0	0	0	0	0	0	0	0	0	0	0	0	0	0	0	0	0	0	0	0	0	0	0	0	0	0	960	540	960	540	960	540	
0 0 0 0 0 0 
"
 tid_14232_time_14:5:4:424 DPETW@ "GAZE_LOG_EST: 0	0	0	0	0	0	0	0	0	0	0	0	0	0	0	0	0	0	0	0	0	0	0	0	0	0	0	0	0	0	0	0	0	0	0	0	0	0	0	0	0	0	0	0	0	0	0	0	0	0	0	0	0	0	0	0	0	0	0	0	0	0	0	0	960	540	960	540	960	540	
0 0 0 0 0 0 
"
 tid_14232_time_14:5:4:468 DPETW@ "GAZE_LOG_EST: 0	0	0	0	0	0	0	0	0	0	0	0	0	0	0	0	0	0	0	0	0	0	0	0	0	0	0	0	0	0	0	0	0	0	0	0	0	0	0	0	0	0	0	0	0	0	0	0	0	0	0	0	0	0	0	0	0	0	0	0	0	0	0	0	960	540	960	540	960	540	
0 0 0 0 0 0 
"
 tid_14232_time_14:5:4:511 DPETW@ "GAZE_LOG_EST: 0	0	0	0	0	0	0	0	0	0	0	0	0	0	0	0	0	0	0	0	0	0	0	0	0	0	0	0	0	0	0	0	0	0	0	0	0	0	0	0	0	0	0	0	0	0	0	0	0	0	0	0	0	0	0	0	0	0	0	0	0	0	0	0	960	540	960	540	960	540	
0 0 0 0 0 0 
"
 tid_14232_time_14:5:4:553 DPETW@ "GAZE_LOG_EST: 0	0	0	0	0	0	0	0	0	0	0	0	0	0	0	0	0	0	0	0	0	0	0	0	0	0	0	0	0	0	0	0	0	0	0	0	0	0	0	0	0	0	0	0	0	0	0	0	0	0	0	0	0	0	0	0	0	0	0	0	0	0	0	0	960	540	960	540	960	540	
0 0 0 0 0 0 
"
 tid_14232_time_14:5:4:596 DPETW@ "GAZE_LOG_EST: 0	0	0	0	0	0	0	0	0	0	0	0	0	0	0	0	0	0	0	0	0	0	0	0	0	0	0	0	0	0	0	0	0	0	0	0	0	0	0	0	0	0	0	0	0	0	0	0	0	0	0	0	0	0	0	0	0	0	0	0	0	0	0	0	960	540	960	540	960	540	
0 0 0 0 0 0 
"
 tid_14232_time_14:5:4:639 DPETW@ "GAZE_LOG_EST: 0	0	0	0	0	0	0	0	0	0	0	0	0	0	0	0	0	0	0	0	0	0	0	0	0	0	0	0	0	0	0	0	0	0	0	0	0	0	0	0	0	0	0	0	0	0	0	0	0	0	0	0	0	0	0	0	0	0	0	0	0	0	0	0	960	540	960	540	960	540	
0 0 0 0 0 0 
"
 tid_14232_time_14:5:4:682 DPETW@ "GAZE_LOG_EST: 0	0	0	0	0	0	0	0	0	0	0	0	0	0	0	0	0	0	0	0	0	0	0	0	0	0	0	0	0	0	0	0	0	0	0	0	0	0	0	0	0	0	0	0	0	0	0	0	0	0	0	0	0	0	0	0	0	0	0	0	0	0	0	0	960	540	960	540	960	540	
0 0 0 0 0 0 
"
 tid_14232_time_14:5:4:726 DPETW@ "GAZE_LOG_EST: 0	0	0	0	0	0	0	0	0	0	0	0	0	0	0	0	0	0	0	0	0	0	0	0	0	0	0	0	0	0	0	0	0	0	0	0	0	0	0	0	0	0	0	0	0	0	0	0	0	0	0	0	0	0	0	0	0	0	0	0	0	0	0	0	960	540	960	540	960	540	
0 0 0 0 0 0 
"
 tid_14232_time_14:5:4:768 DPETW@ "GAZE_LOG_EST: 0	0	0	0	0	0	0	0	0	0	0	0	0	0	0	0	0	0	0	0	0	0	0	0	0	0	0	0	0	0	0	0	0	0	0	0	0	0	0	0	0	0	0	0	0	0	0	0	0	0	0	0	0	0	0	0	0	0	0	0	0	0	0	0	960	540	960	540	960	540	
0 0 0 0 0 0 
"
 tid_14232_time_14:5:4:812 DPETW@ "GAZE_LOG_EST: 0	0	0	0	0	0	0	0	0	0	0	0	0	0	0	0	0	0	0	0	0	0	0	0	0	0	0	0	0	0	0	0	0	0	0	0	0	0	0	0	0	0	0	0	0	0	0	0	0	0	0	0	0	0	0	0	0	0	0	0	0	0	0	0	960	540	960	540	960	540	
0 0 0 0 0 0 
"
 tid_14232_time_14:5:4:854 DPETW@ "GAZE_LOG_EST: 0	0	0	0	0	0	0	0	0	0	0	0	0	0	0	0	0	0	0	0	0	0	0	0	0	0	0	0	0	0	0	0	0	0	0	0	0	0	0	0	0	0	0	0	0	0	0	0	0	0	0	0	0	0	0	0	0	0	0	0	0	0	0	0	960	540	960	540	960	540	
0 0 0 0 0 0 
"
 tid_14232_time_14:5:4:898 DPETW@ "GAZE_LOG_EST: 0	0	0	0	0	0	0	0	0	0	0	0	0	0	0	0	0	0	0	0	0	0	0	0	0	0	0	0	0	0	0	0	0	0	0	0	0	0	0	0	0	0	0	0	0	0	0	0	0	0	0	0	0	0	0	0	0	0	0	0	0	0	0	0	960	540	960	540	960	540	
0 0 0 0 0 0 
"
 tid_14232_time_14:5:4:941 DPETW@ "GAZE_LOG_EST: 0	0	0	0	0	0	0	0	0	0	0	0	0	0	0	0	0	0	0	0	0	0	0	0	0	0	0	0	0	0	0	0	0	0	0	0	0	0	0	0	0	0	0	0	0	0	0	0	0	0	0	0	0	0	0	0	0	0	0	0	0	0	0	0	960	540	960	540	960	540	
0 0 0 0 0 0 
"
 tid_14232_time_14:5:4:985 DPETW@ "GAZE_LOG_EST: 0	0	0	0	0	0	0	0	0	0	0	0	0	0	0	0	0	0	0	0	0	0	0	0	0	0	0	0	0	0	0	0	0	0	0	0	0	0	0	0	0	0	0	0	0	0	0	0	0	0	0	0	0	0	0	0	0	0	0	0	0	0	0	0	960	540	960	540	960	540	
0 0 0 0 0 0 
"
 tid_14232_time_14:5:5:27 DPETW@ "GAZE_LOG_EST: 0	0	0	0	0	0	0	0	0	0	0	0	0	0	0	0	0	0	0	0	0	0	0	0	0	0	0	0	0	0	0	0	0	0	0	0	0	0	0	0	0	0	0	0	0	0	0	0	0	0	0	0	0	0	0	0	0	0	0	0	0	0	0	0	960	540	960	540	960	540	
0 0 0 0 0 0 
"
 tid_14232_time_14:5:5:69 DPETW@ "GAZE_LOG_EST: 0	0	0	0	0	0	0	0	0	0	0	0	0	0	0	0	0	0	0	0	0	0	0	0	0	0	0	0	0	0	0	0	0	0	0	0	0	0	0	0	0	0	0	0	0	0	0	0	0	0	0	0	0	0	0	0	0	0	0	0	0	0	0	0	960	540	960	540	960	540	
0 0 0 0 0 0 
"
 tid_14232_time_14:5:5:113 DPETW@ "GAZE_LOG_EST: 0	0	0	0	0	0	0	0	0	0	0	0	0	0	0	0	0	0	0	0	0	0	0	0	0	0	0	0	0	0	0	0	0	0	0	0	0	0	0	0	0	0	0	0	0	0	0	0	0	0	0	0	0	0	0	0	0	0	0	0	0	0	0	0	960	540	960	540	960	540	
0 0 0 0 0 0 
"
 tid_14232_time_14:5:5:155 DPETW@ "GAZE_LOG_EST: 0	0	0	0	0	0	0	0	0	0	0	0	0	0	0	0	0	0	0	0	0	0	0	0	0	0	0	0	0	0	0	0	0	0	0	0	0	0	0	0	0	0	0	0	0	0	0	0	0	0	0	0	0	0	0	0	0	0	0	0	0	0	0	0	960	540	960	540	960	540	
0 0 0 0 0 0 
"
 tid_14232_time_14:5:5:200 DPETW@ "GAZE_LOG_EST: 0	0	0	0	0	0	0	0	0	0	0	0	0	0	0	0	0	0	0	0	0	0	0	0	0	0	0	0	0	0	0	0	0	0	0	0	0	0	0	0	0	0	0	0	0	0	0	0	0	0	0	0	0	0	0	0	0	0	0	0	0	0	0	0	960	540	960	540	960	540	
0 0 0 0 0 0 
"
 tid_14232_time_14:5:5:243 DPETW@ "GAZE_LOG_EST: 0	0	0	0	248.741	67.841	336.264	75.7931	0	0	0	0	235.776	79.0506	342.696	91.4784	0	0	0	0	0	0	0	0	0	0	0	0	0	0	0	0	0	0	0	0	0	0	0	0	0	0	0	0	0	0	0	0	0	0	0	0	0	0	0	0	0	0	0	0	0	0	0	0	960	540	960	540	960	540	
0 0 0 1 1 1 
"
 tid_14232_time_14:5:5:285 DPETW@ "GAZE_LOG_EST: 0	0	0	0	0	0	0	0	0	0	0	0	0	0	0	0	0	0	0	0	0	0	0	0	0	0	0	0	0	0	0	0	0	0	0	0	0	0	0	0	0	0	0	0	0	0	0	0	0	0	0	0	0	0	0	0	0	0	0	0	0	0	0	0	960	540	960	540	960	540	
0 0 0 0 0 0 
"
 tid_14232_time_14:5:5:328 DPETW@ "GAZE_LOG_EST: 0	0	0	0	258.357	74.1709	342.76	81.7515	0	0	0	0	244.672	83.9876	348.517	95.9393	0	0	0	0	0	0	0	0	0	0	0	0	0	0	0	0	0	0	0	0	0	0	0	0	0	0	0	0	0	0	0	0	0	0	0	0	0	0	0	0	0	0	0	0	0	0	0	0	960	540	960	540	960	540	
0 0 0 1 1 1 
"
 tid_14232_time_14:5:5:371 DPETW@ "GAZE_LOG_EST: 0	0	0	0	0	0	0	0	0	0	0	0	0	0	0	0	0	0	0	0	0	0	0	0	0	0	0	0	0	0	0	0	0	0	0	0	0	0	0	0	0	0	0	0	0	0	0	0	0	0	0	0	0	0	0	0	0	0	0	0	0	0	0	0	960	540	960	540	960	540	
0 0 0 0 0 0 
"
 tid_14232_time_14:5:5:415 DPETW@ "GAZE_LOG_EST: 0	0	0	0	0	0	0	0	0	0	0	0	0	0	0	0	0	0	0	0	0	0	0	0	0	0	0	0	0	0	0	0	0	0	0	0	0	0	0	0	0	0	0	0	0	0	0	0	0	0	0	0	0	0	0	0	0	0	0	0	0	0	0	0	960	540	960	540	960	540	
0 0 0 0 0 0 
"
 tid_14232_time_14:5:5:460 DPETW@ "GAZE_LOG_EST: 0	0	0	0	0	0	0	0	0	0	0	0	0	0	0	0	0	0	0	0	0	0	0	0	0	0	0	0	0	0	0	0	0	0	0	0	0	0	0	0	0	0	0	0	0	0	0	0	0	0	0	0	0	0	0	0	0	0	0	0	0	0	0	0	960	540	960	540	960	540	
0 0 0 0 0 0 
"
 tid_14232_time_14:5:5:503 DPETW@ "GAZE_LOG_EST: 0	0	0	0	207.609	111.485	306.038	136.748	0	0	0	0	207.167	112.754	311.717	123.016	0	0	0	0	0	0	0	0	0	0	0	0	0	0	0	0	0	0	0	0	0	0	0	0	0	0	0	0	0	0	0	0	0	0	0	0	0	0	0	0	0	0	0	0	0	0	0	0	960	540	960	540	960	540	
0 0 0 1 1 1 
"
 tid_14232_time_14:5:5:547 DPETW@ "GAZE_LOG_EST: 0	0	0	0	0	0	0	0	0	0	0	0	0	0	0	0	0	0	0	0	0	0	0	0	0	0	0	0	0	0	0	0	0	0	0	0	0	0	0	0	0	0	0	0	0	0	0	0	0	0	0	0	0	0	0	0	0	0	0	0	0	0	0	0	960	540	960	540	960	540	
0 0 0 0 0 0 
"
 tid_14232_time_14:5:5:591 DPETW@ "GAZE_LOG_EST: 0	0	0	0	0	0	0	0	0	0	0	0	0	0	0	0	0	0	0	0	0	0	0	0	0	0	0	0	0	0	0	0	0	0	0	0	0	0	0	0	0	0	0	0	0	0	0	0	0	0	0	0	0	0	0	0	0	0	0	0	0	0	0	0	960	540	960	540	960	540	
0 0 0 0 0 0 
"
 tid_14232_time_14:5:5:635 DPETW@ "GAZE_LOG_EST: 0	0	0	0	0	0	0	0	0	0	0	0	0	0	0	0	0	0	0	0	0	0	0	0	0	0	0	0	0	0	0	0	0	0	0	0	0	0	0	0	0	0	0	0	0	0	0	0	0	0	0	0	0	0	0	0	0	0	0	0	0	0	0	0	960	540	960	540	960	540	
0 0 0 0 0 0 
"
 tid_14232_time_14:5:5:678 DPETW@ "GAZE_LOG_EST: 0	0	0	0	0	0	0	0	0	0	0	0	0	0	0	0	0	0	0	0	0	0	0	0	0	0	0	0	0	0	0	0	0	0	0	0	0	0	0	0	0	0	0	0	0	0	0	0	0	0	0	0	0	0	0	0	0	0	0	0	0	0	0	0	960	540	960	540	960	540	
0 0 0 0 0 0 
"
 tid_14232_time_14:5:5:721 DPETW@ "GAZE_LOG_EST: 0	0	0	0	0	0	0	0	0	0	0	0	0	0	0	0	0	0	0	0	0	0	0	0	0	0	0	0	0	0	0	0	0	0	0	0	0	0	0	0	0	0	0	0	0	0	0	0	0	0	0	0	0	0	0	0	0	0	0	0	0	0	0	0	960	540	960	540	960	540	
0 0 0 0 0 0 
"
 tid_14232_time_14:5:5:764 DPETW@ "GAZE_LOG_EST: 0	0	0	0	0	0	0	0	0	0	0	0	0	0	0	0	0	0	0	0	0	0	0	0	0	0	0	0	0	0	0	0	0	0	0	0	0	0	0	0	0	0	0	0	0	0	0	0	0	0	0	0	0	0	0	0	0	0	0	0	0	0	0	0	960	540	960	540	960	540	
0 0 0 0 0 0 
"
 tid_14232_time_14:5:5:808 DPETW@ "GAZE_LOG_EST: 0	0	0	0	0	0	0	0	0	0	0	0	0	0	0	0	0	0	0	0	0	0	0	0	0	0	0	0	0	0	0	0	0	0	0	0	0	0	0	0	0	0	0	0	0	0	0	0	0	0	0	0	0	0	0	0	0	0	0	0	0	0	0	0	960	540	960	540	960	540	
0 0 0 0 0 0 
"
 tid_14232_time_14:5:5:851 DPETW@ "GAZE_LOG_EST: 0	0	0	0	0	0	0	0	0	0	0	0	0	0	0	0	0	0	0	0	0	0	0	0	0	0	0	0	0	0	0	0	0	0	0	0	0	0	0	0	0	0	0	0	0	0	0	0	0	0	0	0	0	0	0	0	0	0	0	0	0	0	0	0	960	540	960	540	960	540	
0 0 0 0 0 0 
"
 tid_14232_time_14:5:5:895 DPETW@ "GAZE_LOG_EST: 0	0	0	0	0	0	0	0	0	0	0	0	0	0	0	0	0	0	0	0	0	0	0	0	0	0	0	0	0	0	0	0	0	0	0	0	0	0	0	0	0	0	0	0	0	0	0	0	0	0	0	0	0	0	0	0	0	0	0	0	0	0	0	0	960	540	960	540	960	540	
0 0 0 0 0 0 
"
 tid_14232_time_14:5:5:937 DPETW@ "GAZE_LOG_EST: 0	0	0	0	0	0	0	0	0	0	0	0	0	0	0	0	0	0	0	0	0	0	0	0	0	0	0	0	0	0	0	0	0	0	0	0	0	0	0	0	0	0	0	0	0	0	0	0	0	0	0	0	0	0	0	0	0	0	0	0	0	0	0	0	960	540	960	540	960	540	
0 0 0 0 0 0 
"
 tid_14232_time_14:5:5:981 DPETW@ "GAZE_LOG_EST: 0	0	0	0	0	0	0	0	0	0	0	0	0	0	0	0	0	0	0	0	0	0	0	0	0	0	0	0	0	0	0	0	0	0	0	0	0	0	0	0	0	0	0	0	0	0	0	0	0	0	0	0	0	0	0	0	0	0	0	0	0	0	0	0	960	540	960	540	960	540	
0 0 0 0 0 0 
"
 tid_14232_time_14:5:6:22 DPETW@ "GAZE_LOG_EST: 0	0	0	0	0	0	0	0	0	0	0	0	0	0	0	0	0	0	0	0	0	0	0	0	0	0	0	0	0	0	0	0	0	0	0	0	0	0	0	0	0	0	0	0	0	0	0	0	0	0	0	0	0	0	0	0	0	0	0	0	0	0	0	0	960	540	960	540	960	540	
0 0 0 0 0 0 
"
 tid_14232_time_14:5:6:65 DPETW@ "GAZE_LOG_EST: 0	0	0	0	0	0	0	0	0	0	0	0	0	0	0	0	0	0	0	0	0	0	0	0	0	0	0	0	0	0	0	0	0	0	0	0	0	0	0	0	0	0	0	0	0	0	0	0	0	0	0	0	0	0	0	0	0	0	0	0	0	0	0	0	960	540	960	540	960	540	
0 0 0 0 0 0 
"
 tid_14232_time_14:5:6:107 DPETW@ "GAZE_LOG_EST: 0	0	0	0	0	0	0	0	0	0	0	0	0	0	0	0	0	0	0	0	0	0	0	0	0	0	0	0	0	0	0	0	0	0	0	0	0	0	0	0	0	0	0	0	0	0	0	0	0	0	0	0	0	0	0	0	0	0	0	0	0	0	0	0	960	540	960	540	960	540	
0 0 0 0 0 0 
"
 tid_14232_time_14:5:6:150 DPETW@ "GAZE_LOG_EST: 0	0	0	0	0	0	0	0	0	0	0	0	0	0	0	0	0	0	0	0	0	0	0	0	0	0	0	0	0	0	0	0	0	0	0	0	0	0	0	0	0	0	0	0	0	0	0	0	0	0	0	0	0	0	0	0	0	0	0	0	0	0	0	0	960	540	960	540	960	540	
0 0 0 0 0 0 
"
 tid_14232_time_14:5:6:192 DPETW@ "GAZE_LOG_EST: 0	0	0	0	0	0	0	0	0	0	0	0	0	0	0	0	0	0	0	0	0	0	0	0	0	0	0	0	0	0	0	0	0	0	0	0	0	0	0	0	0	0	0	0	0	0	0	0	0	0	0	0	0	0	0	0	0	0	0	0	0	0	0	0	960	540	960	540	960	540	
0 0 0 0 0 0 
"
 tid_14232_time_14:5:6:234 DPETW@ "GAZE_LOG_EST: 0	0	0	0	0	0	0	0	0	0	0	0	0	0	0	0	0	0	0	0	0	0	0	0	0	0	0	0	0	0	0	0	0	0	0	0	0	0	0	0	0	0	0	0	0	0	0	0	0	0	0	0	0	0	0	0	0	0	0	0	0	0	0	0	960	540	960	540	960	540	
0 0 0 0 0 0 
"
 tid_14232_time_14:5:6:278 DPETW@ "GAZE_LOG_EST: 0	0	0	0	0	0	0	0	0	0	0	0	0	0	0	0	0	0	0	0	0	0	0	0	0	0	0	0	0	0	0	0	0	0	0	0	0	0	0	0	0	0	0	0	0	0	0	0	0	0	0	0	0	0	0	0	0	0	0	0	0	0	0	0	960	540	960	540	960	540	
0 0 0 0 0 0 
"
 tid_14232_time_14:5:6:322 DPETW@ "GAZE_LOG_EST: 0	0	0	0	0	0	0	0	0	0	0	0	0	0	0	0	0	0	0	0	0	0	0	0	0	0	0	0	0	0	0	0	0	0	0	0	0	0	0	0	0	0	0	0	0	0	0	0	0	0	0	0	0	0	0	0	0	0	0	0	0	0	0	0	960	540	960	540	960	540	
0 0 0 0 0 0 
"
 tid_14232_time_14:5:6:371 DPETW@ "GAZE_LOG_EST: 0	0	0	0	0	0	0	0	0	0	0	0	0	0	0	0	0	0	0	0	0	0	0	0	0	0	0	0	0	0	0	0	0	0	0	0	0	0	0	0	0	0	0	0	0	0	0	0	0	0	0	0	0	0	0	0	0	0	0	0	0	0	0	0	960	540	960	540	960	540	
0 0 0 0 0 0 
"
 tid_14232_time_14:5:6:416 DPETW@ "GAZE_LOG_EST: 0	0	0	0	0	0	0	0	0	0	0	0	0	0	0	0	0	0	0	0	0	0	0	0	0	0	0	0	0	0	0	0	0	0	0	0	0	0	0	0	0	0	0	0	0	0	0	0	0	0	0	0	0	0	0	0	0	0	0	0	0	0	0	0	960	540	960	540	960	540	
0 0 0 0 0 0 
"
 tid_14232_time_14:5:6:466 DPETW@ "GAZE_LOG_EST: 0	0	0	0	0	0	0	0	0	0	0	0	0	0	0	0	0	0	0	0	0	0	0	0	0	0	0	0	0	0	0	0	0	0	0	0	0	0	0	0	0	0	0	0	0	0	0	0	0	0	0	0	0	0	0	0	0	0	0	0	0	0	0	0	960	540	960	540	960	540	
0 0 0 0 0 0 
"
 tid_14232_time_14:5:6:513 DPETW@ "GAZE_LOG_EST: 0	0	0	0	0	0	0	0	0	0	0	0	0	0	0	0	0	0	0	0	0	0	0	0	0	0	0	0	0	0	0	0	0	0	0	0	0	0	0	0	0	0	0	0	0	0	0	0	0	0	0	0	0	0	0	0	0	0	0	0	0	0	0	0	960	540	960	540	960	540	
0 0 0 0 0 0 
"
 tid_14232_time_14:5:6:557 DPETW@ "GAZE_LOG_EST: 0	0	0	0	0	0	0	0	0	0	0	0	0	0	0	0	0	0	0	0	0	0	0	0	0	0	0	0	0	0	0	0	0	0	0	0	0	0	0	0	0	0	0	0	0	0	0	0	0	0	0	0	0	0	0	0	0	0	0	0	0	0	0	0	960	540	960	540	960	540	
0 0 0 0 0 0 
"
 tid_14232_time_14:5:6:601 DPETW@ "GAZE_LOG_EST: 0	0	0	0	0	0	0	0	0	0	0	0	0	0	0	0	0	0	0	0	0	0	0	0	0	0	0	0	0	0	0	0	0	0	0	0	0	0	0	0	0	0	0	0	0	0	0	0	0	0	0	0	0	0	0	0	0	0	0	0	0	0	0	0	960	540	960	540	960	540	
0 0 0 0 0 0 
"
 tid_14232_time_14:5:6:646 DPETW@ "GAZE_LOG_EST: 0	0	0	0	0	0	0	0	0	0	0	0	0	0	0	0	0	0	0	0	0	0	0	0	0	0	0	0	0	0	0	0	0	0	0	0	0	0	0	0	0	0	0	0	0	0	0	0	0	0	0	0	0	0	0	0	0	0	0	0	0	0	0	0	960	540	960	540	960	540	
0 0 0 0 0 0 
"
 tid_14232_time_14:5:6:690 DPETW@ "GAZE_LOG_EST: 0	0	0	0	0	0	0	0	0	0	0	0	0	0	0	0	0	0	0	0	0	0	0	0	0	0	0	0	0	0	0	0	0	0	0	0	0	0	0	0	0	0	0	0	0	0	0	0	0	0	0	0	0	0	0	0	0	0	0	0	0	0	0	0	960	540	960	540	960	540	
0 0 0 0 0 0 
"
 tid_14232_time_14:5:6:736 DPETW@ "GAZE_LOG_EST: 0	0	0	0	0	0	0	0	0	0	0	0	0	0	0	0	0	0	0	0	0	0	0	0	0	0	0	0	0	0	0	0	0	0	0	0	0	0	0	0	0	0	0	0	0	0	0	0	0	0	0	0	0	0	0	0	0	0	0	0	0	0	0	0	960	540	960	540	960	540	
0 0 0 0 0 0 
"
 tid_14232_time_14:5:6:783 DPETW@ "GAZE_LOG_EST: 0	0	0	0	0	0	0	0	0	0	0	0	0	0	0	0	0	0	0	0	0	0	0	0	0	0	0	0	0	0	0	0	0	0	0	0	0	0	0	0	0	0	0	0	0	0	0	0	0	0	0	0	0	0	0	0	0	0	0	0	0	0	0	0	960	540	960	540	960	540	
0 0 0 0 0 0 
"
 tid_14232_time_14:5:6:829 DPETW@ "GAZE_LOG_EST: 0	0	0	0	0	0	0	0	0	0	0	0	0	0	0	0	0	0	0	0	0	0	0	0	0	0	0	0	0	0	0	0	0	0	0	0	0	0	0	0	0	0	0	0	0	0	0	0	0	0	0	0	0	0	0	0	0	0	0	0	0	0	0	0	960	540	960	540	960	540	
0 0 0 0 0 0 
"
 tid_14232_time_14:5:6:877 DPETW@ "GAZE_LOG_EST: 0	0	0	0	0	0	0	0	0	0	0	0	0	0	0	0	0	0	0	0	0	0	0	0	0	0	0	0	0	0	0	0	0	0	0	0	0	0	0	0	0	0	0	0	0	0	0	0	0	0	0	0	0	0	0	0	0	0	0	0	0	0	0	0	960	540	960	540	960	540	
0 0 0 0 0 0 
"
 tid_14232_time_14:5:6:920 DPETW@ "GAZE_LOG_EST: 0	0	0	0	0	0	0	0	0	0	0	0	0	0	0	0	0	0	0	0	0	0	0	0	0	0	0	0	0	0	0	0	0	0	0	0	0	0	0	0	0	0	0	0	0	0	0	0	0	0	0	0	0	0	0	0	0	0	0	0	0	0	0	0	960	540	960	540	960	540	
0 0 0 0 0 0 
"
 tid_14232_time_14:5:6:965 DPETW@ "GAZE_LOG_EST: 0	0	0	0	0	0	0	0	0	0	0	0	0	0	0	0	0	0	0	0	0	0	0	0	0	0	0	0	0	0	0	0	0	0	0	0	0	0	0	0	0	0	0	0	0	0	0	0	0	0	0	0	0	0	0	0	0	0	0	0	0	0	0	0	960	540	960	540	960	540	
0 0 0 0 0 0 
"
 tid_14232_time_14:5:7:6 DPETW@ "GAZE_LOG_EST: 0	0	0	0	0	0	0	0	0	0	0	0	0	0	0	0	0	0	0	0	0	0	0	0	0	0	0	0	0	0	0	0	0	0	0	0	0	0	0	0	0	0	0	0	0	0	0	0	0	0	0	0	0	0	0	0	0	0	0	0	0	0	0	0	960	540	960	540	960	540	
0 0 0 0 0 0 
"
 tid_14232_time_14:5:7:48 DPETW@ "GAZE_LOG_EST: 0	0	0	0	0	0	0	0	0	0	0	0	0	0	0	0	0	0	0	0	0	0	0	0	0	0	0	0	0	0	0	0	0	0	0	0	0	0	0	0	0	0	0	0	0	0	0	0	0	0	0	0	0	0	0	0	0	0	0	0	0	0	0	0	960	540	960	540	960	540	
0 0 0 0 0 0 
"
 tid_14232_time_14:5:7:91 DPETW@ "GAZE_LOG_EST: 0	0	0	0	0	0	0	0	0	0	0	0	0	0	0	0	0	0	0	0	0	0	0	0	0	0	0	0	0	0	0	0	0	0	0	0	0	0	0	0	0	0	0	0	0	0	0	0	0	0	0	0	0	0	0	0	0	0	0	0	0	0	0	0	960	540	960	540	960	540	
0 0 0 0 0 0 
"
 tid_14232_time_14:5:7:133 DPETW@ "GAZE_LOG_EST: 0	0	0	0	0	0	0	0	0	0	0	0	0	0	0	0	0	0	0	0	0	0	0	0	0	0	0	0	0	0	0	0	0	0	0	0	0	0	0	0	0	0	0	0	0	0	0	0	0	0	0	0	0	0	0	0	0	0	0	0	0	0	0	0	960	540	960	540	960	540	
0 0 0 0 0 0 
"
 tid_14232_time_14:5:7:175 DPETW@ "GAZE_LOG_EST: 0	0	0	0	0	0	0	0	0	0	0	0	0	0	0	0	0	0	0	0	0	0	0	0	0	0	0	0	0	0	0	0	0	0	0	0	0	0	0	0	0	0	0	0	0	0	0	0	0	0	0	0	0	0	0	0	0	0	0	0	0	0	0	0	960	540	960	540	960	540	
0 0 0 0 0 0 
"
 tid_14232_time_14:5:7:217 DPETW@ "GAZE_LOG_EST: 0	0	0	0	0	0	0	0	0	0	0	0	0	0	0	0	0	0	0	0	0	0	0	0	0	0	0	0	0	0	0	0	0	0	0	0	0	0	0	0	0	0	0	0	0	0	0	0	0	0	0	0	0	0	0	0	0	0	0	0	0	0	0	0	960	540	960	540	960	540	
0 0 0 0 0 0 
"
 tid_14232_time_14:5:7:260 DPETW@ "GAZE_LOG_EST: 0	0	0	0	0	0	0	0	0	0	0	0	0	0	0	0	0	0	0	0	0	0	0	0	0	0	0	0	0	0	0	0	0	0	0	0	0	0	0	0	0	0	0	0	0	0	0	0	0	0	0	0	0	0	0	0	0	0	0	0	0	0	0	0	960	540	960	540	960	540	
0 0 0 0 0 0 
"
 tid_14232_time_14:5:7:302 DPETW@ "GAZE_LOG_EST: 0	0	0	0	0	0	0	0	0	0	0	0	0	0	0	0	0	0	0	0	0	0	0	0	0	0	0	0	0	0	0	0	0	0	0	0	0	0	0	0	0	0	0	0	0	0	0	0	0	0	0	0	0	0	0	0	0	0	0	0	0	0	0	0	960	540	960	540	960	540	
0 0 0 0 0 0 
"
 tid_14232_time_14:5:7:343 DPETW@ "GAZE_LOG_EST: 0	0	0	0	0	0	0	0	0	0	0	0	0	0	0	0	0	0	0	0	0	0	0	0	0	0	0	0	0	0	0	0	0	0	0	0	0	0	0	0	0	0	0	0	0	0	0	0	0	0	0	0	0	0	0	0	0	0	0	0	0	0	0	0	960	540	960	540	960	540	
0 0 0 0 0 0 
"
 tid_14232_time_14:5:7:385 DPETW@ "GAZE_LOG_EST: 0	0	0	0	0	0	0	0	0	0	0	0	0	0	0	0	0	0	0	0	0	0	0	0	0	0	0	0	0	0	0	0	0	0	0	0	0	0	0	0	0	0	0	0	0	0	0	0	0	0	0	0	0	0	0	0	0	0	0	0	0	0	0	0	960	540	960	540	960	540	
0 0 0 0 0 0 
"
 tid_14232_time_14:5:7:426 DPETW@ "GAZE_LOG_EST: 0	0	0	0	0	0	0	0	0	0	0	0	0	0	0	0	0	0	0	0	0	0	0	0	0	0	0	0	0	0	0	0	0	0	0	0	0	0	0	0	0	0	0	0	0	0	0	0	0	0	0	0	0	0	0	0	0	0	0	0	0	0	0	0	960	540	960	540	960	540	
0 0 0 0 0 0 
"
 tid_14232_time_14:5:7:467 DPETW@ "GAZE_LOG_EST: 0	0	0	0	0	0	0	0	0	0	0	0	0	0	0	0	0	0	0	0	0	0	0	0	0	0	0	0	0	0	0	0	0	0	0	0	0	0	0	0	0	0	0	0	0	0	0	0	0	0	0	0	0	0	0	0	0	0	0	0	0	0	0	0	960	540	960	540	960	540	
0 0 0 0 0 0 
"
 tid_14232_time_14:5:7:508 DPETW@ "GAZE_LOG_EST: 0	0	0	0	0	0	0	0	0	0	0	0	0	0	0	0	0	0	0	0	0	0	0	0	0	0	0	0	0	0	0	0	0	0	0	0	0	0	0	0	0	0	0	0	0	0	0	0	0	0	0	0	0	0	0	0	0	0	0	0	0	0	0	0	960	540	960	540	960	540	
0 0 0 0 0 0 
"
 tid_14232_time_14:5:7:552 DPETW@ "GAZE_LOG_EST: 0	0	0	0	0	0	0	0	0	0	0	0	0	0	0	0	0	0	0	0	0	0	0	0	0	0	0	0	0	0	0	0	0	0	0	0	0	0	0	0	0	0	0	0	0	0	0	0	0	0	0	0	0	0	0	0	0	0	0	0	0	0	0	0	960	540	960	540	960	540	
0 0 0 0 0 0 
"
 tid_14232_time_14:5:7:593 DPETW@ "GAZE_LOG_EST: 0	0	0	0	0	0	0	0	0	0	0	0	0	0	0	0	0	0	0	0	0	0	0	0	0	0	0	0	0	0	0	0	0	0	0	0	0	0	0	0	0	0	0	0	0	0	0	0	0	0	0	0	0	0	0	0	0	0	0	0	0	0	0	0	960	540	960	540	960	540	
0 0 0 0 0 0 
"
 tid_14232_time_14:5:7:634 DPETW@ "GAZE_LOG_EST: 0	0	0	0	0	0	0	0	0	0	0	0	0	0	0	0	0	0	0	0	0	0	0	0	0	0	0	0	0	0	0	0	0	0	0	0	0	0	0	0	0	0	0	0	0	0	0	0	0	0	0	0	0	0	0	0	0	0	0	0	0	0	0	0	960	540	960	540	960	540	
0 0 0 0 0 0 
"
 tid_14232_time_14:5:7:675 DPETW@ "GAZE_LOG_EST: 0	0	0	0	0	0	0	0	0	0	0	0	0	0	0	0	0	0	0	0	0	0	0	0	0	0	0	0	0	0	0	0	0	0	0	0	0	0	0	0	0	0	0	0	0	0	0	0	0	0	0	0	0	0	0	0	0	0	0	0	0	0	0	0	960	540	960	540	960	540	
0 0 0 0 0 0 
"
 tid_14232_time_14:5:7:717 DPETW@ "GAZE_LOG_EST: 0	0	0	0	0	0	0	0	0	0	0	0	0	0	0	0	0	0	0	0	0	0	0	0	0	0	0	0	0	0	0	0	0	0	0	0	0	0	0	0	0	0	0	0	0	0	0	0	0	0	0	0	0	0	0	0	0	0	0	0	0	0	0	0	960	540	960	540	960	540	
0 0 0 0 0 0 
"
 tid_14232_time_14:5:7:759 DPETW@ "GAZE_LOG_EST: 0	0	0	0	0	0	0	0	0	0	0	0	0	0	0	0	0	0	0	0	0	0	0	0	0	0	0	0	0	0	0	0	0	0	0	0	0	0	0	0	0	0	0	0	0	0	0	0	0	0	0	0	0	0	0	0	0	0	0	0	0	0	0	0	960	540	960	540	960	540	
0 0 0 0 0 0 
"
 tid_14232_time_14:5:7:800 DPETW@ "GAZE_LOG_EST: 0	0	0	0	0	0	0	0	0	0	0	0	0	0	0	0	0	0	0	0	0	0	0	0	0	0	0	0	0	0	0	0	0	0	0	0	0	0	0	0	0	0	0	0	0	0	0	0	0	0	0	0	0	0	0	0	0	0	0	0	0	0	0	0	960	540	960	540	960	540	
0 0 0 0 0 0 
"
 tid_14232_time_14:5:7:843 DPETW@ "GAZE_LOG_EST: 0	0	0	0	0	0	0	0	0	0	0	0	0	0	0	0	0	0	0	0	0	0	0	0	0	0	0	0	0	0	0	0	0	0	0	0	0	0	0	0	0	0	0	0	0	0	0	0	0	0	0	0	0	0	0	0	0	0	0	0	0	0	0	0	960	540	960	540	960	540	
0 0 0 0 0 0 
"
 tid_14232_time_14:5:7:886 DPETW@ "GAZE_LOG_EST: 0	0	0	0	0	0	0	0	0	0	0	0	0	0	0	0	0	0	0	0	0	0	0	0	0	0	0	0	0	0	0	0	0	0	0	0	0	0	0	0	0	0	0	0	0	0	0	0	0	0	0	0	0	0	0	0	0	0	0	0	0	0	0	0	960	540	960	540	960	540	
0 0 0 0 0 0 
"
 tid_14232_time_14:5:7:926 DPETW@ "GAZE_LOG_EST: 0	0	0	0	0	0	0	0	0	0	0	0	0	0	0	0	0	0	0	0	0	0	0	0	0	0	0	0	0	0	0	0	0	0	0	0	0	0	0	0	0	0	0	0	0	0	0	0	0	0	0	0	0	0	0	0	0	0	0	0	0	0	0	0	960	540	960	540	960	540	
0 0 0 0 0 0 
"
 tid_14232_time_14:5:7:968 DPETW@ "GAZE_LOG_EST: 0	0	0	0	0	0	0	0	0	0	0	0	0	0	0	0	0	0	0	0	0	0	0	0	0	0	0	0	0	0	0	0	0	0	0	0	0	0	0	0	0	0	0	0	0	0	0	0	0	0	0	0	0	0	0	0	0	0	0	0	0	0	0	0	960	540	960	540	960	540	
0 0 0 0 0 0 
"
 tid_14232_time_14:5:8:10 DPETW@ "GAZE_LOG_EST: 0	0	0	0	0	0	0	0	0	0	0	0	0	0	0	0	0	0	0	0	0	0	0	0	0	0	0	0	0	0	0	0	0	0	0	0	0	0	0	0	0	0	0	0	0	0	0	0	0	0	0	0	0	0	0	0	0	0	0	0	0	0	0	0	960	540	960	540	960	540	
0 0 0 0 0 0 
"
 tid_14232_time_14:5:8:52 DPETW@ "GAZE_LOG_EST: 0	0	0	0	0	0	0	0	0	0	0	0	0	0	0	0	0	0	0	0	0	0	0	0	0	0	0	0	0	0	0	0	0	0	0	0	0	0	0	0	0	0	0	0	0	0	0	0	0	0	0	0	0	0	0	0	0	0	0	0	0	0	0	0	960	540	960	540	960	540	
0 0 0 0 0 0 
"
 tid_14232_time_14:5:8:93 DPETW@ "GAZE_LOG_EST: 0	0	0	0	0	0	0	0	0	0	0	0	0	0	0	0	0	0	0	0	0	0	0	0	0	0	0	0	0	0	0	0	0	0	0	0	0	0	0	0	0	0	0	0	0	0	0	0	0	0	0	0	0	0	0	0	0	0	0	0	0	0	0	0	960	540	960	540	960	540	
0 0 0 0 0 0 
"
 tid_14232_time_14:5:8:135 DPETW@ "GAZE_LOG_EST: 0	0	0	0	0	0	0	0	0	0	0	0	0	0	0	0	0	0	0	0	0	0	0	0	0	0	0	0	0	0	0	0	0	0	0	0	0	0	0	0	0	0	0	0	0	0	0	0	0	0	0	0	0	0	0	0	0	0	0	0	0	0	0	0	960	540	960	540	960	540	
0 0 0 0 0 0 
"
 tid_14232_time_14:5:8:175 DPETW@ "GAZE_LOG_EST: 0	0	0	0	0	0	0	0	0	0	0	0	0	0	0	0	0	0	0	0	0	0	0	0	0	0	0	0	0	0	0	0	0	0	0	0	0	0	0	0	0	0	0	0	0	0	0	0	0	0	0	0	0	0	0	0	0	0	0	0	0	0	0	0	960	540	960	540	960	540	
0 0 0 0 0 0 
"
 tid_14232_time_14:5:8:216 DPETW@ "GAZE_LOG_EST: 0	0	0	0	0	0	0	0	0	0	0	0	0	0	0	0	0	0	0	0	0	0	0	0	0	0	0	0	0	0	0	0	0	0	0	0	0	0	0	0	0	0	0	0	0	0	0	0	0	0	0	0	0	0	0	0	0	0	0	0	0	0	0	0	960	540	960	540	960	540	
0 0 0 0 0 0 
"
 tid_14232_time_14:5:8:258 DPETW@ "GAZE_LOG_EST: 0	0	0	0	0	0	0	0	0	0	0	0	0	0	0	0	0	0	0	0	0	0	0	0	0	0	0	0	0	0	0	0	0	0	0	0	0	0	0	0	0	0	0	0	0	0	0	0	0	0	0	0	0	0	0	0	0	0	0	0	0	0	0	0	960	540	960	540	960	540	
0 0 0 0 0 0 
"
 tid_14232_time_14:5:8:300 DPETW@ "GAZE_LOG_EST: 0	0	0	0	0	0	0	0	0	0	0	0	0	0	0	0	0	0	0	0	0	0	0	0	0	0	0	0	0	0	0	0	0	0	0	0	0	0	0	0	0	0	0	0	0	0	0	0	0	0	0	0	0	0	0	0	0	0	0	0	0	0	0	0	960	540	960	540	960	540	
0 0 0 0 0 0 
"
 tid_14232_time_14:5:8:343 DPETW@ "GAZE_LOG_EST: 0	0	0	0	0	0	0	0	0	0	0	0	0	0	0	0	0	0	0	0	0	0	0	0	0	0	0	0	0	0	0	0	0	0	0	0	0	0	0	0	0	0	0	0	0	0	0	0	0	0	0	0	0	0	0	0	0	0	0	0	0	0	0	0	960	540	960	540	960	540	
0 0 0 0 0 0 
"
 tid_14232_time_14:5:8:387 DPETW@ "GAZE_LOG_EST: 0	0	0	0	0	0	0	0	0	0	0	0	0	0	0	0	0	0	0	0	0	0	0	0	0	0	0	0	0	0	0	0	0	0	0	0	0	0	0	0	0	0	0	0	0	0	0	0	0	0	0	0	0	0	0	0	0	0	0	0	0	0	0	0	960	540	960	540	960	540	
0 0 0 0 0 0 
"
 tid_14232_time_14:5:8:428 DPETW@ "GAZE_LOG_EST: 0	0	0	0	0	0	0	0	0	0	0	0	0	0	0	0	0	0	0	0	0	0	0	0	0	0	0	0	0	0	0	0	0	0	0	0	0	0	0	0	0	0	0	0	0	0	0	0	0	0	0	0	0	0	0	0	0	0	0	0	0	0	0	0	960	540	960	540	960	540	
0 0 0 0 0 0 
"
 tid_14232_time_14:5:8:470 DPETW@ "GAZE_LOG_EST: 0	0	0	0	0	0	0	0	0	0	0	0	0	0	0	0	0	0	0	0	0	0	0	0	0	0	0	0	0	0	0	0	0	0	0	0	0	0	0	0	0	0	0	0	0	0	0	0	0	0	0	0	0	0	0	0	0	0	0	0	0	0	0	0	960	540	960	540	960	540	
0 0 0 0 0 0 
"
 tid_14232_time_14:5:8:512 DPETW@ "GAZE_LOG_EST: 0	0	0	0	0	0	0	0	0	0	0	0	0	0	0	0	0	0	0	0	0	0	0	0	0	0	0	0	0	0	0	0	0	0	0	0	0	0	0	0	0	0	0	0	0	0	0	0	0	0	0	0	0	0	0	0	0	0	0	0	0	0	0	0	960	540	960	540	960	540	
0 0 0 0 0 0 
"
 tid_14232_time_14:5:8:554 DPETW@ "GAZE_LOG_EST: 0	0	0	0	0	0	0	0	0	0	0	0	0	0	0	0	0	0	0	0	0	0	0	0	0	0	0	0	0	0	0	0	0	0	0	0	0	0	0	0	0	0	0	0	0	0	0	0	0	0	0	0	0	0	0	0	0	0	0	0	0	0	0	0	960	540	960	540	960	540	
0 0 0 0 0 0 
"
 tid_14232_time_14:5:8:596 DPETW@ "GAZE_LOG_EST: 0	0	0	0	0	0	0	0	0	0	0	0	0	0	0	0	0	0	0	0	0	0	0	0	0	0	0	0	0	0	0	0	0	0	0	0	0	0	0	0	0	0	0	0	0	0	0	0	0	0	0	0	0	0	0	0	0	0	0	0	0	0	0	0	960	540	960	540	960	540	
0 0 0 0 0 0 
"
 tid_14232_time_14:5:8:638 DPETW@ "GAZE_LOG_EST: 0	0	0	0	0	0	0	0	0	0	0	0	0	0	0	0	0	0	0	0	0	0	0	0	0	0	0	0	0	0	0	0	0	0	0	0	0	0	0	0	0	0	0	0	0	0	0	0	0	0	0	0	0	0	0	0	0	0	0	0	0	0	0	0	960	540	960	540	960	540	
0 0 0 0 0 0 
"
 tid_14232_time_14:5:8:680 DPETW@ "GAZE_LOG_EST: 0	0	0	0	0	0	0	0	0	0	0	0	0	0	0	0	0	0	0	0	0	0	0	0	0	0	0	0	0	0	0	0	0	0	0	0	0	0	0	0	0	0	0	0	0	0	0	0	0	0	0	0	0	0	0	0	0	0	0	0	0	0	0	0	960	540	960	540	960	540	
0 0 0 0 0 0 
"
 tid_14232_time_14:5:8:722 DPETW@ "GAZE_LOG_EST: 0	0	0	0	0	0	0	0	0	0	0	0	0	0	0	0	0	0	0	0	0	0	0	0	0	0	0	0	0	0	0	0	0	0	0	0	0	0	0	0	0	0	0	0	0	0	0	0	0	0	0	0	0	0	0	0	0	0	0	0	0	0	0	0	960	540	960	540	960	540	
0 0 0 0 0 0 
"
 tid_14232_time_14:5:8:764 DPETW@ "GAZE_LOG_EST: 0	0	0	0	0	0	0	0	0	0	0	0	0	0	0	0	0	0	0	0	0	0	0	0	0	0	0	0	0	0	0	0	0	0	0	0	0	0	0	0	0	0	0	0	0	0	0	0	0	0	0	0	0	0	0	0	0	0	0	0	0	0	0	0	960	540	960	540	960	540	
0 0 0 0 0 0 
"
 tid_14232_time_14:5:8:805 DPETW@ "GAZE_LOG_EST: 0	0	0	0	0	0	0	0	0	0	0	0	0	0	0	0	0	0	0	0	0	0	0	0	0	0	0	0	0	0	0	0	0	0	0	0	0	0	0	0	0	0	0	0	0	0	0	0	0	0	0	0	0	0	0	0	0	0	0	0	0	0	0	0	960	540	960	540	960	540	
0 0 0 0 0 0 
"
 tid_14232_time_14:5:8:846 DPETW@ "GAZE_LOG_EST: 0	0	0	0	0	0	0	0	0	0	0	0	0	0	0	0	0	0	0	0	0	0	0	0	0	0	0	0	0	0	0	0	0	0	0	0	0	0	0	0	0	0	0	0	0	0	0	0	0	0	0	0	0	0	0	0	0	0	0	0	0	0	0	0	960	540	960	540	960	540	
0 0 0 0 0 0 
"
 tid_14232_time_14:5:8:889 DPETW@ "GAZE_LOG_EST: 0	0	0	0	0	0	0	0	0	0	0	0	0	0	0	0	0	0	0	0	0	0	0	0	0	0	0	0	0	0	0	0	0	0	0	0	0	0	0	0	0	0	0	0	0	0	0	0	0	0	0	0	0	0	0	0	0	0	0	0	0	0	0	0	960	540	960	540	960	540	
0 0 0 0 0 0 
"
 tid_14232_time_14:5:8:931 DPETW@ "GAZE_LOG_EST: 0	0	0	0	0	0	0	0	0	0	0	0	0	0	0	0	0	0	0	0	0	0	0	0	0	0	0	0	0	0	0	0	0	0	0	0	0	0	0	0	0	0	0	0	0	0	0	0	0	0	0	0	0	0	0	0	0	0	0	0	0	0	0	0	960	540	960	540	960	540	
0 0 0 0 0 0 
"
 tid_14232_time_14:5:8:972 DPETW@ "GAZE_LOG_EST: 0	0	0	0	0	0	0	0	0	0	0	0	0	0	0	0	0	0	0	0	0	0	0	0	0	0	0	0	0	0	0	0	0	0	0	0	0	0	0	0	0	0	0	0	0	0	0	0	0	0	0	0	0	0	0	0	0	0	0	0	0	0	0	0	960	540	960	540	960	540	
0 0 0 0 0 0 
"
 tid_14232_time_14:5:9:13 DPETW@ "GAZE_LOG_EST: 0	0	0	0	0	0	0	0	0	0	0	0	0	0	0	0	0	0	0	0	0	0	0	0	0	0	0	0	0	0	0	0	0	0	0	0	0	0	0	0	0	0	0	0	0	0	0	0	0	0	0	0	0	0	0	0	0	0	0	0	0	0	0	0	960	540	960	540	960	540	
0 0 0 0 0 0 
"
 tid_14232_time_14:5:9:55 DPETW@ "GAZE_LOG_EST: 0	0	0	0	0	0	0	0	0	0	0	0	0	0	0	0	0	0	0	0	0	0	0	0	0	0	0	0	0	0	0	0	0	0	0	0	0	0	0	0	0	0	0	0	0	0	0	0	0	0	0	0	0	0	0	0	0	0	0	0	0	0	0	0	960	540	960	540	960	540	
0 0 0 0 0 0 
"
 tid_14232_time_14:5:9:96 DPETW@ "GAZE_LOG_EST: 0	0	0	0	0	0	0	0	0	0	0	0	0	0	0	0	0	0	0	0	0	0	0	0	0	0	0	0	0	0	0	0	0	0	0	0	0	0	0	0	0	0	0	0	0	0	0	0	0	0	0	0	0	0	0	0	0	0	0	0	0	0	0	0	960	540	960	540	960	540	
0 0 0 0 0 0 
"
 tid_14232_time_14:5:9:139 DPETW@ "GAZE_LOG_EST: 0	0	0	0	0	0	0	0	0	0	0	0	0	0	0	0	0	0	0	0	0	0	0	0	0	0	0	0	0	0	0	0	0	0	0	0	0	0	0	0	0	0	0	0	0	0	0	0	0	0	0	0	0	0	0	0	0	0	0	0	0	0	0	0	960	540	960	540	960	540	
0 0 0 0 0 0 
"
 tid_14232_time_14:5:9:182 DPETW@ "GAZE_LOG_EST: 0	0	0	0	0	0	0	0	0	0	0	0	0	0	0	0	0	0	0	0	0	0	0	0	0	0	0	0	0	0	0	0	0	0	0	0	0	0	0	0	0	0	0	0	0	0	0	0	0	0	0	0	0	0	0	0	0	0	0	0	0	0	0	0	960	540	960	540	960	540	
0 0 0 0 0 0 
"
 tid_14232_time_14:5:9:231 DPETW@ "GAZE_LOG_EST: 0	0	0	0	0	0	0	0	0	0	0	0	0	0	0	0	0	0	0	0	0	0	0	0	0	0	0	0	0	0	0	0	0	0	0	0	0	0	0	0	0	0	0	0	0	0	0	0	0	0	0	0	0	0	0	0	0	0	0	0	0	0	0	0	960	540	960	540	960	540	
0 0 0 0 0 0 
"
 tid_14232_time_14:5:9:273 DPETW@ "GAZE_LOG_EST: 0	0	0	0	0	0	0	0	0	0	0	0	0	0	0	0	0	0	0	0	0	0	0	0	0	0	0	0	0	0	0	0	0	0	0	0	0	0	0	0	0	0	0	0	0	0	0	0	0	0	0	0	0	0	0	0	0	0	0	0	0	0	0	0	960	540	960	540	960	540	
0 0 0 0 0 0 
"
 tid_14232_time_14:5:9:315 DPETW@ "GAZE_LOG_EST: 0	0	0	0	0	0	0	0	0	0	0	0	0	0	0	0	0	0	0	0	0	0	0	0	0	0	0	0	0	0	0	0	0	0	0	0	0	0	0	0	0	0	0	0	0	0	0	0	0	0	0	0	0	0	0	0	0	0	0	0	0	0	0	0	960	540	960	540	960	540	
0 0 0 0 0 0 
"
 tid_14232_time_14:5:9:359 DPETW@ "GAZE_LOG_EST: 0	0	0	0	0	0	0	0	0	0	0	0	0	0	0	0	0	0	0	0	0	0	0	0	0	0	0	0	0	0	0	0	0	0	0	0	0	0	0	0	0	0	0	0	0	0	0	0	0	0	0	0	0	0	0	0	0	0	0	0	0	0	0	0	960	540	960	540	960	540	
0 0 0 0 0 0 
"
 tid_14232_time_14:5:9:403 DPETW@ "GAZE_LOG_EST: 0	0	0	0	0	0	0	0	0	0	0	0	0	0	0	0	0	0	0	0	0	0	0	0	0	0	0	0	0	0	0	0	0	0	0	0	0	0	0	0	0	0	0	0	0	0	0	0	0	0	0	0	0	0	0	0	0	0	0	0	0	0	0	0	960	540	960	540	960	540	
0 0 0 0 0 0 
"
 tid_14232_time_14:5:9:445 DPETW@ "GAZE_LOG_EST: 0	0	0	0	0	0	0	0	0	0	0	0	0	0	0	0	0	0	0	0	0	0	0	0	0	0	0	0	0	0	0	0	0	0	0	0	0	0	0	0	0	0	0	0	0	0	0	0	0	0	0	0	0	0	0	0	0	0	0	0	0	0	0	0	960	540	960	540	960	540	
0 0 0 0 0 0 
"
 tid_14232_time_14:5:9:487 DPETW@ "GAZE_LOG_EST: 0	0	0	0	0	0	0	0	0	0	0	0	0	0	0	0	0	0	0	0	0	0	0	0	0	0	0	0	0	0	0	0	0	0	0	0	0	0	0	0	0	0	0	0	0	0	0	0	0	0	0	0	0	0	0	0	0	0	0	0	0	0	0	0	960	540	960	540	960	540	
0 0 0 0 0 0 
"
 tid_14232_time_14:5:9:529 DPETW@ "GAZE_LOG_EST: 0	0	0	0	0	0	0	0	0	0	0	0	0	0	0	0	0	0	0	0	0	0	0	0	0	0	0	0	0	0	0	0	0	0	0	0	0	0	0	0	0	0	0	0	0	0	0	0	0	0	0	0	0	0	0	0	0	0	0	0	0	0	0	0	960	540	960	540	960	540	
0 0 0 0 0 0 
"
 tid_14232_time_14:5:9:571 DPETW@ "GAZE_LOG_EST: 0	0	0	0	0	0	0	0	0	0	0	0	0	0	0	0	0	0	0	0	0	0	0	0	0	0	0	0	0	0	0	0	0	0	0	0	0	0	0	0	0	0	0	0	0	0	0	0	0	0	0	0	0	0	0	0	0	0	0	0	0	0	0	0	960	540	960	540	960	540	
0 0 0 0 0 0 
"
 tid_14232_time_14:5:9:614 DPETW@ "GAZE_LOG_EST: 0	0	0	0	0	0	0	0	0	0	0	0	0	0	0	0	0	0	0	0	0	0	0	0	0	0	0	0	0	0	0	0	0	0	0	0	0	0	0	0	0	0	0	0	0	0	0	0	0	0	0	0	0	0	0	0	0	0	0	0	0	0	0	0	960	540	960	540	960	540	
0 0 0 0 0 0 
"
 tid_14232_time_14:5:9:656 DPETW@ "GAZE_LOG_EST: 0	0	0	0	0	0	0	0	0	0	0	0	0	0	0	0	0	0	0	0	0	0	0	0	0	0	0	0	0	0	0	0	0	0	0	0	0	0	0	0	0	0	0	0	0	0	0	0	0	0	0	0	0	0	0	0	0	0	0	0	0	0	0	0	960	540	960	540	960	540	
0 0 0 0 0 0 
"
 tid_14232_time_14:5:9:698 DPETW@ "GAZE_LOG_EST: 0	0	0	0	0	0	0	0	0	0	0	0	0	0	0	0	0	0	0	0	0	0	0	0	0	0	0	0	0	0	0	0	0	0	0	0	0	0	0	0	0	0	0	0	0	0	0	0	0	0	0	0	0	0	0	0	0	0	0	0	0	0	0	0	960	540	960	540	960	540	
0 0 0 0 0 0 
"
 tid_14232_time_14:5:9:740 DPETW@ "GAZE_LOG_EST: 0	0	0	0	0	0	0	0	0	0	0	0	0	0	0	0	0	0	0	0	0	0	0	0	0	0	0	0	0	0	0	0	0	0	0	0	0	0	0	0	0	0	0	0	0	0	0	0	0	0	0	0	0	0	0	0	0	0	0	0	0	0	0	0	960	540	960	540	960	540	
0 0 0 0 0 0 
"
 tid_14232_time_14:5:9:782 DPETW@ "GAZE_LOG_EST: 0	0	0	0	0	0	0	0	0	0	0	0	0	0	0	0	0	0	0	0	0	0	0	0	0	0	0	0	0	0	0	0	0	0	0	0	0	0	0	0	0	0	0	0	0	0	0	0	0	0	0	0	0	0	0	0	0	0	0	0	0	0	0	0	960	540	960	540	960	540	
0 0 0 0 0 0 
"
 tid_14232_time_14:5:9:824 DPETW@ "GAZE_LOG_EST: 0	0	0	0	0	0	0	0	0	0	0	0	0	0	0	0	0	0	0	0	0	0	0	0	0	0	0	0	0	0	0	0	0	0	0	0	0	0	0	0	0	0	0	0	0	0	0	0	0	0	0	0	0	0	0	0	0	0	0	0	0	0	0	0	960	540	960	540	960	540	
0 0 0 0 0 0 
"
 tid_14232_time_14:5:9:865 DPETW@ "GAZE_LOG_EST: 0	0	0	0	0	0	0	0	0	0	0	0	0	0	0	0	0	0	0	0	0	0	0	0	0	0	0	0	0	0	0	0	0	0	0	0	0	0	0	0	0	0	0	0	0	0	0	0	0	0	0	0	0	0	0	0	0	0	0	0	0	0	0	0	960	540	960	540	960	540	
0 0 0 0 0 0 
"
 tid_14232_time_14:5:9:908 DPETW@ "GAZE_LOG_EST: 0	0	0	0	0	0	0	0	0	0	0	0	0	0	0	0	0	0	0	0	0	0	0	0	0	0	0	0	0	0	0	0	0	0	0	0	0	0	0	0	0	0	0	0	0	0	0	0	0	0	0	0	0	0	0	0	0	0	0	0	0	0	0	0	960	540	960	540	960	540	
0 0 0 0 0 0 
"
 tid_14232_time_14:5:9:949 DPETW@ "GAZE_LOG_EST: 0	0	0	0	0	0	0	0	0	0	0	0	0	0	0	0	0	0	0	0	0	0	0	0	0	0	0	0	0	0	0	0	0	0	0	0	0	0	0	0	0	0	0	0	0	0	0	0	0	0	0	0	0	0	0	0	0	0	0	0	0	0	0	0	960	540	960	540	960	540	
0 0 0 0 0 0 
"
 tid_14232_time_14:5:9:990 DPETW@ "GAZE_LOG_EST: 0	0	0	0	0	0	0	0	0	0	0	0	0	0	0	0	0	0	0	0	0	0	0	0	0	0	0	0	0	0	0	0	0	0	0	0	0	0	0	0	0	0	0	0	0	0	0	0	0	0	0	0	0	0	0	0	0	0	0	0	0	0	0	0	960	540	960	540	960	540	
0 0 0 0 0 0 
"
 tid_14232_time_14:5:10:31 DPETW@ "GAZE_LOG_EST: 0	0	0	0	0	0	0	0	0	0	0	0	0	0	0	0	0	0	0	0	0	0	0	0	0	0	0	0	0	0	0	0	0	0	0	0	0	0	0	0	0	0	0	0	0	0	0	0	0	0	0	0	0	0	0	0	0	0	0	0	0	0	0	0	960	540	960	540	960	540	
0 0 0 0 0 0 
"
 tid_14232_time_14:5:10:72 DPETW@ "GAZE_LOG_EST: 0	0	0	0	0	0	0	0	0	0	0	0	0	0	0	0	0	0	0	0	0	0	0	0	0	0	0	0	0	0	0	0	0	0	0	0	0	0	0	0	0	0	0	0	0	0	0	0	0	0	0	0	0	0	0	0	0	0	0	0	0	0	0	0	960	540	960	540	960	540	
0 0 0 0 0 0 
"
 tid_14232_time_14:5:10:114 DPETW@ "GAZE_LOG_EST: 0	0	0	0	0	0	0	0	0	0	0	0	0	0	0	0	0	0	0	0	0	0	0	0	0	0	0	0	0	0	0	0	0	0	0	0	0	0	0	0	0	0	0	0	0	0	0	0	0	0	0	0	0	0	0	0	0	0	0	0	0	0	0	0	960	540	960	540	960	540	
0 0 0 0 0 0 
"
 tid_14232_time_14:5:10:156 DPETW@ "GAZE_LOG_EST: 0	0	0	0	0	0	0	0	0	0	0	0	0	0	0	0	0	0	0	0	0	0	0	0	0	0	0	0	0	0	0	0	0	0	0	0	0	0	0	0	0	0	0	0	0	0	0	0	0	0	0	0	0	0	0	0	0	0	0	0	0	0	0	0	960	540	960	540	960	540	
0 0 0 0 0 0 
"
 tid_14232_time_14:5:10:200 DPETW@ "GAZE_LOG_EST: 0	0	0	0	0	0	0	0	0	0	0	0	0	0	0	0	0	0	0	0	0	0	0	0	0	0	0	0	0	0	0	0	0	0	0	0	0	0	0	0	0	0	0	0	0	0	0	0	0	0	0	0	0	0	0	0	0	0	0	0	0	0	0	0	960	540	960	540	960	540	
0 0 0 0 0 0 
"
 tid_14232_time_14:5:10:244 DPETW@ "GAZE_LOG_EST: 0	0	0	0	0	0	0	0	0	0	0	0	0	0	0	0	0	0	0	0	0	0	0	0	0	0	0	0	0	0	0	0	0	0	0	0	0	0	0	0	0	0	0	0	0	0	0	0	0	0	0	0	0	0	0	0	0	0	0	0	0	0	0	0	960	540	960	540	960	540	
0 0 0 0 0 0 
"
 tid_14232_time_14:5:10:288 DPETW@ "GAZE_LOG_EST: 0	0	0	0	0	0	0	0	0	0	0	0	0	0	0	0	0	0	0	0	0	0	0	0	0	0	0	0	0	0	0	0	0	0	0	0	0	0	0	0	0	0	0	0	0	0	0	0	0	0	0	0	0	0	0	0	0	0	0	0	0	0	0	0	960	540	960	540	960	540	
0 0 0 0 0 0 
"
 tid_14232_time_14:5:10:332 DPETW@ "GAZE_LOG_EST: 0	0	0	0	0	0	0	0	0	0	0	0	0	0	0	0	0	0	0	0	0	0	0	0	0	0	0	0	0	0	0	0	0	0	0	0	0	0	0	0	0	0	0	0	0	0	0	0	0	0	0	0	0	0	0	0	0	0	0	0	0	0	0	0	960	540	960	540	960	540	
0 0 0 0 0 0 
"
 tid_14232_time_14:5:10:376 DPETW@ "GAZE_LOG_EST: 0	0	0	0	0	0	0	0	0	0	0	0	0	0	0	0	0	0	0	0	0	0	0	0	0	0	0	0	0	0	0	0	0	0	0	0	0	0	0	0	0	0	0	0	0	0	0	0	0	0	0	0	0	0	0	0	0	0	0	0	0	0	0	0	960	540	960	540	960	540	
0 0 0 0 0 0 
"
 tid_14232_time_14:5:10:419 DPETW@ "GAZE_LOG_EST: 0	0	0	0	0	0	0	0	0	0	0	0	0	0	0	0	0	0	0	0	0	0	0	0	0	0	0	0	0	0	0	0	0	0	0	0	0	0	0	0	0	0	0	0	0	0	0	0	0	0	0	0	0	0	0	0	0	0	0	0	0	0	0	0	960	540	960	540	960	540	
0 0 0 0 0 0 
"
 tid_14232_time_14:5:10:464 DPETW@ "GAZE_LOG_EST: 0	0	0	0	0	0	0	0	0	0	0	0	0	0	0	0	0	0	0	0	0	0	0	0	0	0	0	0	0	0	0	0	0	0	0	0	0	0	0	0	0	0	0	0	0	0	0	0	0	0	0	0	0	0	0	0	0	0	0	0	0	0	0	0	960	540	960	540	960	540	
0 0 0 0 0 0 
"
 tid_14232_time_14:5:10:507 DPETW@ "GAZE_LOG_EST: 0	0	0	0	0	0	0	0	0	0	0	0	0	0	0	0	0	0	0	0	0	0	0	0	0	0	0	0	0	0	0	0	0	0	0	0	0	0	0	0	0	0	0	0	0	0	0	0	0	0	0	0	0	0	0	0	0	0	0	0	0	0	0	0	960	540	960	540	960	540	
0 0 0 0 0 0 
"
 tid_14232_time_14:5:10:551 DPETW@ "GAZE_LOG_EST: 0	0	0	0	0	0	0	0	0	0	0	0	0	0	0	0	0	0	0	0	0	0	0	0	0	0	0	0	0	0	0	0	0	0	0	0	0	0	0	0	0	0	0	0	0	0	0	0	0	0	0	0	0	0	0	0	0	0	0	0	0	0	0	0	960	540	960	540	960	540	
0 0 0 0 0 0 
"
 tid_14232_time_14:5:10:594 DPETW@ "GAZE_LOG_EST: 0	0	0	0	0	0	0	0	0	0	0	0	0	0	0	0	0	0	0	0	0	0	0	0	0	0	0	0	0	0	0	0	0	0	0	0	0	0	0	0	0	0	0	0	0	0	0	0	0	0	0	0	0	0	0	0	0	0	0	0	0	0	0	0	960	540	960	540	960	540	
0 0 0 0 0 0 
"
 tid_14232_time_14:5:10:637 DPETW@ "GAZE_LOG_EST: 0	0	0	0	0	0	0	0	0	0	0	0	0	0	0	0	0	0	0	0	0	0	0	0	0	0	0	0	0	0	0	0	0	0	0	0	0	0	0	0	0	0	0	0	0	0	0	0	0	0	0	0	0	0	0	0	0	0	0	0	0	0	0	0	960	540	960	540	960	540	
0 0 0 0 0 0 
"
 tid_14232_time_14:5:10:680 DPETW@ "GAZE_LOG_EST: 0	0	0	0	0	0	0	0	0	0	0	0	0	0	0	0	0	0	0	0	0	0	0	0	0	0	0	0	0	0	0	0	0	0	0	0	0	0	0	0	0	0	0	0	0	0	0	0	0	0	0	0	0	0	0	0	0	0	0	0	0	0	0	0	960	540	960	540	960	540	
0 0 0 0 0 0 
"
 tid_14232_time_14:5:10:724 DPETW@ "GAZE_LOG_EST: 0	0	0	0	0	0	0	0	0	0	0	0	0	0	0	0	0	0	0	0	0	0	0	0	0	0	0	0	0	0	0	0	0	0	0	0	0	0	0	0	0	0	0	0	0	0	0	0	0	0	0	0	0	0	0	0	0	0	0	0	0	0	0	0	960	540	960	540	960	540	
0 0 0 0 0 0 
"
 tid_14232_time_14:5:10:767 DPETW@ "GAZE_LOG_EST: 0	0	0	0	0	0	0	0	0	0	0	0	0	0	0	0	0	0	0	0	0	0	0	0	0	0	0	0	0	0	0	0	0	0	0	0	0	0	0	0	0	0	0	0	0	0	0	0	0	0	0	0	0	0	0	0	0	0	0	0	0	0	0	0	960	540	960	540	960	540	
0 0 0 0 0 0 
"
 tid_14232_time_14:5:10:809 DPETW@ "GAZE_LOG_EST: 0	0	0	0	0	0	0	0	0	0	0	0	0	0	0	0	0	0	0	0	0	0	0	0	0	0	0	0	0	0	0	0	0	0	0	0	0	0	0	0	0	0	0	0	0	0	0	0	0	0	0	0	0	0	0	0	0	0	0	0	0	0	0	0	960	540	960	540	960	540	
0 0 0 0 0 0 
"
 tid_14232_time_14:5:10:851 DPETW@ "GAZE_LOG_EST: 0	0	0	0	0	0	0	0	0	0	0	0	0	0	0	0	0	0	0	0	0	0	0	0	0	0	0	0	0	0	0	0	0	0	0	0	0	0	0	0	0	0	0	0	0	0	0	0	0	0	0	0	0	0	0	0	0	0	0	0	0	0	0	0	960	540	960	540	960	540	
0 0 0 0 0 0 
"
 tid_14232_time_14:5:10:894 DPETW@ "GAZE_LOG_EST: 0	0	0	0	0	0	0	0	0	0	0	0	0	0	0	0	0	0	0	0	0	0	0	0	0	0	0	0	0	0	0	0	0	0	0	0	0	0	0	0	0	0	0	0	0	0	0	0	0	0	0	0	0	0	0	0	0	0	0	0	0	0	0	0	960	540	960	540	960	540	
0 0 0 0 0 0 
"
 tid_14232_time_14:5:10:937 DPETW@ "GAZE_LOG_EST: 0	0	0	0	0	0	0	0	0	0	0	0	0	0	0	0	0	0	0	0	0	0	0	0	0	0	0	0	0	0	0	0	0	0	0	0	0	0	0	0	0	0	0	0	0	0	0	0	0	0	0	0	0	0	0	0	0	0	0	0	0	0	0	0	960	540	960	540	960	540	
0 0 0 0 0 0 
"
 tid_14232_time_14:5:10:980 DPETW@ "GAZE_LOG_EST: 0	0	0	0	0	0	0	0	0	0	0	0	0	0	0	0	0	0	0	0	0	0	0	0	0	0	0	0	0	0	0	0	0	0	0	0	0	0	0	0	0	0	0	0	0	0	0	0	0	0	0	0	0	0	0	0	0	0	0	0	0	0	0	0	960	540	960	540	960	540	
0 0 0 0 0 0 
"
 tid_14232_time_14:5:11:23 DPETW@ "GAZE_LOG_EST: 0	0	0	0	0	0	0	0	0	0	0	0	0	0	0	0	0	0	0	0	0	0	0	0	0	0	0	0	0	0	0	0	0	0	0	0	0	0	0	0	0	0	0	0	0	0	0	0	0	0	0	0	0	0	0	0	0	0	0	0	0	0	0	0	960	540	960	540	960	540	
0 0 0 0 0 0 
"
 tid_14232_time_14:5:11:66 DPETW@ "GAZE_LOG_EST: 0	0	0	0	0	0	0	0	0	0	0	0	0	0	0	0	0	0	0	0	0	0	0	0	0	0	0	0	0	0	0	0	0	0	0	0	0	0	0	0	0	0	0	0	0	0	0	0	0	0	0	0	0	0	0	0	0	0	0	0	0	0	0	0	960	540	960	540	960	540	
0 0 0 0 0 0 
"
 tid_14232_time_14:5:11:109 DPETW@ "GAZE_LOG_EST: 0	0	0	0	0	0	0	0	0	0	0	0	0	0	0	0	0	0	0	0	0	0	0	0	0	0	0	0	0	0	0	0	0	0	0	0	0	0	0	0	0	0	0	0	0	0	0	0	0	0	0	0	0	0	0	0	0	0	0	0	0	0	0	0	960	540	960	540	960	540	
0 0 0 0 0 0 
"
 tid_14232_time_14:5:11:152 DPETW@ "GAZE_LOG_EST: 0	0	0	0	0	0	0	0	0	0	0	0	0	0	0	0	0	0	0	0	0	0	0	0	0	0	0	0	0	0	0	0	0	0	0	0	0	0	0	0	0	0	0	0	0	0	0	0	0	0	0	0	0	0	0	0	0	0	0	0	0	0	0	0	960	540	960	540	960	540	
0 0 0 0 0 0 
"
 tid_14232_time_14:5:11:195 DPETW@ "GAZE_LOG_EST: 0	0	0	0	0	0	0	0	0	0	0	0	0	0	0	0	0	0	0	0	0	0	0	0	0	0	0	0	0	0	0	0	0	0	0	0	0	0	0	0	0	0	0	0	0	0	0	0	0	0	0	0	0	0	0	0	0	0	0	0	0	0	0	0	960	540	960	540	960	540	
0 0 0 0 0 0 
"
 tid_14232_time_14:5:11:237 DPETW@ "GAZE_LOG_EST: 0	0	0	0	0	0	0	0	0	0	0	0	0	0	0	0	0	0	0	0	0	0	0	0	0	0	0	0	0	0	0	0	0	0	0	0	0	0	0	0	0	0	0	0	0	0	0	0	0	0	0	0	0	0	0	0	0	0	0	0	0	0	0	0	960	540	960	540	960	540	
0 0 0 0 0 0 
"
 tid_14232_time_14:5:11:278 DPETW@ "GAZE_LOG_EST: 0	0	0	0	0	0	0	0	0	0	0	0	0	0	0	0	0	0	0	0	0	0	0	0	0	0	0	0	0	0	0	0	0	0	0	0	0	0	0	0	0	0	0	0	0	0	0	0	0	0	0	0	0	0	0	0	0	0	0	0	0	0	0	0	960	540	960	540	960	540	
0 0 0 0 0 0 
"
 tid_14232_time_14:5:11:321 DPETW@ "GAZE_LOG_EST: 0	0	0	0	0	0	0	0	0	0	0	0	0	0	0	0	0	0	0	0	0	0	0	0	0	0	0	0	0	0	0	0	0	0	0	0	0	0	0	0	0	0	0	0	0	0	0	0	0	0	0	0	0	0	0	0	0	0	0	0	0	0	0	0	960	540	960	540	960	540	
0 0 0 0 0 0 
"
 tid_14232_time_14:5:11:363 DPETW@ "GAZE_LOG_EST: 0	0	0	0	0	0	0	0	0	0	0	0	0	0	0	0	0	0	0	0	0	0	0	0	0	0	0	0	0	0	0	0	0	0	0	0	0	0	0	0	0	0	0	0	0	0	0	0	0	0	0	0	0	0	0	0	0	0	0	0	0	0	0	0	960	540	960	540	960	540	
0 0 0 0 0 0 
"
 tid_14232_time_14:5:11:405 DPETW@ "GAZE_LOG_EST: 0	0	0	0	0	0	0	0	0	0	0	0	0	0	0	0	0	0	0	0	0	0	0	0	0	0	0	0	0	0	0	0	0	0	0	0	0	0	0	0	0	0	0	0	0	0	0	0	0	0	0	0	0	0	0	0	0	0	0	0	0	0	0	0	960	540	960	540	960	540	
0 0 0 0 0 0 
"
 tid_14232_time_14:5:11:447 DPETW@ "GAZE_LOG_EST: 0	0	0	0	0	0	0	0	0	0	0	0	0	0	0	0	0	0	0	0	0	0	0	0	0	0	0	0	0	0	0	0	0	0	0	0	0	0	0	0	0	0	0	0	0	0	0	0	0	0	0	0	0	0	0	0	0	0	0	0	0	0	0	0	960	540	960	540	960	540	
0 0 0 0 0 0 
"
 tid_14232_time_14:5:11:488 DPETW@ "GAZE_LOG_EST: 0	0	0	0	0	0	0	0	0	0	0	0	0	0	0	0	0	0	0	0	0	0	0	0	0	0	0	0	0	0	0	0	0	0	0	0	0	0	0	0	0	0	0	0	0	0	0	0	0	0	0	0	0	0	0	0	0	0	0	0	0	0	0	0	960	540	960	540	960	540	
0 0 0 0 0 0 
"
 tid_14232_time_14:5:11:530 DPETW@ "GAZE_LOG_EST: 0	0	0	0	0	0	0	0	0	0	0	0	0	0	0	0	0	0	0	0	0	0	0	0	0	0	0	0	0	0	0	0	0	0	0	0	0	0	0	0	0	0	0	0	0	0	0	0	0	0	0	0	0	0	0	0	0	0	0	0	0	0	0	0	960	540	960	540	960	540	
0 0 0 0 0 0 
"
 tid_14232_time_14:5:11:571 DPETW@ "GAZE_LOG_EST: 0	0	0	0	0	0	0	0	0	0	0	0	0	0	0	0	0	0	0	0	0	0	0	0	0	0	0	0	0	0	0	0	0	0	0	0	0	0	0	0	0	0	0	0	0	0	0	0	0	0	0	0	0	0	0	0	0	0	0	0	0	0	0	0	960	540	960	540	960	540	
0 0 0 0 0 0 
"