
 tid_9328_time_14:50:55:204 DPETW@ "GAZE_LOG_CALI: 689.739	542.665	690.941	547.62	945.074	519.713	945.283	525.034	361.863	533.703	363.748	538.691	614.513	512.931	615.641	518.143	
76.8494	23.2293	331.436	0.642817	-311.96	33.9719	-59.8929	13.4058	75.6464	18.2739	331.227	-4.6829	-313.847	28.9816	-61.0217	8.19362	19.4196	5.11059	-644.914	83.6333	-0.100512	-644.209	19.3486	5.173	-652.714	84.3432	-0.101735	-651.976	19.1986	3.86389	-647.691	83.8899	-1.44206	-646.595	-0.0289028	-0.252115	0.967266	-0.0814639	-0.240882	0.96713	-0.0289028	0.00682232	0.999559	-0.0814639	0.0176373	0.99652	-0.0289028	0.00682232	0.999559	-0.0814639	0.0176373	0.99652	-1.65628	0.390893	-4.67344	1.0106	-1.65628	0.390893	-4.67344	1.0106	123.392	97.5529	155.601	99.3947	688.379	544.228	868.065	554.503	778.222	549.366	1	0	0
"
 tid_9328_time_14:50:55:227 DPETW@ "GAZE_LOG_CALI: 689.819	542.723	691.082	547.661	945.061	519.745	945.272	525.064	362.249	533.632	364.233	538.691	614.826	512.951	615.849	518.2	
76.9896	23.2706	331.425	0.672319	-311.474	33.9727	-59.6849	13.4627	75.7268	18.3315	331.213	-4.6504	-313.461	28.9103	-60.7085	8.21376	19.4729	5.1212	-645.485	83.6778	-0.0892179	-644.574	19.4027	5.18368	-653.284	84.3878	-0.0903036	-652.342	19.2344	3.86574	-648.197	83.9564	-1.43599	-647.129	-0.0319985	-0.250641	0.967551	-0.0798756	-0.249139	0.965168	-0.0319985	0.00832012	0.999453	-0.0798756	0.00915372	0.996763	-0.0319985	0.00832012	0.999453	-0.0798756	0.00915372	0.996763	-1.83376	0.476713	-4.58161	0.524477	-1.83376	0.476713	-4.58161	0.524477	121.494	98.3555	156.62	94.0203	677.792	548.706	873.751	524.521	775.771	536.613	1	0	0
"
 tid_9328_time_14:50:55:250 DPETW@ "GAZE_LOG_CALI: 689.795	542.606	691.037	547.615	945.014	519.682	945.189	525	362.23	533.592	364.184	538.62	614.727	512.923	615.806	518.112	
76.9448	23.2239	331.342	0.608367	-311.523	33.9008	-59.7287	13.3745	75.7029	18.2153	331.167	-4.71399	-313.479	28.8702	-60.8072	8.18544	19.4614	5.10601	-645.476	83.6652	-0.108534	-644.636	19.391	5.16831	-653.276	84.375	-0.109854	-652.404	19.2284	3.84593	-648.209	83.9335	-1.44762	-647.045	-0.0310347	-0.252436	0.967116	-0.0796755	-0.241442	0.967139	-0.0310347	0.006474	0.999497	-0.0796755	0.0170985	0.996674	-0.0310347	0.006474	0.999497	-0.0796755	0.0170985	0.996674	-1.77848	0.370936	-4.57059	0.979722	-1.77848	0.370936	-4.57059	0.979722	122.086	97.1894	156.723	98.9454	681.093	542.2	874.326	551.997	777.709	547.098	1	0	0
"
 tid_9328_time_14:50:55:272 DPETW@ "GAZE_LOG_CALI: 689.725	542.561	690.975	547.51	944.891	519.595	945.118	524.904	362.139	533.478	364.152	538.512	614.738	512.828	615.728	518.059	
76.8834	23.1189	331.271	0.512653	-311.555	33.793	-59.8064	13.3213	75.6329	18.1694	331.043	-4.80078	-313.571	28.7565	-60.7967	8.09022	19.4472	5.07944	-645.53	83.6457	-0.12747	-644.624	19.3767	5.14141	-653.33	84.3553	-0.129021	-652.391	19.2099	3.8252	-648.168	83.9312	-1.47117	-647.27	-0.0312919	-0.246978	0.968516	-0.079857	-0.252685	0.964248	-0.0312919	0.0121074	0.999437	-0.079857	0.00549115	0.996791	-0.0312919	0.0121074	0.999437	-0.079857	0.00549115	0.996791	-1.79332	0.693719	-4.58041	0.314621	-1.79332	0.693719	-4.58041	0.314621	121.908	100.669	156.597	91.6845	680.102	561.613	873.625	511.49	776.864	536.551	1	0	0
"
 tid_9328_time_14:50:55:295 DPETW@ "GAZE_LOG_CALI: 689.637	542.424	690.853	547.425	944.811	519.556	945.043	524.788	362.097	533.423	364.049	538.419	614.654	512.771	615.704	518.015	
76.7606	23.034	331.196	0.395805	-311.658	33.7	-59.8301	13.2772	75.5449	18.0326	330.963	-4.83957	-313.613	28.7013	-60.8803	8.03303	19.4169	5.05706	-645.568	83.6379	-0.147838	-644.71	19.346	5.11875	-653.368	84.3473	-0.149636	-652.478	19.1893	3.80128	-648.254	83.9099	-1.48346	-647.262	-0.0296489	-0.249374	0.967953	-0.0809719	-0.246926	0.965645	-0.0296489	0.00964835	0.999514	-0.0809719	0.0114151	0.996651	-0.0296489	0.00964835	0.999514	-0.0809719	0.0114151	0.996651	-1.69908	0.552818	-4.64473	0.654049	-1.69908	0.552818	-4.64473	0.654049	122.904	99.1011	155.88	95.3412	685.66	552.865	869.623	531.889	777.641	542.377	1	0	0
"
 tid_9328_time_14:50:55:319 DPETW@ "GAZE_LOG_CALI: 689.539	542.269	690.796	547.319	944.661	519.451	944.979	524.703	362.001	533.329	363.88	538.265	614.625	512.635	615.583	517.925	
76.7038	22.9281	331.132	0.311574	-311.827	33.5461	-59.9517	13.1874	75.4466	17.878	330.813	-4.94444	-313.709	28.6072	-60.9091	7.89722	19.3974	5.02227	-645.371	83.6095	-0.170037	-644.617	19.3262	5.08356	-653.171	84.3186	-0.172106	-652.385	19.1649	3.76949	-648.249	83.8978	-1.51449	-647.46	-0.0316435	-0.257836	0.96567	-0.0821652	-0.262081	0.961542	-0.0316435	0.000883132	0.999499	-0.0821652	-0.00428551	0.99661	-0.0316435	0.000883132	0.999499	-0.0821652	-0.00428551	0.99661	-1.81334	0.0505998	-4.71307	-0.245543	-1.81334	0.0505998	-4.71307	-0.245543	121.645	93.6423	155.112	85.5426	678.632	522.412	865.34	477.225	771.986	499.818	1	0	0
"
 tid_9328_time_14:50:55:341 DPETW@ "GAZE_LOG_CALI: 689.328	542.242	690.603	547.262	944.533	519.436	944.861	524.68	361.78	533.245	363.68	538.203	614.373	512.536	615.388	517.898	
76.5112	22.8714	331.013	0.287753	-312.028	33.4842	-60.146	13.1608	75.2361	17.851	330.685	-4.96001	-313.931	28.5233	-61.1618	7.79835	19.3481	5.00694	-645.36	83.563	-0.176645	-644.49	19.2763	5.06803	-653.159	84.2718	-0.178795	-652.258	19.1105	3.75503	-648.237	83.8384	-1.52896	-647.25	-0.0325395	-0.257613	0.9657	-0.0832754	-0.259439	0.962162	-0.0325395	0.00110641	0.99947	-0.0832754	-0.00157323	0.996525	-0.0325395	0.00110641	0.99947	-0.0832754	-0.00157323	0.996525	-1.86471	0.0633927	-4.77687	-0.0901398	-1.86471	0.0633927	-4.77687	-0.0901398	121.035	93.7698	154.378	87.2622	675.231	523.123	861.246	486.819	768.238	504.971	1	0	0
"
 tid_9328_time_14:50:55:364 DPETW@ "GAZE_LOG_CALI: 689.09	542.266	690.403	547.246	944.326	519.359	944.72	524.616	361.598	533.299	363.514	538.223	614.254	512.513	615.104	517.807	
76.311	22.8547	330.872	0.223678	-312.194	33.5039	-60.4303	13.0692	74.9972	17.8751	330.478	-5.03703	-314.113	28.5776	-61.2802	7.77558	19.2989	5.00763	-645.418	83.4962	-0.196713	-644.246	19.2265	5.06874	-653.217	84.2044	-0.199108	-652.014	19.0525	3.76541	-648.328	83.805	-1.54205	-647.403	-0.0343766	-0.257412	0.96569	-0.0828668	-0.278631	0.956816	-0.0343766	0.00129846	0.999408	-0.0828668	-0.0214948	0.996329	-0.0343766	0.00129846	0.999408	-0.0828668	-0.0214948	0.996329	-1.97003	0.0743962	-4.75447	-1.23166	-1.97003	0.0743962	-4.75447	-1.23166	119.835	93.8754	154.576	74.8748	668.535	523.712	862.347	417.711	765.441	470.712	1	0	0
"
 tid_9328_time_14:50:55:387 DPETW@ "GAZE_LOG_CALI: 689.006	542.28	690.331	547.272	944.312	519.314	944.601	524.623	361.469	533.263	363.431	538.279	614.105	512.471	615.023	517.777	
76.2385	22.8812	330.753	0.231375	-312.277	33.5604	-60.5116	13.0397	74.9138	17.8886	330.463	-5.08144	-314.242	28.5416	-61.4294	7.73377	19.2801	5.01792	-645.397	83.474	-0.199562	-644.305	19.2075	5.07915	-653.197	84.1819	-0.201992	-652.073	19.0293	3.76187	-648.247	83.7724	-1.55274	-647.178	-0.0347642	-0.257031	0.965778	-0.0803892	-0.265156	0.960849	-0.0347642	0.00168857	0.999394	-0.0803892	-0.00743502	0.996736	-0.0347642	0.00168857	0.999394	-0.0803892	-0.00743502	0.996736	-1.99224	0.096748	-4.61107	-0.425999	-1.99224	0.096748	-4.61107	-0.425999	119.574	94.1345	156.115	83.6316	667.079	525.157	870.936	466.564	769.008	495.861	1	0	0
"
 tid_9328_time_14:50:55:410 DPETW@ "GAZE_LOG_CALI: 687.928	542.463	689.645	547.413	943.091	519.469	943.821	524.649	360.46	533.498	362.758	538.406	612.84	512.684	614.26	517.816	
75.553	23.0218	329.972	0.257516	-312.951	33.6875	-61.2743	13.0782	73.8351	18.072	329.24	-4.92645	-315.253	28.7765	-62.694	7.94655	19.1071	5.05124	-645.404	83.2798	-0.192152	-644.332	19.0324	5.11287	-653.204	83.9853	-0.194491	-652.1	18.7581	3.81478	-648.346	83.4513	-1.50708	-647.096	-0.0544835	-0.257782	0.964666	-0.102685	-0.252421	0.962153	-0.0544835	0.000675261	0.998514	-0.102685	0.00520346	0.9947	-0.0544835	0.000675261	0.998514	-0.102685	0.00520346	0.9947	-3.12322	0.0386896	-5.89388	0.298137	-3.12322	0.0386896	-5.89388	0.298137	107.052	93.5327	141.877	91.5225	597.219	521.8	791.502	510.586	694.361	516.193	1	0	0
"
 tid_9328_time_14:50:55:432 DPETW@ "GAZE_LOG_CALI: 686.339	542.549	688.919	547.44	940.836	519.527	942.695	524.668	359.076	533.629	362.216	538.427	610.765	512.795	613.167	517.857	
74.8268	23.049	328.844	0.276511	-313.494	33.7085	-62.367	13.1198	72.2466	18.1579	326.981	-4.86814	-316.638	28.9083	-64.7696	8.0579	18.9321	5.05932	-645.707	83.0011	-0.185573	-644.381	18.8553	5.12102	-653.506	83.7031	-0.187832	-652.15	18.3636	3.84315	-648.665	82.914	-1.48811	-647.37	-0.0977278	-0.253998	0.962255	-0.157331	-0.259221	0.952917	-0.0977278	0.00370646	0.995206	-0.157331	-0.00375549	0.987539	-0.0977278	0.00370646	0.995206	-0.157331	-0.00375549	0.987539	-5.60838	0.212365	-9.05208	-0.215175	-5.60838	0.212365	-9.05208	-0.215175	79.6079	95.3661	106.714	85.8985	444.117	532.028	595.335	479.211	511.613	495.035	1	0	0
"
 tid_9328_time_14:50:55:455 DPETW@ "GAZE_LOG_CALI: 686.222	542.574	688.921	547.451	940.984	519.624	942.904	524.735	358.982	533.656	362.222	538.427	610.903	512.843	613.451	517.934	
74.8285	23.0604	329.052	0.343089	-313.489	33.7089	-62.0838	13.1964	72.1295	18.1829	327.129	-4.77182	-316.733	28.9347	-64.6318	8.10551	18.9331	5.06078	-645.704	83.0698	-0.167117	-644.504	18.8563	5.12251	-653.504	83.7725	-0.169151	-652.272	18.3348	3.84985	-648.701	82.9494	-1.46964	-647.352	-0.104373	-0.254744	0.961359	-0.159668	-0.252246	0.954399	-0.104373	0.0027546	0.994534	-0.159668	0.00336573	0.987165	-0.104373	0.0027546	0.994534	-0.159668	0.00336573	0.987165	-5.99109	0.157827	-9.18767	0.192842	-5.99109	0.157827	-9.18767	0.192842	75.3945	94.7721	105.254	90.3702	420.611	528.714	587.19	504.158	495.348	505.868	1	0	0
"
 tid_9328_time_14:50:55:477 DPETW@ "GAZE_LOG_CALI: 686.397	542.487	689.067	547.381	941.346	519.594	943.091	524.749	359.131	533.575	362.375	538.316	611.127	512.896	613.596	517.886	
74.9748	22.9903	329.239	0.357505	-313.335	33.5974	-61.9381	13.1485	72.3047	18.0961	327.492	-4.80115	-316.583	28.854	-64.4071	8.1583	18.9702	5.03805	-645.725	83.1085	-0.171262	-644.437	18.8939	5.09949	-653.525	83.8118	-0.173346	-652.206	18.3782	3.8284	-648.662	83.0125	-1.46598	-647.128	-0.102067	-0.251573	0.962441	-0.150792	-0.243876	0.958012	-0.102067	0.00609687	0.994759	-0.150792	0.0123853	0.988488	-0.102067	0.00609687	0.994759	-0.150792	0.0123853	0.988488	-5.85834	0.349327	-8.67351	0.709644	-5.85834	0.349327	-8.67351	0.709644	76.8932	96.8424	111.022	96.0549	428.972	540.264	619.371	535.871	519.221	531.911	1	0	0
"
 tid_9328_time_14:50:55:500 DPETW@ "GAZE_LOG_CALI: 686.582	542.424	689.25	547.321	941.489	519.66	943.313	524.781	359.301	533.587	362.534	538.301	611.43	512.867	613.886	517.891	
75.1575	22.93	329.463	0.38945	-313.176	33.5824	-61.6488	13.1533	72.4894	18.0333	327.635	-4.73524	-316.413	28.8655	-64.1047	8.12992	19.0153	5.0284	-645.691	83.1792	-0.166297	-644.547	18.9395	5.08972	-653.49	83.8833	-0.168321	-652.315	18.4245	3.82192	-648.64	83.0831	-1.46142	-647.395	-0.102186	-0.251543	0.962437	-0.155389	-0.251108	0.955405	-0.102186	0.00612515	0.994746	-0.155389	0.00472526	0.987842	-0.102186	0.00612515	0.994746	-0.155389	0.00472526	0.987842	-5.86517	0.350948	-8.93946	0.270739	-5.86517	0.350948	-8.93946	0.270739	76.8673	96.8594	108.121	91.2146	428.827	540.359	603.185	508.868	509.23	516.138	1	0	0
"
 tid_9328_time_14:50:55:522 DPETW@ "GAZE_LOG_CALI: 686.921	542.487	689.496	547.29	941.768	519.695	943.672	524.783	359.522	533.615	362.688	538.251	611.674	512.888	614.163	517.969	
75.4034	22.8996	329.822	0.390855	-313.022	33.5322	-61.3715	13.2312	72.8281	18.0962	327.914	-4.70001	-316.192	28.8942	-63.8601	8.15042	19.0735	5.017	-645.533	83.253	-0.155954	-644.418	18.9983	5.07821	-653.332	83.9581	-0.157852	-652.186	18.5049	3.83261	-648.451	83.1467	-1.45398	-647.338	-0.097477	-0.246074	0.964337	-0.159604	-0.254969	0.953686	-0.097477	0.0118991	0.995167	-0.159604	0.000550658	0.987181	-0.097477	0.0118991	0.995167	-0.159604	0.000550658	0.987181	-5.5943	0.681783	-9.18392	0.0315504	-5.5943	0.681783	-9.18392	0.0315504	79.9235	100.509	105.494	88.6297	445.877	560.72	588.531	494.448	510.786	519.577	1	0	0
"
 tid_9328_time_14:50:55:544 DPETW@ "GAZE_LOG_CALI: 686.999	542.384	689.62	547.267	941.97	519.683	943.828	524.781	359.715	533.435	362.823	538.189	611.914	512.893	614.412	517.975	
75.5276	22.8759	329.978	0.389695	-312.886	33.4703	-61.1223	13.238	72.9066	17.9928	328.117	-4.71259	-315.998	28.7137	-63.6207	8.15567	19.1057	5.00641	-645.551	83.3123	-0.154949	-644.569	19.0309	5.06749	-653.35	84.018	-0.156835	-652.337	18.5305	3.79782	-648.644	83.2063	-1.45477	-647.402	-0.102134	-0.259132	0.960427	-0.157092	-0.251198	0.955103	-0.102134	-0.00172594	0.994769	-0.157092	0.00456019	0.987574	-0.102134	-0.00172594	0.994769	-0.157092	0.00456019	0.987573	-5.8621	-0.0988892	-9.03824	0.26128	-5.8621	-0.0988892	-9.03824	0.26128	77.007	91.9456	107.153	91.1171	429.607	512.946	597.783	508.324	505.501	500.182	1	0	0
"
 tid_9328_time_14:50:55:567 DPETW@ "GAZE_LOG_CALI: 687.13	542.391	689.764	547.296	942.133	519.715	943.918	524.838	359.919	533.522	363.049	538.189	612.11	512.973	614.555	517.995	
75.6716	22.9054	330.068	0.446562	-312.66	33.47	-60.9793	13.258	73.0376	18.0002	328.28	-4.68065	-315.794	28.8005	-63.4248	8.23514	19.1459	5.01153	-645.695	83.3468	-0.145063	-644.662	19.0717	5.07265	-653.494	84.0528	-0.146828	-652.43	18.5674	3.81084	-648.766	83.2547	-1.44046	-647.455	-0.102524	-0.256494	0.961093	-0.153414	-0.248671	0.956361	-0.102524	0.000994533	0.99473	-0.153414	0.00732625	0.988135	-0.102524	0.000994533	0.99473	-0.153414	0.00732625	0.988135	-5.88454	0.0569826	-8.82508	0.419767	-5.88454	0.0569826	-8.82508	0.419767	76.7862	93.621	109.544	92.8428	428.375	522.293	611.126	517.951	512.9	511.411	1	0	0
"
 tid_9328_time_14:50:55:589 DPETW@ "GAZE_LOG_CALI: 687.302	542.46	689.867	547.329	942.25	519.806	944.006	524.908	360.039	533.486	363.229	538.222	612.23	513.041	614.64	518.038	
75.7746	22.9382	330.157	0.51656	-312.479	33.5035	-60.8946	13.3009	73.2098	18.0691	328.398	-4.58964	-315.674	28.7651	-63.3044	8.30368	19.1757	5.02124	-645.83	83.3681	-0.130685	-644.649	19.1019	5.08247	-653.629	84.0743	-0.132275	-652.417	18.6087	3.81466	-648.682	83.2853	-1.42006	-647.463	-0.0961138	-0.247076	0.964218	-0.15233	-0.248643	0.956542	-0.0961138	0.0109006	0.995311	-0.15233	0.00740094	0.988302	-0.0961138	0.0109006	0.995311	-0.15233	0.00740095	0.988302	-5.51576	0.624572	-8.76224	0.424047	-5.51576	0.624572	-8.76224	0.424047	80.8631	99.8121	110.266	92.9064	451.119	556.832	615.151	518.307	528.84	532.111	1	0	0
"
 tid_9328_time_14:50:55:611 DPETW@ "GAZE_LOG_CALI: 687.277	542.477	689.903	547.324	942.34	519.797	944.053	524.871	360.065	533.443	363.285	538.236	612.298	513.047	614.782	518.096	
75.8109	22.9328	330.204	0.478996	-312.423	33.5176	-60.7524	13.359	73.1844	18.0855	328.488	-4.59795	-315.648	28.7217	-63.2369	8.31003	19.186	5.02266	-645.861	83.4006	-0.12784	-644.812	19.1123	5.0839	-653.661	84.107	-0.129395	-652.579	18.6049	3.81173	-648.764	83.3035	-1.42017	-647.427	-0.0997794	-0.250187	0.963042	-0.149566	-0.240251	0.959119	-0.0997794	0.00759123	0.994981	-0.149566	0.0161736	0.988619	-0.0997794	0.00759123	0.994981	-0.149566	0.0161736	0.988619	-5.72663	0.43495	-8.60293	0.926719	-5.72663	0.43495	-8.60293	0.926719	78.5493	97.7303	112.045	98.3887	438.211	545.218	625.077	548.891	528.029	542.557	1	0	0
"
 tid_9328_time_14:50:55:635 DPETW@ "GAZE_LOG_CALI: 687.451	542.563	690.034	547.372	942.483	519.852	944.138	524.937	360.248	533.606	363.405	538.281	612.485	513.114	614.924	518.091	
75.9415	22.9814	330.288	0.545818	-312.304	33.5618	-60.6107	13.3536	73.3588	18.1714	328.631	-4.54341	-315.465	28.8848	-63.0494	8.37638	19.2186	5.03441	-645.841	83.4346	-0.119919	-644.911	19.1452	5.0958	-653.641	84.1413	-0.121378	-652.679	18.6494	3.84385	-648.783	83.3496	-1.40472	-647.506	-0.098372	-0.248376	0.963656	-0.146936	-0.238167	0.960045	-0.098372	0.00950006	0.995104	-0.146936	0.0184259	0.988974	-0.098372	0.00950006	0.995104	-0.146936	0.0184259	0.988974	-5.64569	0.544321	-8.45085	1.05578	-5.64569	0.544321	-8.45085	1.05578	79.4751	98.9444	113.754	99.786	443.376	551.991	634.608	556.686	536.521	551.254	1	0	0
"
 tid_9328_time_14:50:55:657 DPETW@ "GAZE_LOG_CALI: 687.499	542.518	690.174	547.437	942.644	519.883	944.334	525.059	360.311	533.621	363.569	538.35	612.585	513.179	615.067	518.165	
76.0815	23.0464	330.486	0.667003	-312.139	33.6315	-60.4676	13.4281	73.4067	18.1265	328.792	-4.51275	-315.402	28.9002	-62.9492	8.44144	19.2549	5.05207	-645.889	83.4727	-0.0950214	-644.817	19.1821	5.11367	-653.688	84.18	-0.0961772	-652.585	18.6621	3.84035	-648.811	83.3773	-1.39224	-647.402	-0.102609	-0.25129	0.962458	-0.148543	-0.239868	0.959374	-0.102609	0.00637473	0.994701	-0.148543	0.0166096	0.988766	-0.102609	0.00637473	0.994701	-0.148543	0.0166096	0.988766	-5.88956	0.365248	-8.5437	0.951703	-5.88956	0.365248	-8.5437	0.951703	76.8208	96.9894	112.774	98.6924	428.568	541.085	629.142	550.585	524.926	540.967	1	0	0
"
 tid_9328_time_14:50:55:680 DPETW@ "GAZE_LOG_CALI: 687.629	542.625	690.243	547.422	942.625	519.975	944.451	525.132	360.45	533.62	363.624	538.374	612.705	513.189	615.165	518.232	
76.1505	23.0314	330.602	0.740789	-312.084	33.6554	-60.3695	13.4948	73.5361	18.234	328.773	-4.42003	-315.262	28.899	-62.8291	8.45139	19.2721	5.05304	-645.861	83.498	-0.0771198	-644.783	19.1994	5.11465	-653.661	84.2057	-0.078058	-652.551	18.696	3.85406	-648.82	83.4026	-1.37948	-647.637	-0.100132	-0.250773	0.962853	-0.156047	-0.252886	0.954829	-0.100132	0.00697622	0.99495	-0.156047	0.00285921	0.987745	-0.100132	0.00697622	0.99495	-0.156047	0.00285921	0.987745	-5.74694	0.399711	-8.97757	0.163821	-5.74694	0.399711	-8.97757	0.163821	78.412	97.374	107.98	90.0666	437.445	543.23	602.397	502.464	513.32	514.491	1	0	0
"
 tid_9328_time_14:50:55:703 DPETW@ "GAZE_LOG_CALI: 687.75	542.668	690.29	547.417	942.719	519.978	944.517	525.142	360.52	533.629	363.668	538.357	612.801	513.212	615.243	518.192	
76.1975	23.0266	330.669	0.75044	-312.04	33.638	-60.2912	13.4542	73.6578	18.2767	328.868	-4.4171	-315.192	28.9079	-62.7332	8.4744	19.2839	5.0502	-645.855	83.5177	-0.0809834	-644.808	19.2113	5.11178	-653.654	84.2255	-0.0819685	-652.576	18.7246	3.86013	-648.734	83.4264	-1.37606	-647.631	-0.095426	-0.245398	0.964714	-0.154479	-0.25016	0.955801	-0.095426	0.0126503	0.995356	-0.154479	0.00574328	0.987979	-0.095426	0.0126503	0.995356	-0.154479	0.00574328	0.987979	-5.47628	0.72483	-8.88673	0.329068	-5.47628	0.72483	-8.88673	0.329068	81.404	100.932	109.007	91.8727	454.136	563.08	608.128	512.539	526.704	532.211	1	0	0
"
 tid_9328_time_14:50:55:725 DPETW@ "GAZE_LOG_CALI: 687.685	542.601	690.256	547.401	942.666	519.949	944.495	525.088	360.501	533.652	363.633	538.349	612.784	513.205	615.208	518.192	
76.1644	23.0096	330.646	0.696444	-312.076	33.6304	-60.3259	13.4549	73.5927	18.2095	328.815	-4.44635	-315.211	28.931	-62.7503	8.46738	19.2753	5.04705	-645.853	83.5098	-0.0877494	-644.794	19.2026	5.10859	-653.652	84.2175	-0.0888169	-652.562	18.7099	3.85508	-648.818	83.4207	-1.38078	-647.692	-0.0981854	-0.249774	0.963313	-0.156208	-0.253276	0.954699	-0.0981854	0.00806065	0.995135	-0.156208	0.00244798	0.987721	-0.0981854	0.00806065	0.995136	-0.156208	0.00244798	0.987721	-5.63487	0.461846	-8.98691	0.140259	-5.63487	0.461846	-8.98691	0.140259	79.6501	98.0502	107.886	89.7944	444.352	547.003	601.876	500.945	516.874	516.032	1	0	0
"
 tid_9328_time_14:50:55:748 DPETW@ "GAZE_LOG_CALI: 687.544	542.596	690.122	547.374	942.528	519.941	944.345	525.013	360.391	533.632	363.582	538.33	612.682	513.139	615.136	518.188	
76.0295	22.9827	330.497	0.621925	-312.126	33.6115	-60.3979	13.4508	73.4509	18.2048	328.676	-4.45472	-315.322	28.9106	-62.852	8.40146	19.2449	5.04241	-646.002	83.4882	-0.0977231	-644.916	19.1719	5.10388	-653.801	84.1955	-0.0989116	-652.684	18.6752	3.85209	-648.87	83.3932	-1.39047	-647.75	-0.0971677	-0.244897	0.964668	-0.1554	-0.250169	0.95565	-0.0971677	0.0131221	0.995181	-0.1554	0.00569563	0.987835	-0.0971677	0.0131221	0.995182	-0.1554	0.00569563	0.987835	-5.57658	0.751862	-8.94015	0.326337	-5.57658	0.751862	-8.94015	0.326337	80.2471	101.186	108.367	91.7994	447.682	564.495	604.556	512.13	521.343	532.35	1	0	0
"
 tid_9328_time_14:50:55:770 DPETW@ "GAZE_LOG_CALI: 687.367	542.52	690.038	547.352	942.439	519.888	944.251	524.892	360.258	533.565	363.513	538.328	612.608	513.146	615.08	518.08	
75.9454	22.9614	330.402	0.500558	-312.195	33.6087	-60.4546	13.3429	73.2745	18.1286	328.587	-4.50786	-315.454	28.8435	-62.9268	8.40873	19.2244	5.03948	-646.024	83.4726	-0.126824	-644.981	19.1512	5.10091	-653.823	84.1797	-0.128366	-652.749	18.6325	3.83413	-648.942	83.3737	-1.39641	-647.777	-0.102319	-0.249872	0.962858	-0.155187	-0.244138	0.957243	-0.102319	0.00784796	0.994721	-0.155187	0.0119332	0.987813	-0.102319	0.00784796	0.994721	-0.155187	0.0119332	0.987813	-5.87293	0.44966	-8.92826	0.683736	-5.87293	0.44966	-8.92826	0.683736	76.9601	97.8684	108.475	95.6849	429.345	545.988	605.158	533.807	511.896	533.365	1	0	0
"
 tid_9328_time_14:50:55:792 DPETW@ "GAZE_LOG_CALI: 687.267	542.455	689.946	547.313	942.38	519.801	944.157	524.876	360.243	533.53	363.46	538.218	612.547	513.064	614.995	518.043	
75.8537	22.9224	330.308	0.484798	-312.248	33.4993	-60.539	13.3054	73.174	18.0634	328.527	-4.5941	-315.469	28.8088	-62.9879	8.327	19.2034	5.02103	-646.084	83.4507	-0.133666	-644.995	19.1299	5.08223	-653.883	84.1575	-0.135291	-652.763	18.611	3.82228	-649.082	83.3584	-1.41786	-647.777	-0.103979	-0.252473	0.962001	-0.153382	-0.246177	0.957011	-0.103979	0.00511378	0.994566	-0.153382	0.00990416	0.988117	-0.103979	0.00511378	0.994566	-0.153382	0.00990416	0.988117	-5.96842	0.292999	-8.82342	0.567476	-5.96842	0.292999	-8.82342	0.567476	75.8807	96.1181	109.617	94.3943	423.323	536.224	611.533	526.607	511.359	523.893	1	0	0
"
 tid_9328_time_14:50:55:814 DPETW@ "GAZE_LOG_CALI: 687.218	542.461	689.882	547.273	942.414	519.787	944.112	524.873	360.257	533.543	363.429	538.195	612.507	513.044	614.995	518.053	
75.7896	22.8825	330.263	0.481439	-312.279	33.4757	-60.5393	13.3155	73.1251	18.0702	328.561	-4.60834	-315.456	28.8216	-63.0276	8.30667	19.1891	5.01334	-646.133	83.4488	-0.13279	-645.068	19.1154	5.07444	-653.932	84.1555	-0.134405	-652.836	18.6017	3.82544	-649.184	83.3516	-1.4221	-647.66	-0.104062	-0.253013	0.96185	-0.14905	-0.238762	0.959571	-0.104062	0.00455284	0.99456	-0.14905	0.0177289	0.988671	-0.104062	0.00455284	0.99456	-0.14905	0.0177289	0.988671	-5.9732	0.26086	-8.57321	1.01584	-5.9732	0.26086	-8.57321	1.01584	75.8089	95.7457	112.386	99.3004	422.922	534.146	626.982	553.977	520.57	538.664	1	0	0
"
 tid_9328_time_14:50:55:837 DPETW@ "GAZE_LOG_CALI: 687.245	542.39	689.875	547.195	942.401	519.694	944.084	524.792	360.27	533.493	363.451	538.111	612.528	512.977	614.982	517.995	
75.7825	22.8041	330.234	0.400263	-312.257	33.3917	-60.5519	13.258	73.1524	17.999	328.548	-4.70179	-315.443	28.7719	-63.0063	8.23947	19.1886	4.99318	-646.186	83.4451	-0.150362	-645.095	19.1149	5.05403	-653.985	84.1518	-0.15219	-652.863	18.6077	3.80993	-649.165	83.3553	-1.4426	-647.709	-0.101358	-0.248628	0.963281	-0.148251	-0.240188	0.959339	-0.101358	0.00915964	0.994808	-0.148251	0.016291	0.988816	-0.101358	0.00915964	0.994808	-0.148251	0.016291	0.988816	-5.81764	0.524816	-8.52671	0.933448	-5.81764	0.524816	-8.52671	0.933448	77.5184	98.6058	112.896	98.3696	432.46	550.102	629.824	548.784	527.689	545.171	1	0	0
"
 tid_9328_time_14:50:55:859 DPETW@ "GAZE_LOG_CALI: 687.277	542.24	689.925	547.091	942.422	519.63	944.116	524.707	360.295	533.36	363.495	538.029	612.6	512.918	615.002	517.944	
75.8333	22.6997	330.267	0.315238	-312.213	33.3102	-60.5321	13.2066	73.1845	17.8485	328.57	-4.7655	-315.417	28.6389	-62.9342	8.18075	19.2013	4.96953	-646.174	83.4511	-0.167627	-645.081	19.1278	5.0301	-653.973	84.1578	-0.169665	-652.849	18.6156	3.77374	-649.158	83.3714	-1.45825	-647.788	-0.10239	-0.251142	0.96252	-0.148901	-0.24399	0.958278	-0.10239	0.00653382	0.994723	-0.148901	0.0123446	0.988775	-0.10239	0.00653382	0.994723	-0.148901	0.0123446	0.988775	-5.87695	0.374363	-8.56388	0.707311	-5.87695	0.374363	-8.56388	0.707311	76.8794	96.9365	112.492	95.8719	428.895	540.789	627.569	534.85	523.58	531.978	1	0	0
"
 tid_9328_time_14:50:55:881 DPETW@ "GAZE_LOG_CALI: 687.281	542.097	689.974	546.926	942.42	519.61	944.225	524.724	360.286	533.216	363.556	537.893	612.663	512.894	615.083	517.871	
75.8823	22.5355	330.376	0.332219	-312.152	33.1743	-60.4516	13.1333	73.1883	17.7062	328.568	-4.78535	-315.426	28.4947	-62.8719	8.15695	19.2144	4.93167	-646.197	83.4728	-0.174737	-645.037	19.141	4.99177	-653.996	84.1799	-0.176862	-652.805	18.6158	3.73707	-649.141	83.3852	-1.46396	-647.905	-0.104169	-0.248864	0.96292	-0.15497	-0.250987	0.955505	-0.104169	0.00883748	0.99452	-0.15497	0.00486787	0.987907	-0.104169	0.00883748	0.99452	-0.15497	0.00486787	0.987907	-5.97952	0.506357	-8.91517	0.278909	-5.97952	0.506357	-8.91517	0.278909	75.7605	98.3421	108.614	91.1716	422.653	548.631	605.936	508.628	507.721	520.498	1	0	0
"
 tid_9328_time_14:50:55:903 DPETW@ "GAZE_LOG_CALI: 687.26	542.105	689.947	546.915	942.339	519.574	944.16	524.716	360.279	533.208	363.528	537.877	612.678	512.858	615.105	517.866	
75.855	22.5246	330.311	0.324522	-312.18	33.1577	-60.429	13.1285	73.1677	17.7133	328.487	-4.82144	-315.434	28.4863	-62.8564	8.1202	19.2071	4.92816	-646.199	83.475	-0.176273	-645.177	19.1337	4.98822	-653.999	84.1819	-0.178416	-652.945	18.6116	3.73698	-649.156	83.385	-1.4735	-648.061	-0.103841	-0.248834	0.962963	-0.155767	-0.253154	0.954803	-0.103841	0.00887783	0.994554	-0.155767	0.00259307	0.98779	-0.103841	0.00887783	0.994554	-0.155767	0.00259307	0.98779	-5.96061	0.508669	-8.96134	0.148572	-5.96061	0.508669	-8.96134	0.148572	75.9615	98.3632	108.081	89.7009	423.774	548.748	602.96	500.423	506.364	515.877	1	0	0
"
 tid_9328_time_14:50:55:925 DPETW@ "GAZE_LOG_CALI: 687.182	542.165	689.888	546.995	942.474	519.608	944.115	524.719	360.258	533.243	363.423	537.918	612.612	512.915	615.013	517.872	
75.7959	22.6043	330.266	0.327637	-312.285	33.1986	-60.521	13.1344	73.0894	17.7738	328.622	-4.78755	-315.454	28.5214	-62.9226	8.17764	19.1899	4.94271	-646.121	83.4536	-0.175242	-645.102	19.1163	5.00296	-653.92	84.1603	-0.177373	-652.87	18.5944	3.74973	-649.25	83.3761	-1.46132	-647.724	-0.107306	-0.257684	0.960252	-0.146243	-0.239454	0.959831	-0.107306	-0.000372469	0.994226	-0.146243	0.0171278	0.9891	-0.107306	-0.000372469	0.994226	-0.146243	0.0171278	0.9891	-6.16002	-0.0213409	-8.41054	0.981399	-6.16002	-0.0213409	-8.41054	0.981399	73.7523	92.5849	114.195	98.8671	411.449	516.513	637.07	551.56	518.973	527.412	1	0	0
"
 tid_9328_time_14:50:55:948 DPETW@ "GAZE_LOG_CALI: 687.125	542.249	689.709	547.053	942.302	519.682	944.049	524.772	360.151	533.321	363.347	537.984	612.489	512.912	614.979	517.879	
75.6164	22.6625	330.2	0.380045	-312.361	33.2646	-60.555	13.1417	73.0319	17.8574	328.449	-4.71321	-315.562	28.5998	-63.0457	8.17453	19.1493	4.95985	-646.296	83.4438	-0.167712	-645.159	19.0752	5.02028	-654.095	84.1504	-0.169751	-652.927	18.5774	3.76974	-649.164	83.3428	-1.45256	-647.806	-0.0973867	-0.244633	0.964713	-0.151223	-0.240196	0.958873	-0.0973867	0.0133885	0.995157	-0.151223	0.0161628	0.988368	-0.0973867	0.0133885	0.995157	-0.151223	0.0161628	0.988367	-5.58921	0.767129	-8.69894	0.9261	-5.58921	0.767129	-8.69894	0.9261	79.9857	101.2	110.972	98.261	446.224	564.574	619.089	548.178	529.892	552.989	1	0	0
"
 tid_9328_time_14:50:55:970 DPETW@ "GAZE_LOG_CALI: 686.898	542.369	689.463	547.145	942.048	519.736	943.833	524.787	359.937	533.454	363.071	538.097	612.269	513.026	614.665	518.012	
75.371	22.7543	329.983	0.39562	-312.638	33.3782	-60.8691	13.2747	72.8055	17.9778	328.195	-4.6597	-315.777	28.7331	-63.2655	8.28812	19.0856	4.98518	-646.236	83.3672	-0.149178	-644.987	19.0107	5.04593	-654.036	84.0731	-0.150992	-652.755	18.52	3.80204	-649.184	83.2849	-1.43157	-647.856	-0.0975079	-0.247168	0.964054	-0.153826	-0.249921	0.955969	-0.0975079	0.0107695	0.995176	-0.153826	0.00601773	0.98808	-0.0975079	0.0107695	0.995176	-0.153826	0.00601773	0.98808	-5.59601	0.617061	-8.84887	0.344793	-5.59601	0.617061	-8.84887	0.344793	79.8513	99.5943	109.251	91.9332	445.474	555.617	609.492	512.877	522.47	527.922	1	0	0
"
 tid_9328_time_14:50:55:992 DPETW@ "GAZE_LOG_CALI: 686.639	542.391	689.287	547.249	941.799	519.699	943.654	524.835	359.677	533.518	362.808	538.196	612.037	513.033	614.49	518.036	
75.1946	22.8576	329.804	0.443629	-312.902	33.4775	-61.0441	13.2991	72.5467	17.9997	327.945	-4.69671	-316.036	28.7963	-63.4976	8.29545	19.0368	5.00936	-646.08	83.3224	-0.140186	-644.989	18.9613	5.07042	-653.88	84.0277	-0.141891	-652.757	18.4541	3.81262	-649.179	83.2254	-1.43563	-647.893	-0.103683	-0.257079	0.960812	-0.157396	-0.253815	0.954361	-0.103683	0.000356942	0.99461	-0.157396	0.00184079	0.987534	-0.103683	0.000356942	0.99461	-0.157396	0.00184079	0.987534	-5.95132	0.0204513	-9.05578	0.105469	-5.95132	0.0204513	-9.05578	0.105469	75.9014	93.1188	106.902	89.3106	423.439	519.491	596.383	498.246	501.228	497.851	1	0	0
"
 tid_9328_time_14:50:56:15 DPETW@ "GAZE_LOG_CALI: 686.558	542.47	689.179	547.308	941.689	519.717	943.567	524.821	359.598	533.615	362.705	538.281	611.952	513.003	614.385	518.041	
75.0869	22.9167	329.717	0.429336	-313.004	33.5624	-61.1492	13.3038	72.4653	18.0787	327.836	-4.67802	-316.116	28.8941	-63.5824	8.26554	19.0097	5.0276	-646.086	83.2966	-0.141508	-644.962	18.9339	5.08888	-653.886	84.0016	-0.143229	-652.73	18.4336	3.83507	-649.174	83.2027	-1.43724	-647.931	-0.102066	-0.25579	0.961329	-0.15871	-0.257055	0.953275	-0.102066	0.00173633	0.994776	-0.15871	-0.00157025	0.987324	-0.102066	0.00173633	0.994776	-0.15871	-0.00157025	0.987324	-5.85816	0.0994843	-9.13204	-0.089969	-5.85816	0.0994843	-9.13204	-0.089969	76.8998	94.0016	106.03	87.1663	429.008	524.416	591.522	486.283	501.303	493.898	1	0	0
"
 tid_9328_time_14:50:56:38 DPETW@ "GAZE_LOG_CALI: 686.452	542.534	689.115	547.402	941.644	519.751	943.55	524.852	359.571	533.719	362.665	538.349	611.884	513.028	614.319	518.038	
75.0224	23.0112	329.699	0.459876	-313.045	33.6308	-61.2158	13.3009	72.3591	18.1431	327.79	-4.64466	-316.143	28.9977	-63.6501	8.29044	18.9944	5.04859	-646.129	83.2814	-0.138113	-644.876	18.9184	5.11013	-653.929	83.9863	-0.139793	-652.644	18.4097	3.8574	-649.316	83.1858	-1.42981	-647.884	-0.10581	-0.260605	0.95963	-0.160223	-0.258196	0.952714	-0.10581	-0.00335494	0.994381	-0.160223	-0.002818	0.987077	-0.10581	-0.00335494	0.994381	-0.160223	-0.002818	0.987077	-6.07388	-0.192224	-9.21985	-0.16146	-6.07388	-0.192224	-9.21985	-0.16146	74.5007	90.8118	105.05	86.4052	415.625	506.621	586.051	482.037	490.024	480.536	1	0	0
"
 tid_9328_time_14:50:56:60 DPETW@ "GAZE_LOG_CALI: 686.627	542.576	689.254	547.349	941.817	519.828	943.671	524.892	359.662	533.637	362.774	538.281	612.042	513.064	614.457	518.113	
75.1618	22.9581	329.821	0.500251	-312.935	33.5624	-61.077	13.3756	72.534	18.1844	327.964	-4.56691	-316.051	28.9156	-63.4923	8.32609	19.028	5.03292	-646.087	83.3159	-0.123351	-644.905	18.9524	5.09426	-653.886	84.0212	-0.124851	-652.673	18.4509	3.85129	-649.169	83.2267	-1.41518	-647.86	-0.10226	-0.253454	0.961927	-0.157449	-0.25572	0.953843	-0.10226	0.0041471	0.994749	-0.157449	-0.00013341	0.987527	-0.10226	0.0041471	0.994749	-0.157449	-0.00013341	0.987527	-5.8694	0.237612	-9.05888	-0.00764384	-5.8694	0.237612	-9.05888	-0.00764384	76.7942	95.5211	106.873	88.1046	428.419	532.893	596.224	491.518	504.145	501.836	1	0	0
"
 tid_9328_time_14:50:56:84 DPETW@ "GAZE_LOG_CALI: 686.789	542.492	689.384	547.281	941.982	519.833	943.806	524.931	359.786	533.544	362.909	538.248	612.186	513.104	614.552	518.083	
75.2922	22.8904	329.956	0.539343	-312.8	33.5289	-60.9822	13.3462	72.6964	18.1011	328.129	-4.56233	-315.927	28.8228	-63.3483	8.36637	19.0615	5.02026	-646.092	83.3414	-0.122086	-644.836	18.9863	5.08145	-653.892	84.0471	-0.123571	-652.604	18.4907	3.82852	-649.103	83.2645	-1.40925	-647.83	-0.099618	-0.251836	0.962629	-0.156329	-0.256817	0.953733	-0.099618	0.00589156	0.995008	-0.156329	-0.00122204	0.987704	-0.099618	0.00589156	0.995008	-0.156329	-0.00122204	0.987704	-5.71727	0.337564	-8.99387	-0.070018	-5.71727	0.337564	-8.99387	-0.070018	78.5041	96.6022	107.633	87.4378	437.958	538.924	600.465	487.798	511.73	503.743	1	0	0
"
 tid_9328_time_14:50:56:107 DPETW@ "GAZE_LOG_CALI: 686.966	542.52	689.55	547.277	942.166	519.862	943.93	524.935	360.023	533.593	363.152	538.239	612.397	513.15	614.797	518.128	
75.4583	22.8865	330.08	0.543558	-312.557	33.5203	-60.7377	13.3902	72.8733	18.1288	328.313	-4.53345	-315.69	28.872	-63.1375	8.41263	19.1074	5.02001	-646.225	83.399	-0.115645	-645.041	19.0327	5.08119	-654.024	84.1051	-0.117052	-652.809	18.538	3.83933	-649.218	83.3172	-1.39954	-647.877	-0.099175	-0.248944	0.963427	-0.152801	-0.248689	0.956455	-0.099175	0.00889176	0.99503	-0.152801	0.00733389	0.98823	-0.099175	0.00889176	0.99503	-0.152801	0.00733389	0.98823	-5.69189	0.509467	-8.78952	0.420205	-5.69189	0.509467	-8.78952	0.420205	78.8173	98.4528	109.934	92.7806	439.706	549.249	613.302	517.605	521.344	526.921	1	0	0
"
 tid_9328_time_14:50:56:129 DPETW@ "GAZE_LOG_CALI: 688.418	542.014	690.413	547.097	943.662	519.483	944.699	524.828	361.334	533.084	363.969	538.064	613.871	512.74	615.548	518.017	
76.3209	22.7066	330.851	0.436484	-311.739	33.3453	-59.9863	13.2793	74.3255	17.6225	329.812	-4.91229	-314.377	28.3628	-61.6634	8.00252	19.324	4.97526	-646.161	83.591	-0.142521	-645.02	19.252	5.0359	-653.961	84.2995	-0.144254	-652.787	18.9015	3.70976	-649.004	83.6953	-1.49848	-647.86	-0.0681456	-0.257835	0.963783	-0.117404	-0.263154	0.957584	-0.0681456	0.000395834	0.997675	-0.117404	-0.00634623	0.993064	-0.0681456	0.000395834	0.997675	-0.117404	-0.00634623	0.993064	-3.90749	0.0226796	-6.74247	-0.363614	-3.90749	0.0226796	-6.74247	-0.363614	98.6457	93.0882	132.789	84.1624	550.325	519.321	740.801	469.525	644.411	492.277	1	0	0
"
 tid_9328_time_14:50:56:152 DPETW@ "GAZE_LOG_CALI: 688.778	541.701	690.659	546.917	943.809	519.419	944.804	524.771	361.818	532.78	364.32	537.891	614.125	512.532	615.735	517.962	
76.5672	22.5259	330.956	0.379313	-311.387	33.1724	-59.7994	13.2246	74.6852	17.3095	329.96	-4.97631	-313.892	28.0581	-61.409	7.79438	19.3915	4.93222	-646.35	83.6352	-0.156481	-645.153	19.3203	4.99232	-654.149	84.3441	-0.158383	-652.921	18.9994	3.63277	-649.22	83.7561	-1.53328	-648.036	-0.0626338	-0.265355	0.962114	-0.115104	-0.26915	0.956195	-0.0626338	-0.00729966	0.99801	-0.115104	-0.0124971	0.993275	-0.0626338	-0.00729966	0.99801	-0.115104	-0.0124971	0.993275	-3.5911	-0.418244	-6.61012	-0.716052	-3.5911	-0.418244	-6.61012	-0.716052	102.169	88.1773	134.276	80.2589	569.981	491.923	749.1	447.748	657.277	465.24	1	0	0
"
 tid_9328_time_14:50:56:175 DPETW@ "GAZE_LOG_CALI: 688.749	541.704	690.623	546.884	943.725	519.39	944.828	524.733	361.744	532.723	364.307	537.878	614.131	512.557	615.799	517.903	
76.5309	22.4931	330.981	0.340893	-311.4	33.1584	-59.7356	13.1654	74.6565	17.3125	329.875	-5.00532	-313.966	28.0011	-61.4033	7.8199	19.3836	4.92658	-646.386	83.6506	-0.168782	-645.23	19.3123	4.9866	-654.185	84.3596	-0.170834	-652.998	18.9896	3.62535	-649.149	83.7542	-1.53399	-648.193	-0.0617493	-0.26044	0.963513	-0.12032	-0.270923	0.955052	-0.0617493	-0.0021898	0.998089	-0.12032	-0.0145061	0.992629	-0.0617493	-0.0021898	0.998089	-0.12032	-0.0145061	0.992629	-3.54024	-0.125466	-6.91131	-0.831168	-3.54024	-0.125466	-6.91131	-0.831168	102.716	91.3631	130.964	78.9607	573.033	509.696	730.624	440.506	649.604	470.734	1	0	0
"
 tid_9328_time_14:50:56:198 DPETW@ "GAZE_LOG_CALI: 688.582	541.753	690.451	546.924	943.671	519.365	944.695	524.706	361.751	532.883	364.211	537.932	614.055	512.49	615.677	517.931	
76.3589	22.533	330.847	0.313712	-311.496	33.213	-59.8575	13.1938	74.4895	17.3615	329.821	-5.03061	-313.96	28.1617	-61.4799	7.75294	19.3434	4.93955	-646.516	83.6191	-0.168725	-645.248	19.2717	4.99972	-654.316	84.3277	-0.170776	-653.016	18.9555	3.6539	-649.435	83.7356	-1.54576	-648.153	-0.0623235	-0.265288	0.962153	-0.116364	-0.270222	0.95574	-0.0623235	-0.00722508	0.99803	-0.116364	-0.0136505	0.993113	-0.0623235	-0.00722508	0.99803	-0.116364	-0.0136505	0.993113	-3.57328	-0.41397	-6.68292	-0.78214	-3.57328	-0.41397	-6.68292	-0.78214	102.305	88.1869	133.448	79.4966	570.742	491.977	744.477	443.496	655.125	462.706	1	0	0
"
 tid_9328_time_14:50:56:220 DPETW@ "GAZE_LOG_CALI: 688.481	541.811	690.411	546.974	943.565	519.384	944.594	524.756	361.626	532.892	364.174	537.964	613.964	512.514	615.581	517.944	
76.3184	22.5834	330.745	0.363798	-311.533	33.2444	-59.9536	13.207	74.3885	17.4199	329.715	-5.01167	-314.084	28.1705	-61.5704	7.7765	19.3336	4.9499	-646.516	83.5943	-0.160807	-645.253	19.2617	5.01019	-654.316	84.3026	-0.162762	-653.021	18.9288	3.66207	-649.391	83.7121	-1.5405	-648.185	-0.0650771	-0.263493	0.962464	-0.116624	-0.272121	0.95517	-0.0650771	-0.00541109	0.997866	-0.116624	-0.0156324	0.993053	-0.0650771	-0.00541109	0.997866	-0.116624	-0.0156324	0.993053	-3.73133	-0.310034	-6.6981	-0.895709	-3.73133	-0.310034	-6.6981	-0.895709	100.563	89.333	133.254	78.2597	561.023	498.371	743.4	436.595	649.48	462.047	1	0	0
"
 tid_9328_time_14:50:56:243 DPETW@ "GAZE_LOG_CALI: 688.443	541.893	690.378	547.062	943.45	519.448	944.562	524.802	361.582	532.949	364.121	538.048	613.945	512.59	615.562	517.962	
76.286	22.6711	330.713	0.410708	-311.586	33.3288	-59.9722	13.2251	74.3503	17.5019	329.599	-4.94741	-314.129	28.2269	-61.5897	7.85249	19.3247	4.97135	-646.473	83.589	-0.152601	-645.273	19.2527	5.03191	-654.272	84.2971	-0.154456	-653.041	18.9187	3.67959	-649.379	83.7025	-1.52292	-648.329	-0.0656558	-0.265807	0.961788	-0.12031	-0.276849	0.953352	-0.0656558	-0.00782056	0.997812	-0.12031	-0.02067	0.992521	-0.0656558	-0.00782056	0.997812	-0.12031	-0.02067	0.992521	-3.76462	-0.44809	-6.91146	-1.18439	-3.76462	-0.44809	-6.91146	-1.18439	100.192	87.8554	130.895	75.0964	558.951	490.127	730.235	418.948	640.612	446.643	1	0	0
"
 tid_9328_time_14:50:56:265 DPETW@ "GAZE_LOG_CALI: 688.409	541.967	690.34	547.138	943.563	519.482	944.499	524.806	361.595	533.068	364.131	538.139	613.886	512.652	615.586	517.991	
76.2484	22.7474	330.651	0.414678	-311.577	33.4204	-59.9484	13.2536	74.3161	17.5753	329.713	-4.91358	-314.115	28.3464	-61.6482	7.9142	19.3172	4.99338	-646.555	83.5917	-0.148404	-645.418	19.2452	5.0542	-654.354	84.2998	-0.150208	-653.186	18.9122	3.70475	-649.459	83.695	-1.51028	-648.055	-0.0654379	-0.265171	0.961978	-0.113195	-0.254566	0.960408	-0.0654379	-0.00715703	0.997831	-0.113195	0.00267951	0.993569	-0.0654379	-0.00715703	0.997831	-0.113195	0.00267951	0.993569	-3.75209	-0.410071	-6.49956	0.153525	-3.75209	-0.410071	-6.49956	0.153525	100.316	88.2709	135.42	89.7112	559.644	492.446	755.48	500.481	657.013	495.405	1	0	0
"
 tid_9328_time_14:50:56:287 DPETW@ "GAZE_LOG_CALI: 688.407	542.052	690.313	547.223	943.38	519.508	944.476	524.828	361.615	533.137	364.158	538.19	613.914	512.651	615.574	518.05	
76.2206	22.8325	330.628	0.436179	-311.549	33.4714	-59.9607	13.3125	74.3145	17.6604	329.53	-4.88737	-314.096	28.4155	-61.6201	7.91371	19.3129	5.01145	-646.647	83.5879	-0.138196	-645.431	19.2409	5.07248	-654.447	84.296	-0.139875	-653.199	18.9128	3.72465	-649.492	83.6937	-1.50763	-648.405	-0.0637541	-0.261937	0.962977	-0.119938	-0.272368	0.954689	-0.0637541	-0.00377533	0.997959	-0.119938	-0.0159957	0.992653	-0.0637541	-0.00377533	0.997958	-0.119938	-0.0159957	0.992653	-3.65535	-0.216311	-6.88939	-0.916524	-3.65535	-0.216311	-6.88939	-0.916524	101.366	90.3838	131.118	78.0011	565.501	504.233	731.48	435.153	645.749	464.321	1	0	0
"
 tid_9328_time_14:50:56:310 DPETW@ "GAZE_LOG_CALI: 688.365	542.133	690.346	547.247	943.56	519.438	944.489	524.859	361.601	533.208	364.129	538.225	613.924	512.705	615.583	518.046	
76.2536	22.8562	330.64	0.466902	-311.578	33.5058	-59.9518	13.3083	74.2728	17.7422	329.71	-4.95798	-314.11	28.4862	-61.6102	7.96761	19.3182	5.01795	-646.543	83.5902	-0.134841	-645.423	19.2462	5.07907	-654.342	84.2982	-0.13648	-653.191	18.9037	3.74436	-649.534	83.7028	-1.50917	-648.119	-0.068469	-0.266851	0.961303	-0.112598	-0.259568	0.959138	-0.068469	-0.00895464	0.997613	-0.112598	-0.00247973	0.993638	-0.068469	-0.00895464	0.997613	-0.112598	-0.00247973	0.993638	-3.92621	-0.51307	-6.46513	-0.142078	-3.92621	-0.51307	-6.46513	-0.142078	98.4086	87.1704	135.796	86.489	549.002	486.306	757.581	482.505	651.764	481.438	2	0	0
"
 tid_9328_time_14:50:56:332 DPETW@ "GAZE_LOG_CALI: 688.34	542.222	690.288	547.386	943.356	519.592	944.371	524.928	361.579	533.267	364.128	538.401	613.877	512.726	615.538	518.078	
76.1961	22.9951	330.522	0.536534	-311.579	33.6826	-59.9959	13.3411	74.248	17.8304	329.505	-4.80332	-314.132	28.5458	-61.6569	7.98878	19.3064	5.05883	-646.632	83.576	-0.121877	-645.544	19.2343	5.12044	-654.432	84.2838	-0.123358	-653.312	18.8975	3.76321	-649.536	83.6844	-1.48735	-648.378	-0.0661327	-0.266555	0.961548	-0.116299	-0.26465	0.957306	-0.0661327	-0.00860506	0.997774	-0.116299	-0.00786272	0.993183	-0.0661327	-0.00860506	0.997774	-0.116299	-0.00786272	0.993183	-3.79203	-0.49304	-6.67874	-0.450505	-3.79203	-0.49304	-6.67874	-0.450505	99.8614	87.4063	133.415	83.0929	557.107	487.622	744.295	463.559	648.462	471.216	1	1	1
"
 tid_9328_time_14:50:56:355 DPETW@ "GAZE_LOG_CALI: 688.18	542.371	690.099	547.526	943.317	519.479	944.201	524.982	361.439	533.413	363.979	538.51	613.743	512.797	615.402	518.126	
76.0069	23.1354	330.352	0.590835	-311.728	33.7909	-60.1322	13.3891	74.0879	17.9794	329.466	-4.91626	-314.271	28.6919	-61.7912	8.05971	19.2601	5.09084	-646.702	83.5404	-0.109024	-645.604	19.1874	5.15284	-654.501	84.2476	-0.110348	-653.372	18.8577	3.80094	-649.567	83.6538	-1.49246	-648.217	-0.0643113	-0.263687	0.962462	-0.110589	-0.257383	0.95996	-0.0643113	-0.0055986	0.997914	-0.110589	-0.000157252	0.993866	-0.0643113	-0.0055986	0.997914	-0.110589	-0.000157252	0.993866	-3.68737	-0.320778	-6.3493	-0.00900987	-3.68737	-0.320778	-6.3493	-0.00900987	100.957	89.3042	137.001	87.9231	563.219	498.21	764.299	490.506	663.292	493.435	1	1	1
"
 tid_9328_time_14:50:56:378 DPETW@ "GAZE_LOG_CALI: 688.047	542.445	689.986	547.544	943.138	519.576	944.02	524.968	361.313	533.508	363.81	538.499	613.556	512.842	615.272	518.18	
75.8939	23.1531	330.171	0.576419	-311.897	33.7804	-60.2622	13.4425	73.9544	18.0542	329.287	-4.81999	-314.398	28.7871	-61.9785	8.10482	19.2287	5.09077	-646.605	83.5051	-0.104152	-645.685	19.1556	5.15277	-654.404	84.2119	-0.105417	-653.453	18.8236	3.82262	-649.583	83.6062	-1.47463	-648.201	-0.0662482	-0.265386	0.961864	-0.110901	-0.25072	0.961686	-0.0662482	-0.00739463	0.997776	-0.110901	0.0067255	0.993809	-0.0662482	-0.00739463	0.997776	-0.110901	0.0067255	0.993809	-3.79863	-0.423685	-6.3674	0.385346	-3.79863	-0.423685	-6.3674	0.385346	99.7116	88.2035	136.757	92.2225	556.271	492.07	762.938	514.491	659.585	503.242	1	1	1
"
 tid_9328_time_14:50:56:401 DPETW@ "GAZE_LOG_CALI: 686.848	543.045	689.365	547.789	941.505	520.169	943.176	525.314	360.207	534.097	363.358	538.796	612.06	513.422	614.386	518.366	
75.2725	23.3978	329.325	0.92305	-312.35	34.0774	-61.1481	13.6286	72.7552	18.6537	327.651	-4.22645	-315.506	29.376	-63.4743	8.68492	19.0794	5.16146	-646.876	83.2806	-0.0375549	-645.601	19.0045	5.2243	-654.676	83.9848	-0.0380112	-653.369	18.5227	3.97402	-649.704	83.2174	-1.32697	-648.411	-0.0935734	-0.242802	0.965552	-0.148168	-0.248868	0.957137	-0.0935734	0.0153744	0.995494	-0.148168	0.00733688	0.988935	-0.0935734	0.0153744	0.995494	-0.148168	0.00733689	0.988935	-5.36985	0.880922	-8.521	0.420376	-5.36985	0.880922	-8.521	0.420376	82.2724	102.5	112.715	92.7149	458.981	571.828	628.814	517.238	540.971	540.767	1	1	1
"
 tid_9328_time_14:50:56:423 DPETW@ "GAZE_LOG_CALI: 686.645	543.005	689.283	547.825	941.404	520.229	943.148	525.333	360.159	534.162	363.325	538.805	612.018	513.463	614.416	518.448	
75.1912	23.4341	329.297	0.94168	-312.384	34.0869	-61.1188	13.7111	72.5523	18.6133	327.549	-4.16573	-315.554	29.4413	-63.5167	8.72545	19.0616	5.16782	-646.945	83.286	-0.024616	-645.7	18.9865	5.23073	-654.744	83.9901	-0.0249151	-653.468	18.4782	3.97891	-649.963	83.2035	-1.31425	-648.498	-0.102321	-0.251971	0.96231	-0.15142	-0.248195	0.956803	-0.102321	0.00567923	0.994735	-0.15142	0.00790125	0.988438	-0.102321	0.00567924	0.994735	-0.15142	0.00790125	0.988438	-5.87296	0.325398	-8.7095	0.452713	-5.87296	0.325398	-8.7095	0.452713	76.7001	96.3983	110.608	93.0608	427.894	537.787	617.061	519.167	516.572	521.033	1	1	1
"
 tid_9328_time_14:50:56:445 DPETW@ "GAZE_LOG_CALI: 686.672	542.943	689.302	547.794	941.499	520.171	943.221	525.388	360.173	534.104	363.315	538.759	612.137	513.469	614.476	518.417	
75.2093	23.4032	329.37	0.99708	-312.393	34.0402	-61.0585	13.6802	72.5796	18.5516	327.645	-4.22412	-315.539	29.3827	-63.3974	8.73113	19.0648	5.15755	-646.9	83.3018	-0.0214996	-645.678	18.9897	5.22034	-654.699	84.0061	-0.0217608	-653.446	18.4842	3.96346	-649.95	83.2333	-1.32089	-648.544	-0.102367	-0.254501	0.961639	-0.150644	-0.25324	0.955602	-0.102367	0.00306173	0.994742	-0.150644	0.00271738	0.988584	-0.102367	0.00306173	0.994742	-0.150644	0.00271738	0.988584	-5.87551	0.175424	-8.6643	0.155694	-5.87551	0.175424	-8.6643	0.155694	76.6799	94.7532	111.13	89.801	427.782	528.609	619.974	500.982	516.91	505.766	1	1	1
"
 tid_9328_time_14:50:56:469 DPETW@ "GAZE_LOG_CALI: 686.835	542.826	689.362	547.649	941.614	520.158	943.37	525.343	360.296	533.956	363.374	538.62	612.277	513.431	614.632	518.379	
75.27	23.2581	329.52	0.95182	-312.335	33.9009	-60.9028	13.6418	72.7424	18.4349	327.76	-4.23763	-315.416	29.2351	-63.2573	8.69383	19.0798	5.12151	-646.908	83.3414	-0.0319396	-645.694	19.0049	5.18386	-654.707	84.0462	-0.0323276	-653.462	18.5242	3.92935	-649.88	83.2682	-1.32731	-648.59	-0.0959322	-0.250365	0.963387	-0.15252	-0.253881	0.955135	-0.0959322	0.00750913	0.99536	-0.15252	0.001977	0.988298	-0.0959322	0.00750913	0.99536	-0.15252	0.001977	0.988298	-5.50513	0.430245	-8.77299	0.113274	-5.50513	0.430245	-8.77299	0.113274	80.7802	97.5104	109.959	89.3204	450.656	543.991	613.437	498.301	526.281	513.617	1	1	1
"
 tid_9328_time_14:50:56:491 DPETW@ "GAZE_LOG_CALI: 686.978	542.777	689.436	547.59	941.793	520.138	943.561	525.352	360.316	533.745	363.493	538.569	612.453	513.408	614.784	518.43	
75.3438	23.1992	329.711	0.960433	-312.215	33.85	-60.7502	13.6922	72.8849	18.386	327.939	-4.2576	-315.397	29.0241	-63.0811	8.67076	19.1008	5.10832	-646.984	83.3814	-0.0242998	-645.628	19.0262	5.1705	-654.783	84.0867	-0.024595	-653.396	18.5549	3.89478	-649.676	83.3133	-1.33261	-648.586	-0.089171	-0.241356	0.966331	-0.153344	-0.259346	0.953533	-0.089171	0.0169725	0.995872	-0.153344	-0.00371689	0.988166	-0.089171	0.0169725	0.995872	-0.153344	-0.00371689	0.988166	-5.11666	0.972499	-8.82084	-0.212962	-5.11666	0.972499	-8.82084	-0.212962	85.0743	103.422	109.476	85.7548	474.612	576.973	610.744	478.409	538.271	521.858	1	1	1
"
 tid_9328_time_14:50:56:513 DPETW@ "GAZE_LOG_CALI: 686.996	542.777	689.508	547.555	941.899	520.166	943.671	525.366	360.436	533.79	363.563	538.528	612.469	513.379	614.876	518.443	
75.4163	23.164	329.821	0.974848	-312.145	33.8095	-60.6581	13.7061	72.9033	18.3855	328.045	-4.22883	-315.277	29.0687	-63.0657	8.64116	19.1192	5.09872	-646.979	83.4059	-0.0206279	-645.605	19.0448	5.16078	-654.778	84.1115	-0.0208785	-653.373	18.5642	3.90168	-649.85	83.321	-1.33249	-648.435	-0.0940769	-0.246436	0.964582	-0.152902	-0.253693	0.955124	-0.0940769	0.0116136	0.995497	-0.152902	0.00215578	0.988239	-0.0940769	0.0116136	0.995497	-0.152902	0.00215578	0.988239	-5.39856	0.665424	-8.79515	0.123517	-5.39856	0.665424	-8.79515	0.123517	81.9887	100.05	109.79	89.4672	457.398	558.156	612.496	499.12	530.04	522.272	1	1	1
"
 tid_9328_time_14:50:56:537 DPETW@ "GAZE_LOG_CALI: 687.067	542.91	689.535	547.622	941.929	520.187	943.697	525.398	360.459	533.915	363.551	538.626	612.503	513.441	614.903	518.48	
75.4431	23.2309	329.847	1.00704	-312.158	33.9071	-60.6313	13.743	72.9741	18.519	328.076	-4.20819	-315.253	29.1937	-63.0314	8.70329	19.1241	5.11908	-646.912	83.4124	-0.0118285	-645.601	19.0498	5.18139	-654.711	84.1181	-0.0119722	-653.369	18.5798	3.93421	-649.771	83.3294	-1.32188	-648.438	-0.0918443	-0.243762	0.965476	-0.152755	-0.2537	0.955145	-0.0918443	0.0144275	0.995669	-0.152755	0.00215445	0.988262	-0.0918443	0.0144275	0.995669	-0.152755	0.00215445	0.988262	-5.27027	0.826666	-8.78665	0.123441	-5.27027	0.826666	-8.78665	0.123441	83.4125	101.853	109.891	89.4758	465.341	568.219	613.062	499.167	535.038	528.287	1	1	1
"
 tid_9328_time_14:50:56:560 DPETW@ "GAZE_LOG_CALI: 686.938	542.986	689.445	547.817	941.902	520.28	943.627	525.479	360.314	534.036	363.486	538.807	612.513	513.579	614.841	518.561	
75.3525	23.4259	329.777	1.08785	-312.222	34.0882	-60.6937	13.8235	72.8458	18.5949	328.049	-4.11474	-315.399	29.3148	-63.0218	8.84166	19.102	5.16722	-646.958	83.396	0.00857618	-645.61	19.0274	5.23011	-654.757	84.1015	0.00868037	-653.378	18.5464	3.959	-649.736	83.3302	-1.2924	-648.499	-0.0924739	-0.244368	0.965263	-0.150989	-0.2547	0.95516	-0.0924739	0.0137867	0.99562	-0.150989	0.00119178	0.988535	-0.0924739	0.0137867	0.99562	-0.150989	0.00119178	0.988535	-5.30645	0.789948	-8.68427	0.068284	-5.30645	0.789948	-8.68427	0.068284	82.9863	101.487	111.012	88.8863	462.964	566.175	619.315	495.879	536.897	525.466	1	1	1
"
 tid_9328_time_14:50:56:582 DPETW@ "GAZE_LOG_CALI: 686.821	543.111	689.419	547.918	941.77	520.344	943.564	525.481	360.267	534.188	363.397	538.9	612.401	513.624	614.762	518.569	
75.3273	23.5269	329.714	1.09005	-312.311	34.1815	-60.7722	13.8319	72.7281	18.7195	327.917	-4.05091	-315.446	29.4675	-63.1332	8.88671	19.0923	5.19093	-646.851	83.3768	0.00983472	-645.586	19.0176	5.25413	-654.65	84.0821	0.00995421	-653.354	18.5197	3.99516	-649.853	83.3009	-1.2787	-648.534	-0.0998871	-0.252556	0.962413	-0.154676	-0.255171	0.954444	-0.0998871	0.00514045	0.994986	-0.154676	0.000551566	0.987965	-0.0998871	0.00514045	0.994985	-0.154676	0.000551567	0.987965	-5.73274	0.294528	-8.89802	0.0316024	-5.73274	0.294528	-8.89802	0.0316024	78.2869	96.105	108.616	88.4904	436.747	536.151	605.949	493.67	514.18	505.677	1	1	1
"
 tid_9328_time_14:50:56:605 DPETW@ "GAZE_LOG_CALI: 690.206	543.053	691.232	547.937	945.155	520.161	944.962	525.465	363.321	534.002	365.066	538.902	615.717	513.336	616.254	518.514	
77.14	23.546	331.114	1.07356	-310.64	34.1837	-59.2803	13.7762	76.1133	18.6616	331.308	-4.23432	-312.387	29.2805	-59.817	8.59804	19.5456	5.19342	-646.625	83.7534	0.00227398	-645.764	19.4764	5.25667	-654.424	84.463	0.0023016	-653.531	19.3668	3.96361	-649.342	84.1521	-1.33538	-648.454	-0.0208938	-0.246521	0.968912	-0.0591112	-0.254328	0.96531	-0.0208938	0.0126519	0.999702	-0.0591112	0.00417882	0.998243	-0.0208938	0.0126519	0.999702	-0.0591112	0.00417882	0.998243	-1.19731	0.72492	-3.38883	0.23943	-1.19731	0.72492	-3.38883	0.23943	128.485	100.849	169.639	90.6983	716.79	562.617	946.38	505.987	831.585	534.302	1	1	1
"
 tid_9328_time_14:50:56:627 DPETW@ "GAZE_LOG_CALI: 695.412	542.802	693.795	547.886	949.586	520.132	946.831	525.504	368.617	533.79	367.58	538.91	620.359	513.264	618.184	518.629	
79.7039	23.4955	332.987	1.11272	-308.122	34.1913	-57.35	13.8912	81.3202	18.4106	335.748	-4.26371	-307.083	29.0685	-55.1749	8.5269	20.1931	5.19029	-646.59	84.242	0.0239199	-645.872	20.1318	5.25351	-654.39	84.9574	0.0242103	-653.639	20.6983	3.91154	-649.576	85.3311	-1.34404	-648.841	0.112647	-0.26684	0.957135	0.0746973	-0.273464	0.958978	0.112647	-0.0100227	0.993585	0.0746973	-0.0159439	0.997079	0.112647	-0.0100227	0.993585	0.0746973	-0.0159439	0.997079	6.46824	-0.57427	4.28438	-0.913558	6.46824	-0.57427	4.28438	-0.913558	213.117	86.6307	253.735	78.1152	1188.94	483.295	1415.54	435.789	1307.25	450.455	1	1	1
"
 tid_9328_time_14:50:56:649 DPETW@ "GAZE_LOG_CALI: 696.456	542.834	694.182	547.849	950.672	520.26	947.352	525.498	369.715	533.947	368.057	538.935	621.375	513.302	618.692	518.597	
80.0905	23.4579	333.509	1.10655	-307.644	34.216	-56.8421	13.8598	82.3647	18.4432	336.836	-4.13558	-305.984	29.2249	-54.1588	8.56437	20.2961	5.1905	-646.747	84.3721	0.0196501	-645.86	20.2359	5.25371	-654.547	85.0891	0.0198887	-653.627	20.9669	3.9376	-649.688	85.5938	-1.32175	-648.74	0.143706	-0.258765	0.955191	0.0990968	-0.263409	0.959581	0.143706	-0.00272645	0.989617	0.0990968	-0.00607559	0.995059	0.143706	-0.00272645	0.989617	0.0990968	-0.00607559	0.995059	8.26236	-0.156214	5.68727	-0.348108	8.26236	-0.156214	5.68727	-0.348108	233.156	91.1756	269.245	84.2757	1300.73	508.65	1502.06	470.157	1411.03	476.512	1	1	1
"
 tid_9328_time_14:50:56:671 DPETW@ "GAZE_LOG_CALI: 696.381	542.83	694.188	547.803	950.874	520.261	947.565	525.473	369.642	533.858	367.983	538.876	621.477	513.327	618.794	518.582	
80.096	23.4126	333.723	1.08182	-307.719	34.1574	-56.7398	13.8451	82.2896	18.439	337.039	-4.13381	-306.056	29.1361	-54.0573	8.58952	20.2931	5.1761	-646.616	84.4023	0.014663	-645.679	20.2329	5.23914	-654.416	85.1198	0.0148411	-653.446	20.9481	3.92562	-649.689	85.6234	-1.31795	-648.575	0.144244	-0.264926	0.953419	0.0992343	-0.262634	0.959779	0.144244	-0.00913623	0.9895	0.0992343	-0.00527544	0.99505	0.144244	-0.00913623	0.9895	0.0992343	-0.00527544	0.99505	8.29384	-0.523475	5.69516	-0.302262	8.29384	-0.523475	5.69516	-0.302262	233.485	87.1441	269.345	84.8198	1302.57	486.159	1502.62	473.193	1413.2	465.292	1	1	1
"
 tid_9328_time_14:50:56:694 DPETW@ "GAZE_LOG_CALI: 696.441	542.701	694.255	547.701	951.112	520.224	947.807	525.445	369.68	533.827	368.093	538.757	621.638	513.246	619.051	518.561	
80.1637	23.3103	333.965	1.0536	-307.608	34.0378	-56.4835	13.8233	82.35	18.3097	337.277	-4.17107	-306.019	29.1052	-53.896	8.50889	20.3129	5.14858	-646.685	84.467	0.00859312	-645.703	20.2529	5.21127	-654.484	85.1853	0.00869749	-653.47	20.9619	3.90506	-649.66	85.6674	-1.33263	-648.448	0.14045	-0.258779	0.955671	0.0923471	-0.256929	0.962008	0.14045	-0.00261544	0.990084	0.0923471	0.000811517	0.995727	0.14045	-0.00261544	0.990084	0.0923471	0.000811517	0.995727	8.07394	-0.149854	5.29865	0.0464965	8.07394	-0.149854	5.29865	0.0464965	231.063	91.2219	265.06	88.6192	1289.06	508.909	1478.72	494.389	1390.99	491.953	1	1	1
"
 tid_9328_time_14:50:56:717 DPETW@ "GAZE_LOG_CALI: 696.79	542.69	694.429	547.668	951.353	520.219	948.163	525.453	369.841	533.846	368.28	538.748	621.984	513.245	619.434	518.566	
80.3371	23.2772	334.322	1.06221	-307.421	34.0294	-56.1001	13.8282	82.6984	18.2988	337.519	-4.17639	-305.858	29.1245	-53.5503	8.50712	20.3574	5.14376	-646.714	84.5636	0.0107301	-645.753	20.298	5.2064	-654.514	85.283	0.0108605	-653.52	21.0405	3.90432	-649.353	85.7521	-1.33346	-648.624	0.138154	-0.242283	0.960319	0.0919929	-0.263652	0.960221	0.138154	0.0145212	0.990304	0.0919929	-0.00614522	0.995741	0.138154	0.0145212	0.990304	0.0919929	-0.00614522	0.995741	7.9419	0.832035	5.27837	-0.352098	7.9419	0.832035	5.27837	-0.352098	229.642	102.034	264.94	84.2543	1281.13	569.228	1478.05	470.038	1384.84	512.622	1	1	1
"
 tid_9328_time_14:50:56:739 DPETW@ "GAZE_LOG_CALI: 696.84	542.718	694.596	547.692	951.552	520.338	948.359	525.487	369.939	533.808	368.38	538.727	622.199	513.268	619.602	518.588	
80.505	23.3014	334.519	1.09599	-307.321	34.0079	-55.9323	13.8504	82.7485	18.3269	337.718	-4.05741	-305.759	29.0865	-53.3352	8.5308	20.3965	5.14323	-646.602	84.6069	0.0179698	-645.699	20.3376	5.20587	-654.401	85.3269	0.0181881	-653.465	21.0565	3.90356	-649.421	85.8059	-1.31512	-648.644	0.138305	-0.250544	0.958175	0.0953255	-0.265309	0.95944	0.138305	0.00598684	0.990372	0.0953255	-0.00794742	0.995414	0.138305	0.00598684	0.990372	0.0953255	-0.00794742	0.995414	7.94995	0.343023	5.47023	-0.455358	7.94995	0.343023	5.47023	-0.455358	229.756	96.6711	267.084	83.1464	1281.76	539.309	1490.01	463.857	1393.16	491.707	1	1	1
"
 tid_9328_time_14:50:56:761 DPETW@ "GAZE_LOG_CALI: 696.975	542.704	694.723	547.66	951.734	520.237	948.562	525.462	370.026	533.798	368.547	538.643	622.36	513.3	619.778	518.584	
80.6316	23.2693	334.722	1.07119	-307.154	33.9239	-55.7559	13.8464	82.8841	18.3134	337.9	-4.15874	-305.672	29.0765	-53.1741	8.56254	20.4308	5.12922	-646.672	84.653	0.014483	-645.661	20.3723	5.19169	-654.472	85.3736	0.0146589	-653.428	21.0879	3.90022	-649.353	85.8479	-1.32372	-648.613	0.134319	-0.242407	0.960832	0.0944944	-0.266611	0.959161	0.134319	0.0145346	0.990831	0.0944944	-0.00927752	0.995482	0.134319	0.0145346	0.990832	0.0944944	-0.00927752	0.995482	7.72004	0.832799	5.42246	-0.531571	7.72004	0.832799	5.42246	-0.531571	227.243	102.034	266.603	82.3208	1267.74	569.226	1487.32	459.252	1383.08	506.721	1	1	1
"
 tid_9328_time_14:50:56:784 DPETW@ "GAZE_LOG_CALI: 697.009	542.744	694.797	547.653	951.822	520.265	948.639	525.498	370.054	533.796	368.582	538.69	622.487	513.323	619.856	518.596	
80.7051	23.2624	334.799	1.10711	-307.119	33.9706	-55.6778	13.8586	82.9181	18.3529	337.989	-4.13071	-305.643	29.0741	-53.0468	8.58555	20.4473	5.13382	-646.608	84.6728	0.0206694	-645.664	20.389	5.19634	-654.408	85.3936	0.0209204	-653.431	21.0966	3.90484	-649.335	85.8792	-1.31718	-648.68	0.133961	-0.244506	0.960349	0.0979162	-0.269804	0.957924	0.133961	0.0123817	0.990909	0.0979162	-0.0126822	0.995114	0.133961	0.0123817	0.990909	0.0979162	-0.0126822	0.995114	7.69913	0.709436	5.61964	-0.726655	7.69913	0.709436	5.61964	-0.726655	227.019	100.694	268.788	80.1919	1266.49	561.753	1499.51	447.375	1389.79	495.331	1	1	1
"
 tid_9328_time_14:50:56:806 DPETW@ "GAZE_LOG_CALI: 697.042	542.751	694.832	547.677	951.873	520.242	948.68	525.516	370.096	533.831	368.644	538.734	622.496	513.381	619.941	518.652	
80.741	23.2862	334.841	1.12513	-307.056	34.0153	-55.5927	13.9151	82.9504	18.3599	338.039	-4.15294	-305.602	29.1086	-53.0379	8.64365	20.4579	5.14295	-646.651	84.693	0.0302653	-645.739	20.3998	5.20558	-654.451	85.414	0.0306328	-653.505	21.1051	3.91033	-649.356	85.8829	-1.31246	-648.611	0.132981	-0.244191	0.960566	0.092001	-0.263508	0.96026	0.132981	0.0127425	0.991037	0.092001	-0.00599529	0.995741	0.132981	0.0127425	0.991037	0.092001	-0.00599529	0.995741	7.64253	0.730112	5.27883	-0.343507	7.64253	0.730112	5.27883	-0.343507	226.406	100.919	265.075	84.3712	1263.08	563.009	1478.8	470.69	1375.78	510.212	1	1	1
"
 tid_9328_time_14:50:56:828 DPETW@ "GAZE_LOG_CALI: 696.961	542.863	694.761	547.795	951.887	520.331	948.701	525.549	370.069	533.888	368.602	538.807	622.403	513.364	619.93	518.683	
80.6693	23.4039	334.861	1.15805	-307.099	34.0882	-55.6038	13.9453	82.8695	18.4718	338.054	-4.06444	-305.629	29.1658	-53.131	8.62614	20.4412	5.16751	-646.698	84.691	0.038236	-645.68	20.3829	5.23044	-654.498	85.412	0.0387004	-653.447	21.0876	3.93241	-649.439	85.8632	-1.30328	-648.437	0.133722	-0.246314	0.959921	0.0866739	-0.257798	0.962303	0.133722	0.0105252	0.990963	0.0866739	4.90248e-05	0.996237	0.133722	0.0105252	0.990963	0.0866739	4.90248e-05	0.996237	7.68518	0.603059	4.97229	0.00280892	7.68518	0.603059	4.97229	0.00280892	226.87	99.5329	261.707	88.1771	1265.66	555.274	1460.01	491.922	1366.56	518.462	1	1	1
"
 tid_9328_time_14:50:56:850 DPETW@ "GAZE_LOG_CALI: 696.978	542.933	694.74	547.948	951.863	520.45	948.678	525.622	370.082	533.987	368.526	538.933	622.46	513.492	619.908	518.792	
80.6487	23.5574	334.838	1.23098	-307.175	34.2137	-55.6261	14.0544	82.8872	18.5418	338.03	-3.94496	-305.616	29.2647	-53.0735	8.75468	20.4331	5.20206	-646.601	84.6852	0.0613395	-645.683	20.3747	5.26542	-654.4	85.4061	0.0620845	-653.449	21.0919	3.95395	-649.431	85.8748	-1.2718	-648.571	0.138207	-0.252732	0.957615	0.0922619	-0.262599	0.960484	0.138207	0.00372897	0.990396	0.0922619	-0.00505941	0.995722	0.138207	0.00372897	0.990396	0.0922619	-0.00505941	0.995722	7.94415	0.213655	5.29382	-0.289884	7.94415	0.213655	5.29382	-0.289884	229.731	95.3031	265.227	85.0019	1281.62	531.677	1479.65	474.209	1387.38	493.696	1	1	1
"
 tid_9328_time_14:50:56:872 DPETW@ "GAZE_LOG_CALI: 696.898	543.044	694.69	548.133	951.769	520.472	948.585	525.716	370.075	534.124	368.488	539.107	622.357	513.603	619.835	518.901	
80.5981	23.7426	334.745	1.3245	-307.212	34.3878	-55.6987	14.1641	82.8068	18.6527	337.935	-3.9226	-305.623	29.4026	-53.1763	8.86534	20.4208	5.24785	-646.622	84.6659	0.0870825	-645.716	20.3622	5.31177	-654.421	85.3865	0.0881402	-653.482	21.0753	3.98649	-649.551	85.8486	-1.25489	-648.556	0.139871	-0.25996	0.955435	0.0901218	-0.261941	0.960867	0.139871	-0.0038175	0.990162	0.0901218	-0.00432508	0.995921	0.139871	-0.0038175	0.990162	0.0901218	-0.00432508	0.995921	8.04043	-0.218727	5.17066	-0.247809	8.04043	-0.218727	5.17066	-0.247809	230.795	90.5761	263.86	85.4785	1287.56	505.306	1472.02	476.868	1387.47	480.307	1	1	1
"
 tid_9328_time_14:50:56:894 DPETW@ "GAZE_LOG_CALI: 696.914	543.13	694.652	548.225	951.766	520.606	948.631	525.763	370.063	534.228	368.458	539.157	622.36	513.659	619.846	518.958	
80.5603	23.8348	334.791	1.37251	-307.243	34.4379	-55.6878	14.2204	82.8231	18.739	337.932	-3.78901	-305.635	29.5067	-53.1737	8.92119	20.4119	5.26594	-646.627	84.6697	0.100296	-645.655	20.3532	5.33007	-654.427	85.3904	0.101514	-653.421	21.078	4.01047	-649.499	85.8488	-1.23078	-648.561	0.140678	-0.256122	0.956353	0.0905755	-0.263264	0.960463	0.140678	0.000127375	0.990055	0.0905755	-0.00570713	0.995873	0.140678	0.000127375	0.990055	0.0905755	-0.00570713	0.995873	8.08708	0.00729806	5.1968	-0.326996	8.08708	0.00729806	5.1968	-0.326996	231.306	93.0843	264.146	84.6426	1290.41	519.299	1473.62	472.204	1389.48	485.421	1	1	1
"
 tid_9328_time_14:50:56:917 DPETW@ "GAZE_LOG_CALI: 696.972	543.276	694.621	548.318	951.758	520.791	948.597	525.834	370.036	534.259	368.483	539.221	622.361	513.725	619.885	519.136	
80.5295	23.9269	334.757	1.44269	-307.217	34.5026	-55.6493	14.3987	82.8806	18.8846	337.925	-3.60399	-305.662	29.5374	-53.1733	8.98735	20.4067	5.28675	-646.727	84.6767	0.132002	-645.775	20.348	5.35113	-654.526	85.3974	0.133605	-653.542	21.0877	4.032	-649.364	85.8487	-1.19883	-648.575	0.137543	-0.245253	0.959652	0.0874138	-0.258118	0.962151	0.137543	0.0114799	0.990429	0.0874138	-0.000300035	0.996172	0.137543	0.0114799	0.990429	0.0874138	-0.000300035	0.996172	7.90624	0.657763	5.01484	-0.0171907	7.90624	0.657763	5.01484	-0.0171907	229.302	100.249	262.169	88.0257	1279.23	559.271	1462.59	491.078	1375.06	519.568	1	1	1
"
 tid_9328_time_14:50:56:939 DPETW@ "GAZE_LOG_CALI: 696.939	543.279	694.606	548.345	951.796	520.734	948.654	525.909	370.013	534.344	368.445	539.29	622.45	513.806	619.885	519.175	
80.5148	23.9541	334.814	1.51801	-307.255	34.5715	-55.6485	14.4372	82.8476	18.8876	337.962	-3.66037	-305.685	29.6223	-53.0841	9.06841	20.4019	5.29857	-646.683	84.6785	0.146365	-645.675	20.343	5.36309	-654.483	85.3993	0.148143	-653.441	21.0796	4.04337	-649.385	85.8695	-1.19565	-648.661	0.138534	-0.248222	0.958746	0.0942473	-0.269385	0.95841	0.138534	0.00837751	0.990322	0.0942473	-0.0121517	0.995475	0.138534	0.00837751	0.990322	0.0942473	-0.0121517	0.995475	7.96329	0.480002	5.4084	-0.696258	7.96329	0.480002	5.4084	-0.696258	229.927	98.3129	266.479	80.6465	1282.72	548.468	1486.63	449.91	1392.05	489.097	1	1	1
"
 tid_9328_time_14:50:56:961 DPETW@ "GAZE_LOG_CALI: 696.99	543.43	694.67	548.419	951.853	520.877	948.708	526.096	370.037	534.461	368.532	539.365	622.462	513.877	619.956	519.221	
80.5789	24.0283	334.869	1.70559	-307.169	34.6465	-55.578	14.4833	82.8991	19.0389	338.019	-3.51799	-305.661	29.7398	-53.0719	9.13988	20.4194	5.31791	-646.716	84.6964	0.176065	-645.713	20.3608	5.38266	-654.515	85.4174	0.178203	-653.479	21.0916	4.0773	-649.328	85.8737	-1.16829	-648.579	0.135376	-0.241806	0.960835	0.0894243	-0.263891	0.960398	0.135376	0.0151155	0.990679	0.0894243	-0.00632989	0.995973	0.135376	0.0151155	0.990679	0.0894243	-0.00632989	0.995973	7.78125	0.86609	5.13059	-0.362679	7.78125	0.86609	5.13059	-0.362679	227.924	102.576	263.454	84.3118	1271.54	572.253	1469.76	470.359	1375.1	515.247	1	1	1
"
 tid_9328_time_14:50:56:984 DPETW@ "GAZE_LOG_CALI: 697.052	543.553	694.727	548.534	951.898	520.931	948.727	526.204	370.082	534.528	368.568	539.523	622.501	513.968	619.982	519.353	
80.6357	24.1433	334.887	1.81315	-307.133	34.8047	-55.5515	14.6155	82.9613	19.1622	338.064	-3.46405	-305.616	29.8066	-53.0326	9.23076	20.4324	5.35242	-646.687	84.7021	0.206537	-645.714	20.374	5.4176	-654.486	85.4232	0.209046	-653.481	21.1066	4.10137	-649.297	85.8841	-1.14976	-648.574	0.135593	-0.243587	0.960354	0.0901521	-0.265783	0.959808	0.135593	0.0132715	0.990676	0.0901521	-0.00831044	0.995893	0.135593	0.0132715	0.990676	0.0901521	-0.00831044	0.995893	7.79358	0.760421	5.17254	-0.476159	7.79358	0.760421	5.17254	-0.476159	228.072	101.453	263.92	83.1015	1272.37	565.987	1472.36	463.607	1377.48	507.782	1	1	1
"
 tid_9328_time_14:50:57:6 DPETW@ "GAZE_LOG_CALI: 697.018	543.624	694.727	548.598	951.928	521.033	948.756	526.253	370.036	534.63	368.551	539.569	622.526	514.079	620.002	519.412	
80.636	24.207	334.916	1.86196	-307.149	34.8506	-55.5317	14.6745	82.9268	19.2327	338.095	-3.3615	-305.662	29.9085	-53.0076	9.3416	20.4315	5.36611	-646.66	84.7074	0.220228	-645.698	20.373	5.43146	-654.46	85.4285	0.222903	-653.465	21.0969	4.12325	-649.283	85.8906	-1.12252	-648.566	0.134334	-0.242764	0.960739	0.0905746	-0.263747	0.96033	0.134334	0.0141656	0.990835	0.0905746	-0.00620867	0.99587	0.134334	0.0141656	0.990835	0.0905746	-0.00620867	0.99587	7.72092	0.811655	5.19676	-0.355733	7.72092	0.811655	5.19676	-0.355733	227.26	102.036	264.19	84.4342	1267.84	569.239	1473.86	471.042	1375.42	513.921	1	1	1
"
 tid_9328_time_14:50:57:28 DPETW@ "GAZE_LOG_CALI: 696.984	543.645	694.728	548.625	951.853	521.088	948.697	526.273	370.023	534.7	368.508	539.642	622.482	514.164	619.956	519.452	
80.6362	24.2343	334.857	1.88248	-307.192	34.9237	-55.5783	14.7149	82.8925	19.2542	338.019	-3.30616	-305.675	29.9783	-53.0513	9.42693	20.4291	5.37823	-646.589	84.6952	0.227942	-645.722	20.3706	5.44373	-654.388	85.4162	0.230711	-653.489	21.0895	4.13511	-649.313	85.8779	-1.10467	-648.612	0.135873	-0.247358	0.95935	0.0909408	-0.263042	0.960489	0.135873	0.0093683	0.990682	0.0909408	-0.00548632	0.995841	0.135873	0.0093683	0.990682	0.0909408	-0.00548632	0.995841	7.80947	0.536772	5.21781	-0.314345	7.80947	0.536772	5.21781	-0.314345	228.233	99.0382	264.411	84.8875	1273.27	552.514	1475.1	473.57	1379.58	505.653	1	1	1
"
 tid_9328_time_14:50:57:52 DPETW@ "GAZE_LOG_CALI: 696.943	543.655	694.669	548.608	951.863	521.073	948.697	526.319	370.014	534.671	368.48	539.652	622.439	514.084	619.925	519.473	
80.5773	24.2171	334.857	1.92866	-307.221	34.9331	-55.6085	14.736	82.8516	19.2644	338.029	-3.32112	-305.685	29.9495	-53.0944	9.34606	20.4155	5.3777	-646.644	84.6888	0.236395	-645.675	20.3569	5.44319	-654.444	85.4097	0.239266	-653.442	21.0805	4.1331	-649.37	85.8692	-1.11686	-648.531	0.136796	-0.247657	0.959142	0.0898154	-0.265103	0.960028	0.136796	0.00902545	0.990558	0.0898154	-0.00759605	0.995929	0.136796	0.00902545	0.990558	0.0898154	-0.00759605	0.995929	7.8628	0.517127	5.15314	-0.435226	7.8628	0.517127	5.15314	-0.435226	228.82	98.808	263.691	83.5882	1276.54	551.23	1471.08	466.322	1379.54	500.87	1	1	1
"
 tid_9328_time_14:50:57:75 DPETW@ "GAZE_LOG_CALI: 696.986	543.567	694.684	548.568	951.904	520.967	948.722	526.271	370.015	534.606	368.457	539.613	622.45	514.033	619.956	519.409	
80.5923	24.1778	334.882	1.88022	-307.244	34.8947	-55.5781	14.672	82.8946	19.1763	338.07	-3.42777	-305.683	29.8849	-53.0839	9.29534	20.4176	5.36722	-646.578	84.6959	0.222154	-645.676	20.3589	5.43259	-654.378	85.417	0.224852	-653.443	21.0896	4.11311	-649.295	85.873	-1.13682	-648.48	0.137799	-0.248852	0.958689	0.0882771	-0.263584	0.960589	0.137799	0.00775452	0.99043	0.0882771	-0.00598402	0.996078	0.137799	0.00775452	0.99043	0.0882771	-0.00598402	0.996078	7.92073	0.444306	5.06459	-0.342861	7.92073	0.444306	5.06459	-0.342861	229.458	98.0124	262.728	84.5833	1280.1	546.792	1465.7	471.873	1378.51	501.575	1	1	1
"
 tid_9328_time_14:50:57:98 DPETW@ "GAZE_LOG_CALI: 697.054	543.496	694.721	548.489	951.905	520.923	948.75	526.144	370.05	534.455	368.475	539.494	622.496	513.957	619.996	519.342	
80.6297	24.0979	334.91	1.75329	-307.225	34.7754	-55.538	14.6047	82.9627	19.1054	338.071	-3.47157	-305.648	29.7335	-53.0379	9.21923	20.4264	5.34157	-646.541	84.7059	0.197593	-645.699	20.3678	5.40663	-654.341	85.427	0.199993	-653.465	21.1054	4.08435	-649.236	85.8834	-1.15218	-648.558	0.138529	-0.248344	0.958715	0.0892934	-0.264576	0.960222	0.138529	0.00825229	0.990324	0.0892934	-0.00703721	0.995981	0.138529	0.00825229	0.990324	0.0892934	-0.00703721	0.995981	7.963	0.472827	5.12309	-0.403206	7.963	0.472827	5.12309	-0.403206	229.931	98.3115	263.38	83.8941	1282.74	548.46	1469.35	468.028	1381.98	500.082	1	1	1
"
 tid_9328_time_14:50:57:121 DPETW@ "GAZE_LOG_CALI: 697.043	543.402	694.778	548.392	951.947	520.868	948.763	526.105	370.057	534.444	368.52	539.404	622.544	513.906	620.068	519.283	
80.6861	24.0009	334.923	1.71426	-307.181	34.6852	-55.4664	14.5456	82.9515	19.0113	338.114	-3.52709	-305.641	29.722	-52.9899	9.16814	20.4401	5.31768	-646.523	84.7227	0.185279	-645.808	20.3817	5.38245	-654.323	85.444	0.187529	-653.575	21.1029	4.07122	-649.283	85.8955	-1.16573	-648.567	0.13718	-0.249407	0.958633	0.0867269	-0.259898	0.961733	0.13718	0.00720368	0.99052	0.0867269	-0.00212762	0.99623	0.13718	0.00720368	0.99052	0.0867269	-0.00212762	0.99623	7.88491	0.412744	4.97535	-0.121904	7.88491	0.412744	4.97535	-0.121904	229.073	97.6296	261.787	86.9258	1277.95	544.656	1460.46	484.941	1374.09	508.047	1	1	1
"
 tid_9328_time_14:50:57:144 DPETW@ "GAZE_LOG_CALI: 697.136	543.381	694.808	548.37	952.003	520.843	948.819	526.086	370.09	534.402	368.554	539.378	622.579	513.89	620.144	519.249	
80.7164	23.9797	334.98	1.69563	-307.147	34.6594	-55.3903	14.5114	83.0451	18.9897	338.17	-3.55189	-305.608	29.6806	-52.9551	9.15288	20.4478	5.31183	-646.534	84.7408	0.178662	-645.83	20.3895	5.37653	-654.333	85.4622	0.180831	-653.596	21.1237	4.06252	-649.179	85.9052	-1.17075	-648.533	0.136723	-0.244709	0.959909	0.0842228	-0.256979	0.96274	0.136723	0.0120718	0.990536	0.0842228	0.00095284	0.996446	0.136723	0.0120718	0.990536	0.0842228	0.00095284	0.996446	7.85882	0.691683	4.83134	0.0545937	7.85882	0.691683	4.83134	0.0545937	228.791	100.695	260.228	88.841	1276.38	561.756	1451.76	495.626	1367.46	524.069	1	1	1
"
 tid_9328_time_14:50:57:166 DPETW@ "GAZE_LOG_CALI: 697.122	543.507	694.862	548.546	952.08	520.935	948.867	526.181	370.152	534.522	368.561	539.513	622.638	514.033	620.187	519.358	
80.7709	24.1549	335.028	1.79055	-307.14	34.7943	-55.3472	14.621	83.031	19.1157	338.247	-3.45954	-305.546	29.8	-52.896	9.29522	20.4593	5.35048	-646.447	84.7523	0.204673	-645.831	20.4011	5.41566	-654.246	85.4739	0.207158	-653.598	21.1245	4.09468	-649.296	85.9206	-1.1407	-648.5	0.139803	-0.2553	0.956701	0.0844174	-0.254706	0.963327	0.139803	0.00101204	0.990179	0.0844174	0.00330056	0.996425	0.139803	0.00101204	0.990179	0.0844174	0.00330056	0.996425	8.03647	0.0579858	4.84255	0.189109	8.03647	0.0579858	4.84255	0.189109	230.769	93.7723	260.364	90.3348	1287.42	523.137	1452.52	503.96	1375.01	506.575	1	1	1
"
 tid_9328_time_14:50:57:189 DPETW@ "GAZE_LOG_CALI: 697.137	543.721	694.91	548.691	952.108	521.05	948.934	526.35	370.122	534.697	368.551	539.669	622.677	514.159	620.2	519.448	
80.8185	24.3002	335.095	1.95914	-307.15	34.9506	-55.3344	14.7108	83.0457	19.3303	338.275	-3.34421	-305.576	29.9754	-52.8573	9.42126	20.4679	5.388	-646.357	84.7573	0.237381	-645.74	20.4098	5.45365	-654.157	85.4791	0.240264	-653.506	21.1254	4.14394	-649.228	85.9296	-1.10991	-648.512	0.138941	-0.254314	0.957089	0.086763	-0.260015	0.961699	0.138941	0.00206451	0.990298	0.086763	-0.00224963	0.996226	0.138941	0.00206451	0.990298	0.086763	-0.00224963	0.996226	7.98661	0.118288	4.97743	-0.128894	7.98661	0.118288	4.97743	-0.128894	230.212	94.4965	261.84	86.9183	1284.31	527.177	1460.75	484.9	1378.39	497.883	1	1	1
"
 tid_9328_time_14:50:57:211 DPETW@ "GAZE_LOG_CALI: 697.212	544.065	694.99	549.119	952.226	521.287	948.983	526.624	370.181	535.031	368.548	540.083	622.732	514.468	620.307	519.792	
80.899	24.7286	335.143	2.23401	-307.153	35.3648	-55.2267	15.0549	83.1209	19.6742	338.394	-3.10752	-305.517	30.3099	-52.8021	9.73022	20.4837	5.49376	-646.213	84.782	0.316177	-645.834	20.4259	5.56071	-654.013	85.504	0.320016	-653.601	21.1435	4.23037	-649.198	85.9457	-1.04014	-648.408	0.142213	-0.263647	0.954078	0.082012	-0.252551	0.964102	0.142213	-0.00772978	0.989806	0.082012	0.00558202	0.996616	0.142213	-0.00772978	0.989806	0.082012	0.00558202	0.996616	8.17617	-0.442888	4.7043	0.319828	8.17617	-0.442888	4.7043	0.319828	232.323	88.452	258.882	91.8698	1296.08	493.456	1444.25	512.523	1376.11	494.632	1	1	1
"
 tid_9328_time_14:50:57:234 DPETW@ "GAZE_LOG_CALI: 697.222	544.369	694.998	549.349	952.276	521.562	949.084	526.827	370.148	535.324	368.594	540.347	622.693	514.669	620.307	520.002	
80.9063	24.9584	335.244	2.43711	-307.107	35.6284	-55.2266	15.2645	83.1311	19.9782	338.443	-2.83204	-305.549	30.6031	-52.8411	9.93134	20.4877	5.557	-646.27	84.7849	0.36839	-645.658	20.4299	5.62472	-654.069	85.5071	0.372864	-653.424	21.1439	4.30594	-649.117	85.9384	-0.979311	-648.258	0.137978	-0.254857	0.957084	0.0805094	-0.252381	0.964273	0.137978	0.00153911	0.990434	0.0805094	0.00579081	0.996737	0.137978	0.00153911	0.990434	0.0805094	0.00579081	0.996737	7.9309	0.0881846	4.61792	0.331791	7.9309	0.0881846	4.61792	0.331791	229.607	94.3526	257.926	92.0957	1280.93	526.374	1438.92	513.784	1363.73	514.749	1	1	1
"
 tid_9328_time_14:50:57:256 DPETW@ "GAZE_LOG_CALI: 697.233	544.616	695.058	549.637	952.318	521.831	949.168	527.039	370.198	535.555	368.588	540.595	622.803	514.871	620.342	520.223	
80.9666	25.2464	335.329	2.64888	-307.112	35.8766	-55.1918	15.4861	83.1418	20.2247	338.485	-2.56303	-305.5	30.8337	-52.7305	10.1334	20.4992	5.62412	-646.163	84.7953	0.423343	-645.576	20.4415	5.69266	-653.963	85.5177	0.428485	-653.342	21.1486	4.36733	-649.181	85.9638	-0.919301	-648.368	0.141076	-0.264425	0.954032	0.0862375	-0.260534	0.961605	0.141076	-0.00849302	0.989962	0.0862375	-0.00277463	0.996271	0.141076	-0.00849302	0.989962	0.0862375	-0.00277463	0.996271	8.11041	-0.48662	4.94721	-0.158975	8.11041	-0.48662	4.94721	-0.158975	231.604	88.1113	261.538	86.8144	1292.07	491.555	1459.07	484.32	1383.19	477.081	1	1	1
"
 tid_9328_time_14:50:57:279 DPETW@ "GAZE_LOG_CALI: 697.32	544.657	695.137	549.644	952.437	521.948	949.273	527.189	370.121	535.635	368.571	540.639	622.884	515.013	620.381	520.302	
81.0454	25.2538	335.434	2.79902	-307.13	35.9206	-55.1531	15.5642	83.2294	20.2665	338.605	-2.44557	-305.577	30.9145	-52.6503	10.2751	20.5144	5.62907	-645.992	84.8073	0.452179	-645.465	20.4569	5.69769	-653.792	85.53	0.457673	-653.232	21.162	4.38092	-648.904	85.9854	-0.886123	-648.302	0.137953	-0.25763	0.956345	0.0887912	-0.261967	0.960984	0.137953	-0.00133109	0.990438	0.0887912	-0.0043195	0.996041	0.137953	-0.00133109	0.990438	0.0887912	-0.0043195	0.996041	7.92944	-0.0762659	5.09412	-0.24749	7.92944	-0.0762659	5.09412	-0.24749	229.583	92.6834	263.151	85.9047	1280.8	517.062	1468.07	479.245	1381.1	488.793	1	1	1
"
 tid_9328_time_14:50:57:302 DPETW@ "GAZE_LOG_CALI: 697.518	544.671	695.271	549.642	952.676	522.071	949.541	527.312	370.252	535.637	368.711	540.65	623.132	515.067	620.607	520.456	
81.1797	25.2519	335.703	2.92223	-306.99	35.9321	-54.9269	15.7189	83.4272	20.2802	338.844	-2.32249	-305.446	30.916	-52.4016	10.3298	20.5482	5.63067	-646.016	84.8657	0.487596	-645.389	20.4911	5.69931	-653.816	85.5891	0.493521	-653.155	21.2086	4.3822	-648.795	86.0483	-0.863255	-648.316	0.136939	-0.251356	0.958159	0.0909729	-0.268835	0.958881	0.136939	0.00519896	0.990566	0.0909729	-0.0114977	0.995787	0.136939	0.00519896	0.990566	0.0909729	-0.0114977	0.995787	7.87084	0.29788	5.21993	-0.658785	7.87084	0.29788	5.21993	-0.658785	228.969	96.7987	264.584	81.468	1277.37	540.021	1476.06	454.494	1383.64	487.582	1	1	1
"
 tid_9328_time_14:50:57:324 DPETW@ "GAZE_LOG_CALI: 697.784	544.7	695.461	549.716	952.908	522.137	949.715	527.377	370.419	535.667	368.933	540.708	623.288	515.244	620.772	520.549	
81.3693	25.325	335.877	2.98722	-306.767	35.9898	-54.7617	15.8114	83.6925	20.3095	339.076	-2.25701	-305.278	30.9461	-52.2453	10.5066	20.5983	5.64796	-646.066	84.9084	0.507757	-645.384	20.5418	5.7168	-653.866	85.6324	0.513926	-653.151	21.2708	4.38878	-648.634	86.0909	-0.832066	-648.196	0.133869	-0.24385	0.960529	0.0889512	-0.26111	0.961202	0.133869	0.0130619	0.990913	0.0889512	-0.00343502	0.99603	0.133869	0.0130619	0.990913	0.0889512	-0.00343502	0.99603	7.69388	0.748411	5.10331	-0.196812	7.69388	0.748411	5.10331	-0.196812	227.061	101.762	263.349	86.5336	1266.73	567.707	1469.17	482.754	1371.89	519.875	1	1	1
"
 tid_9328_time_14:50:57:347 DPETW@ "GAZE_LOG_CALI: 698.066	544.843	695.773	549.848	953.224	522.316	949.984	527.55	370.842	535.918	369.243	540.9	623.529	515.395	621.043	520.74	
81.6818	25.4575	336.147	3.16045	-306.457	36.1824	-54.4908	16.0026	83.9753	20.452	339.393	-2.07761	-304.855	31.197	-52.0052	10.6571	20.6771	5.68961	-646.07	84.9766	0.554265	-645.38	20.6216	5.75897	-653.869	85.7014	0.561	-653.146	21.35	4.44123	-648.88	86.1545	-0.789701	-648.069	0.139769	-0.252846	0.957358	0.0859448	-0.256168	0.962804	0.139769	0.003552	0.990178	0.0859448	0.00175305	0.996298	0.139769	0.003552	0.990178	0.0859448	0.00175305	0.996298	8.03455	0.203515	4.93037	0.100442	8.03455	0.203515	4.93037	0.100442	230.93	95.8046	261.524	89.825	1288.31	534.475	1458.99	501.116	1378.61	511.051	1	1	1
"
 tid_9328_time_14:50:57:370 DPETW@ "GAZE_LOG_CALI: 698.273	544.929	696.024	549.962	953.469	522.404	950.217	527.655	371.021	535.99	369.399	540.96	623.708	515.58	621.327	520.905	
81.933	25.5713	336.38	3.26521	-306.301	36.2416	-54.2066	16.1678	84.1826	20.5386	339.639	-1.98996	-304.676	31.2687	-51.8255	10.8422	20.7358	5.71022	-645.908	85.0469	0.588948	-645.467	20.681	5.77984	-653.708	85.7724	0.596104	-653.234	21.4014	4.46122	-648.829	86.2024	-0.754653	-647.96	0.141129	-0.258312	0.955697	0.0787373	-0.247355	0.965721	0.141129	-0.00215767	0.989989	0.0787373	0.0110207	0.996834	0.141129	-0.00215767	0.989989	0.0787373	0.0110207	0.996834	8.11317	-0.123626	4.51626	0.631455	8.11317	-0.123626	4.51626	0.631455	231.842	92.2625	257.069	95.6287	1293.4	514.714	1434.13	533.493	1367.51	518.953	1	1	1
"
 tid_9328_time_14:50:57:392 DPETW@ "GAZE_LOG_CALI: 698.303	544.948	696.087	549.959	953.47	522.572	950.293	527.735	371.068	535.99	369.462	541.051	623.772	515.616	621.39	520.971	
81.9954	25.5683	336.457	3.3456	-306.238	36.3334	-54.1442	16.2337	84.2121	20.5568	339.64	-1.82113	-304.628	31.269	-51.7622	10.8786	20.7515	5.72165	-645.912	85.0637	0.607555	-645.452	20.6969	5.79141	-653.712	85.7894	0.614937	-653.219	21.4099	4.46384	-648.86	86.2165	-0.728573	-648.065	0.140338	-0.261297	0.955002	0.0799385	-0.251454	0.964562	0.140338	-0.00522067	0.99009	0.0799385	0.00676137	0.996777	0.140338	-0.00522067	0.99009	0.0799385	0.00676137	0.996777	8.06753	-0.299124	4.58514	0.387401	8.06753	-0.299124	4.58514	0.387401	231.352	90.3395	257.839	92.9886	1290.66	503.986	1438.43	518.765	1369.39	504.573	1	1	1
"
 tid_9328_time_14:50:57:415 DPETW@ "GAZE_LOG_CALI: 698.31	545.067	696.075	550.098	953.437	522.606	950.294	527.76	371.125	536.075	369.48	541.129	623.88	515.702	621.361	521.033	
81.984	25.7071	336.457	3.37046	-306.22	36.4109	-54.1731	16.2957	84.2195	20.6767	339.607	-1.78723	-304.572	31.3543	-51.6539	10.9647	20.7504	5.74949	-645.955	85.057	0.618488	-645.398	20.6957	5.81958	-653.754	85.7827	0.626003	-653.164	21.4146	4.49063	-648.938	86.2392	-0.713302	-648.3	0.142405	-0.263264	0.954156	0.0901232	-0.264384	0.960197	0.142405	-0.00733937	0.989781	0.0901232	-0.00685754	0.995907	0.142405	-0.00733937	0.989781	0.0901232	-0.00685755	0.995907	8.18726	-0.420519	5.17082	-0.392911	8.18726	-0.420519	5.17082	-0.392911	232.69	89.0167	264.243	84.4968	1298.13	496.606	1474.16	471.391	1394.95	471.68	1	1	1
"
 tid_9328_time_14:50:57:437 DPETW@ "GAZE_LOG_CALI: 698.259	545.131	696.029	550.201	953.339	522.647	950.259	527.815	371.05	536.129	369.471	541.157	623.779	515.687	621.345	521.028	
81.9376	25.8104	336.422	3.42519	-306.228	36.4393	-54.1892	16.2909	84.1683	20.7398	339.509	-1.74673	-304.647	31.4086	-51.7547	10.9496	20.7406	5.76677	-646.017	85.0525	0.624825	-645.433	20.6859	5.83707	-653.817	85.7781	0.632417	-653.199	21.4001	4.50526	-648.9	86.2134	-0.710187	-648.29	0.138841	-0.258907	0.955872	0.0852101	-0.26285	0.961067	0.138841	-0.00268678	0.990311	0.0852101	-0.00515153	0.99635	0.138841	-0.00268678	0.990311	0.0852101	-0.00515153	0.99635	7.98082	-0.153942	4.88817	-0.295162	7.98082	-0.153942	4.88817	-0.295162	230.392	91.9557	261.144	85.5624	1285.31	513.003	1456.87	477.336	1377.76	485.686	1	1	1
"
 tid_9328_time_14:50:57:459 DPETW@ "GAZE_LOG_CALI: 698.215	545.15	695.939	550.248	953.282	522.67	950.118	527.822	371.024	536.181	369.384	541.236	623.679	515.745	621.272	521.077	
81.8475	25.8573	336.281	3.43221	-306.316	36.5178	-54.2615	16.3401	84.1245	20.7592	339.451	-1.72345	-304.673	31.4598	-51.8544	11.0077	20.718	5.7826	-646.017	85.0316	0.632065	-645.545	20.663	5.8531	-653.817	85.7569	0.639743	-653.312	21.3898	4.51445	-648.928	86.1894	-0.699861	-648.222	0.141955	-0.261432	0.954726	0.081913	-0.253671	0.963816	0.141955	-0.00542261	0.989858	0.081913	0.00442626	0.99663	0.141955	-0.00542261	0.989858	0.081913	0.00442626	0.99663	8.16114	-0.310694	4.69858	0.253607	8.16114	-0.310694	4.69858	0.253607	232.376	90.2429	259.056	91.5296	1296.38	503.447	1445.22	510.626	1376.45	499.156	1	1	1
"
 tid_9328_time_14:50:57:481 DPETW@ "GAZE_LOG_CALI: 698.075	545.3	695.746	550.337	953.122	522.699	949.949	527.844	370.936	536.349	369.285	541.313	623.53	515.755	621.093	521.112	
81.6549	25.9462	336.112	3.45475	-306.415	36.5956	-54.441	16.3744	83.9838	20.9093	339.291	-1.69444	-304.761	31.6282	-52.0041	11.0179	20.674	5.80515	-646.174	84.9858	0.639062	-645.52	20.6184	5.8759	-653.973	85.7106	0.646826	-653.286	21.3567	4.55565	-649.016	86.1506	-0.695035	-648.233	0.142447	-0.25472	0.956466	0.0838853	-0.255787	0.963087	0.142447	0.00151055	0.989801	0.0838853	0.00219437	0.996473	0.142447	0.00151055	0.989801	0.0838853	0.00219437	0.996473	8.18946	0.0865479	4.81194	0.125729	8.18946	0.0865479	4.81194	0.125729	232.67	94.6025	260.249	90.1478	1298.02	527.768	1451.88	502.916	1380.21	508.181	1	1	1
"
 tid_9328_time_14:50:57:503 DPETW@ "GAZE_LOG_CALI: 697.972	545.33	695.619	550.411	953.008	522.716	949.813	527.885	370.868	536.359	369.156	541.427	623.411	515.761	620.915	521.111	
81.5276	26.0204	335.976	3.49549	-306.544	36.7089	-54.6186	16.3736	83.8806	20.939	339.177	-1.67734	-304.829	31.6383	-52.1225	11.0234	20.6417	5.82877	-646.165	84.9421	0.643826	-645.449	20.5857	5.89981	-653.965	85.6664	0.651649	-653.215	21.3323	4.56108	-649.074	86.1204	-0.692277	-648.224	0.145673	-0.261223	0.954223	0.0874932	-0.258978	0.961912	0.145673	-0.0053508	0.989318	0.0874932	-0.001192	0.996164	0.145673	-0.0053508	0.989318	0.0874932	-0.001192	0.996164	8.37635	-0.30658	5.01941	-0.0682968	8.37635	-0.30658	5.01941	-0.0682968	234.719	90.2925	262.472	88.0527	1309.45	503.724	1464.28	491.229	1394.57	486.964	1	1	1
"
 tid_9328_time_14:50:57:525 DPETW@ "GAZE_LOG_CALI: 697.914	545.38	695.531	550.412	952.93	522.703	949.742	527.861	370.725	536.355	369.063	541.423	623.28	515.691	620.82	521.09	
81.4401	26.022	335.904	3.4713	-306.637	36.7054	-54.7139	16.3528	83.8234	20.989	339.099	-1.69004	-304.972	31.6345	-52.254	10.9539	20.6191	5.82834	-646.157	84.9187	0.63796	-645.408	20.5629	5.89938	-653.956	85.6427	0.645712	-653.174	21.3135	4.56566	-648.92	86.0889	-0.702856	-648.139	0.142584	-0.253362	0.956806	0.0852857	-0.257746	0.962441	0.142584	0.00291039	0.989779	0.0852857	0.000134513	0.996357	0.142584	0.00291039	0.989779	0.0852857	0.000134513	0.996357	8.19741	0.166753	4.89245	0.00770702	8.19741	0.166753	4.89245	0.00770702	232.701	95.5137	261.054	88.8874	1298.19	532.852	1456.37	495.885	1382.8	506.889	1	1	1
"
 tid_9328_time_14:50:57:548 DPETW@ "GAZE_LOG_CALI: 697.803	545.437	695.471	550.463	952.834	522.759	949.7	527.883	370.623	536.439	368.932	541.471	623.203	515.746	620.728	521.079	
81.3803	26.0727	335.862	3.49365	-306.769	36.7539	-54.806	16.3412	83.7119	21.0462	339.002	-1.63403	-305.075	31.7185	-52.3306	11.0087	20.6001	5.83967	-646.037	84.8974	0.639104	-645.332	20.5436	5.91086	-653.836	85.6213	0.64687	-653.098	21.2854	4.58368	-648.935	86.0683	-0.688839	-648.164	0.144557	-0.258629	0.955099	0.0871214	-0.260312	0.961586	0.144557	-0.00261813	0.989493	0.0871214	-0.00256504	0.996194	0.144557	-0.00261813	0.989493	0.0871214	-0.00256504	0.996194	8.31168	-0.150008	4.99804	-0.146966	8.31168	-0.150008	4.99804	-0.146966	233.938	92.0638	262.183	87.22	1305.09	513.606	1462.67	486.583	1391.12	490.191	1	1	1
"
 tid_9328_time_14:50:57:570 DPETW@ "GAZE_LOG_CALI: 697.788	545.45	695.433	550.52	952.745	522.703	949.636	527.918	370.592	536.423	368.875	541.517	623.158	515.78	620.654	521.066	
81.3419	26.1295	335.798	3.52828	-306.825	36.7995	-54.8796	16.3284	83.6967	21.0592	338.913	-1.6901	-305.105	31.7023	-52.3757	11.0426	20.5894	5.85229	-646.003	84.8788	0.641742	-645.31	20.5328	5.92363	-653.802	85.6025	0.64954	-653.076	21.2808	4.58303	-648.907	86.0554	-0.691709	-648.24	0.145796	-0.261318	0.954178	0.0898879	-0.266189	0.95972	0.145796	-0.00545457	0.9893	0.0898879	-0.00872488	0.995914	0.145796	-0.00545457	0.9893	0.0898879	-0.00872488	0.995914	8.38352	-0.312525	5.15735	-0.499905	8.38352	-0.312525	5.15735	-0.499905	234.724	90.2927	263.908	83.3749	1309.48	503.725	1472.29	465.132	1400.05	471.758	1	1	1
"
 tid_9328_time_14:50:57:592 DPETW@ "GAZE_LOG_CALI: 697.758	545.452	695.398	550.494	952.819	522.732	949.662	527.917	370.523	536.494	368.858	541.551	623.128	515.766	620.659	521.108	
81.307	26.1033	335.824	3.52767	-306.842	36.8332	-54.8749	16.3707	83.6673	21.0616	338.987	-1.66139	-305.174	31.7734	-52.4059	11.029	20.5813	5.85359	-646.039	84.8805	0.646997	-645.271	20.5246	5.92495	-653.838	85.6043	0.65486	-653.037	21.2709	4.59188	-648.844	86.0514	-0.689742	-648.069	0.142912	-0.255261	0.956252	0.086554	-0.260254	0.961653	0.142912	0.0009332	0.989735	0.086554	-0.00249182	0.996244	0.142912	0.0009332	0.989735	0.086554	-0.00249182	0.996244	8.21638	0.0534684	4.96541	-0.142771	8.21638	0.0534684	4.96541	-0.142771	232.859	94.3201	261.803	87.2895	1299.07	526.193	1460.55	486.971	1386.18	497.885	1	1	1
"
 tid_9328_time_14:50:57:615 DPETW@ "GAZE_LOG_CALI: 697.716	545.505	695.414	550.542	952.775	522.743	949.625	527.968	370.47	536.573	368.859	541.575	623.177	515.805	620.671	521.156	
81.3231	26.1512	335.787	3.57825	-306.842	36.857	-54.863	16.4185	83.6254	21.1145	338.944	-1.65076	-305.227	31.8521	-52.3572	11.0675	20.5846	5.86241	-646.01	84.882	0.659614	-645.358	20.528	5.93387	-653.809	85.6057	0.667629	-653.124	21.2597	4.60847	-648.824	86.0605	-0.683507	-648.22	0.140436	-0.254393	0.95685	0.0890567	-0.264562	0.960248	0.140436	0.00192659	0.990088	0.0890567	-0.0070169	0.996002	0.140436	0.00192659	0.990088	0.0890567	-0.0070169	0.996002	8.0731	0.110385	5.10947	-0.402042	8.0731	0.110385	5.10947	-0.402042	231.263	94.9631	263.391	84.4484	1290.17	529.78	1469.41	471.121	1386.67	490.944	1	1	1
"
 tid_9328_time_14:50:57:637 DPETW@ "GAZE_LOG_CALI: 697.739	545.582	695.457	550.565	952.821	522.863	949.687	528.096	370.385	536.609	368.895	541.597	623.195	515.896	620.753	521.229	
81.3657	26.175	335.849	3.70677	-306.805	36.8797	-54.781	16.4916	83.6478	21.1913	338.99	-1.53061	-305.312	31.8881	-52.339	11.1585	20.5953	5.8682	-645.995	84.9018	0.685289	-645.387	20.5387	5.93974	-653.794	85.6257	0.693616	-653.153	21.2595	4.62139	-648.644	86.0659	-0.656571	-648.173	0.134355	-0.245766	0.959973	0.0850097	-0.26072	0.961664	0.134355	0.011068	0.990871	0.0850097	-0.00293888	0.996376	0.134355	0.011068	0.990871	0.0850097	-0.00293888	0.996376	7.72179	0.634165	4.8766	-0.168386	7.72179	0.634165	4.8766	-0.168386	227.366	100.738	260.863	87.0173	1268.43	561.997	1455.3	485.452	1365.51	518.683	1	1	1
"
 tid_9328_time_14:50:57:660 DPETW@ "GAZE_LOG_CALI: 697.887	545.674	695.591	550.637	952.919	522.936	949.726	528.139	370.419	536.678	368.997	541.626	623.309	515.957	620.822	521.286	
81.5003	26.2462	335.889	3.75007	-306.703	36.9086	-54.7116	16.5488	83.7965	21.2831	339.087	-1.45719	-305.278	31.9571	-52.2245	11.2194	20.6273	5.88058	-645.95	84.9182	0.698194	-645.432	20.5712	5.95228	-653.749	85.6422	0.706677	-653.199	21.2911	4.64044	-648.451	86.0949	-0.639354	-648.209	0.130767	-0.238279	0.962353	0.087271	-0.259462	0.961802	0.130767	0.0189158	0.991233	0.087271	-0.00168797	0.996183	0.130767	0.0189158	0.991233	0.087271	-0.00168797	0.996183	7.51526	1.08386	5.00664	-0.0967138	7.51526	1.08386	5.00664	-0.0967138	225.1	105.707	262.308	87.8001	1255.79	589.716	1463.36	489.819	1361.77	536.804	1	1	1
"
 tid_9328_time_14:50:57:682 DPETW@ "GAZE_LOG_CALI: 697.97	545.651	695.736	550.652	953.03	522.831	949.814	528.144	370.746	536.7	369.188	541.631	623.415	515.983	620.942	521.328	
81.6445	26.2614	335.977	3.7546	-306.512	36.9133	-54.592	16.5902	83.8795	21.2606	339.199	-1.56207	-304.951	31.9798	-52.1188	11.2459	20.6663	5.88407	-646.03	84.9476	0.704245	-645.488	20.6107	5.95579	-653.829	85.6719	0.712801	-653.254	21.3255	4.64396	-648.862	86.1217	-0.649163	-648.192	0.137815	-0.252923	0.95762	0.0855035	-0.258865	0.962122	0.137815	0.00354531	0.990452	0.0855035	-0.00102854	0.996337	0.137815	0.00354531	0.990452	0.0855035	-0.00102854	0.996337	7.92147	0.203132	4.90498	-0.0589309	7.92147	0.203132	4.90498	-0.0589309	229.663	96.0003	261.228	88.2041	1281.24	535.566	1457.34	492.073	1374.27	506.937	1	1	1
"
 tid_9328_time_14:50:57:705 DPETW@ "GAZE_LOG_CALI: 698.07	545.607	695.841	550.609	953.141	522.84	949.873	528.123	370.83	536.621	369.252	541.607	623.548	515.946	621.009	521.286	
81.7496	26.218	336.036	3.73413	-306.448	36.8893	-54.5249	16.5486	83.9791	21.2164	339.31	-1.55297	-304.867	31.9006	-51.9861	11.2089	20.6912	5.87484	-645.953	84.9643	0.696444	-645.5	20.6358	5.94646	-653.752	85.6888	0.704905	-653.266	21.35	4.62812	-648.84	86.155	-0.652623	-648.232	0.139049	-0.256676	0.956443	0.0890702	-0.259333	0.961672	0.139049	-0.000384241	0.990285	0.0890702	-0.00159726	0.996024	0.139049	-0.000384241	0.990285	0.0890702	-0.00159726	0.996024	7.99281	-0.0220154	5.11013	-0.091516	7.99281	-0.0220154	5.11013	-0.091516	230.47	93.5313	263.494	87.8373	1285.75	521.792	1469.98	490.027	1384.14	497.289	1	1	1
"
 tid_9328_time_14:50:57:728 DPETW@ "GAZE_LOG_CALI: 698.176	545.544	695.921	550.524	953.251	522.819	949.977	528.025	370.92	536.471	369.347	541.5	623.68	515.847	621.201	521.184	
81.8297	26.1339	336.139	3.63573	-306.353	36.7821	-54.3335	16.4471	84.0854	21.1531	339.421	-1.57398	-304.777	31.7503	-51.854	11.11	20.7123	5.85093	-645.984	85.0105	0.671516	-645.655	20.6572	5.92226	-653.783	85.7353	0.679672	-653.422	21.3762	4.60076	-648.818	86.188	-0.667827	-648.267	0.138574	-0.254696	0.957041	0.0846631	-0.252004	0.964016	0.138574	0.00168313	0.99035	0.0846631	0.00608853	0.996391	0.138574	0.00168313	0.990351	0.0846631	0.00608853	0.996391	7.96538	0.0964364	4.85674	0.348849	7.96538	0.0964364	4.85674	0.348849	230.19	94.8046	260.776	92.5807	1284.18	528.896	1454.82	516.489	1373.76	516.899	3	1	1
"