
 tid_13284_time_14:9:55:415 DPETW@ "GAZE_LOG_CALI: 669.372	455.703	668.177	461.763	948.907	432.535	946.355	438.996	306.522	446.829	306.134	452.827	582.796	425.835	581.152	432.212	
54.0842	-62.6328	332.524	-85.4637	-369.676	-51.95	-94.3889	-72.5325	55.2799	-68.6936	335.083	-91.9317	-369.288	-57.9517	-92.746	-78.9101	12.5522	-15.3809	-592.04	76.9671	-20.1355	-590.905	12.3833	-15.5856	-599.835	77.6526	-20.403	-598.671	12.89	-16.8651	-594.861	77.9077	-21.7239	-593.555	0.0981772	-0.247936	0.963789	0.0482364	-0.24972	0.967116	0.0981772	0.00995955	0.995119	0.0482364	0.00909746	0.998795	0.0981772	0.00995955	0.995119	0.0482364	0.00909746	0.998795	5.63449	0.57065	2.76493	0.521253	5.63449	0.57065	2.76493	0.521253	190.435	92.6082	227.017	87.7242	1062.4	516.643	1266.48	489.396	1164.44	503.019	1	0	0
"
 tid_13284_time_14:9:55:437 DPETW@ "GAZE_LOG_CALI: 662.248	446.376	662.084	451.445	941.285	423.44	940.393	429.185	299.401	438.442	299.583	442.514	575.571	417.62	574.93	422.484	
47.9909	-72.951	326.553	-95.2816	-376.241	-62.272	-100.614	-82.263	48.1553	-78.0208	327.449	-101.032	-376.425	-66.3474	-99.9726	-87.1273	11.1276	-17.7713	-591.421	75.5453	-22.4008	-590.594	10.9397	-18.008	-599.215	76.2123	-22.6985	-598.36	11.2278	-18.945	-594.887	76.2075	-23.7746	-594.146	0.064913	-0.211152	0.975295	-0.00110339	-0.247435	0.968904	0.064913	0.0484677	0.996713	-0.00110339	0.0117665	0.99993	0.064913	0.0484677	0.996713	-0.00110339	0.0117665	0.99993	3.72624	2.77808	-0.0632238	0.674184	3.72624	2.77808	-0.0632238	0.674184	169.888	112.279	197.67	87.079	947.771	626.381	1102.76	485.796	1025.27	556.088	1	0	0
"
 tid_13284_time_14:9:55:460 DPETW@ "GAZE_LOG_CALI: 659.865	444.199	660.41	450.434	939.873	421.564	939.188	428.164	296.343	435.326	297.536	441.472	572.88	414.995	573.232	421.407	
46.317	-73.9621	325.347	-96.3036	-378.293	-63.3157	-102.312	-83.34	45.7723	-80.1987	326.035	-102.91	-379.489	-69.4662	-102.665	-89.7533	10.7302	-17.9961	-590.883	75.1784	-22.62	-589.904	10.5368	-18.236	-598.677	75.8413	-22.921	-597.67	10.6585	-19.5358	-593.898	75.6523	-24.2317	-592.366	0.0245653	-0.262373	0.964654	-0.0345765	-0.239768	0.970214	0.0245653	-0.00376187	0.999691	-0.0345765	0.0195123	0.999212	0.0245653	-0.00376187	0.999691	-0.0345766	0.0195123	0.999212	1.40764	-0.21554	-1.98186	1.11804	1.40764	-0.21554	-1.98186	1.11804	146.513	82.5417	178.428	91.4058	817.368	460.484	995.413	509.935	906.391	485.209	1	0	0
"
 tid_13284_time_14:9:55:483 DPETW@ "GAZE_LOG_CALI: 657.752	443.995	658.291	450.023	938.255	421.217	937.541	427.867	293.45	435.025	294.707	441.166	570.525	414.596	570.791	421.031	
44.1981	-74.3735	323.696	-96.6003	-381.128	-63.6224	-104.754	-83.7158	43.6589	-80.4024	324.414	-103.257	-382.388	-69.7681	-105.02	-90.1526	10.222	-18.0514	-589.862	74.6553	-22.6578	-588.782	10.0215	-18.2925	-597.656	75.3126	-22.9599	-596.549	10.1479	-19.5614	-592.78	75.1454	-24.2793	-591.34	0.0250913	-0.251794	0.967456	-0.0311069	-0.245451	0.96891	0.0250913	0.00718179	0.999659	-0.0311069	0.0136846	0.999422	0.0250913	0.00718179	0.999659	-0.0311069	0.0136846	0.999422	1.43781	0.41149	-1.78275	0.784094	1.43781	0.41149	-1.78275	0.784094	146.271	88.9352	179.893	88.3563	816.015	496.152	1003.59	492.922	909.801	494.537	1	0	0
"
 tid_13284_time_14:9:55:506 DPETW@ "GAZE_LOG_CALI: 655.706	444.474	656.232	450.64	936.892	421.904	936.178	428.379	290.392	435.553	291.547	441.633	568.163	415.233	568.341	421.628	
42.1383	-73.7565	322.33	-96.0868	-384.294	-63.1553	-107.205	-83.1191	41.6124	-79.9235	323.048	-102.568	-385.453	-69.2408	-107.383	-89.5154	9.72053	-17.8817	-588.288	74.1472	-22.4738	-587.252	9.51281	-18.1211	-596.081	74.7994	-22.7742	-595.018	9.64915	-19.4005	-591.34	74.6515	-24.0708	-589.931	0.0277506	-0.260398	0.965102	-0.0281746	-0.246888	0.968634	0.0277506	-0.00173831	0.999613	-0.0281746	0.0122252	0.999528	0.0277506	-0.00173831	0.999613	-0.0281746	0.0122252	0.999528	1.5902	-0.0995979	-1.61462	0.700467	1.5902	-0.0995979	-1.61462	0.700467	147.224	84.4735	181.071	88.0924	821.331	471.261	1010.16	491.45	915.746	481.356	1	0	0
"
 tid_13284_time_14:9:55:528 DPETW@ "GAZE_LOG_CALI: 654.477	445.642	654.912	451.854	936.286	423.151	935.474	429.779	288.306	436.692	289.469	442.776	566.574	416.479	566.786	422.976	
40.8183	-72.5425	321.625	-94.6851	-386.376	-62.0118	-108.759	-81.7711	40.3831	-78.7552	322.441	-101.32	-387.542	-68.1014	-108.973	-88.27	9.39918	-17.5791	-587.203	73.8342	-22.1132	-586.054	9.18676	-17.8149	-594.996	74.4836	-22.4094	-593.821	9.34541	-19.0953	-590.121	74.3381	-23.7285	-588.563	0.0314601	-0.253901	0.966719	-0.0268438	-0.243262	0.969589	0.0314601	0.00495599	0.999493	-0.0268438	0.0159749	0.999512	0.0314601	0.00495599	0.999493	-0.0268438	0.0159749	0.999512	1.80285	0.283959	-1.53842	0.915331	1.80285	0.283959	-1.53842	0.915331	148.959	88.8164	181.531	90.8417	831.01	495.489	1012.72	506.788	921.866	501.138	1	0	0
"
 tid_13284_time_14:9:55:551 DPETW@ "GAZE_LOG_CALI: 653.86	446.932	654.325	453.047	936.061	424.351	935.325	430.981	287.008	437.937	288.304	443.983	565.824	417.696	565.994	424.145	
40.2312	-71.3485	321.475	-93.4826	-387.543	-60.8037	-109.552	-80.6023	39.7664	-77.4649	322.215	-100.119	-388.843	-66.8552	-109.722	-87.0526	9.25113	-17.2791	-586.382	73.6865	-21.8077	-585.155	9.03642	-17.5112	-594.176	74.335	-22.1003	-592.922	9.18781	-18.7722	-589.159	74.1935	-23.4206	-587.831	0.0292556	-0.243671	0.969417	-0.0269032	-0.25094	0.967629	0.0292556	0.0155353	0.999451	-0.0269032	0.00805089	0.999606	0.0292556	0.0155353	0.999451	-0.0269032	0.00805089	0.999606	1.67666	0.890141	-1.54168	0.461287	1.67666	0.890141	-1.54168	0.461287	147.548	95.2606	181.371	86.9285	823.143	531.44	1011.83	484.957	917.488	508.198	1	0	0
"
 tid_13284_time_14:9:55:573 DPETW@ "GAZE_LOG_CALI: 653.799	447.991	654.258	454.207	936.483	425.374	935.669	432.044	286.228	439.012	287.572	445.118	565.497	418.701	565.646	425.207	
40.1646	-70.1888	321.819	-92.4186	-388.276	-59.6677	-109.9	-79.5397	39.7055	-76.4052	322.637	-99.0949	-389.624	-65.7792	-110.049	-86.0473	9.22114	-16.9886	-585.45	73.645	-21.5289	-584.206	9.00568	-17.2172	-593.244	74.294	-21.8182	-591.973	9.15793	-18.4946	-588.161	74.1604	-23.1463	-586.8	0.0290366	-0.24363	0.969433	-0.0250132	-0.248563	0.968293	0.0290366	0.0155793	0.999457	-0.0250132	0.010519	0.999632	0.0290366	0.0155793	0.999457	-0.0250132	0.010519	0.999632	1.66411	0.892663	-1.43338	0.602704	1.66411	0.892663	-1.43338	0.602704	147.37	95.7977	182.409	88.8177	822.151	534.436	1017.62	495.496	919.886	514.966	1	0	0
"
 tid_13284_time_14:9:55:595 DPETW@ "GAZE_LOG_CALI: 654.195	448.158	654.627	454.414	937.264	425.404	936.407	432.055	286.252	439.174	287.605	445.363	565.785	418.756	566.051	425.298	
40.5334	-69.9818	322.558	-92.4077	-388.243	-59.4225	-109.494	-79.4489	40.1016	-76.2384	323.42	-99.0655	-389.6	-65.6176	-109.761	-85.9927	9.29823	-16.9234	-584.991	73.757	-21.5002	-583.747	9.08362	-17.1513	-592.784	74.408	-21.7893	-591.515	9.24117	-18.441	-587.655	74.2559	-23.1105	-586.136	0.0297713	-0.243724	0.969387	-0.0274554	-0.238432	0.970771	0.0297713	0.0154762	0.999437	-0.0274554	0.0209461	0.999404	0.0297713	0.0154762	0.999437	-0.0274554	0.0209461	0.999404	1.70622	0.886755	-1.57362	1.20021	1.70622	0.886755	-1.57362	1.20021	147.848	95.9159	181.168	94.7795	824.815	535.095	1010.7	528.756	917.756	531.926	1	0	0
"
 tid_13284_time_14:9:55:617 DPETW@ "GAZE_LOG_CALI: 655.448	447.459	655.944	453.616	938.799	424.711	937.987	431.313	287.14	438.433	288.428	444.562	566.899	418.03	567.195	424.592	
41.8499	-70.7798	324.142	-93.1513	-387.418	-60.2244	-108.35	-80.1548	41.3551	-76.9378	324.958	-99.7595	-388.711	-66.3591	-108.647	-86.7186	9.58964	-17.0878	-584.331	74.0461	-21.6445	-583.176	9.37871	-17.3181	-592.125	74.7016	-21.9359	-590.943	9.52215	-18.5917	-587.174	74.5384	-23.2512	-585.577	0.0280496	-0.249057	0.968083	-0.0295317	-0.237971	0.970823	0.0280496	0.00998805	0.999557	-0.0295317	0.0214051	0.999335	0.0280496	0.00998805	0.999557	-0.0295317	0.0214051	0.999335	1.60741	0.572283	-1.69268	1.22651	1.60741	0.572283	-1.69268	1.22651	147.157	92.8424	180.319	95.0303	820.961	517.949	1005.96	530.155	913.462	524.052	1	0	0
"
 tid_13284_time_14:9:55:640 DPETW@ "GAZE_LOG_CALI: 656.215	446.137	657.045	452.423	939.684	423.838	939.187	430.478	287.712	437.207	289.33	443.355	567.638	417.209	568.129	423.671	
42.9517	-71.9734	325.344	-93.9877	-386.515	-61.4324	-107.416	-81.0764	42.1213	-78.2602	325.845	-100.634	-388.138	-67.5863	-107.908	-87.5394	9.83718	-17.3558	-584.09	74.2768	-21.8325	-582.829	9.62949	-17.5898	-591.884	74.9358	-22.1266	-590.596	9.69402	-18.8779	-586.935	74.7188	-23.4387	-585.402	0.0126172	-0.251889	0.967674	-0.0404686	-0.244745	0.968742	0.0126172	0.00714658	0.999895	-0.0404686	0.0143232	0.999078	0.0126172	0.00714658	0.999895	-0.0404686	0.0143232	0.999078	0.722948	0.409473	-2.31955	0.820685	0.722948	0.409473	-2.31955	0.820685	138.765	91.0485	174.466	90.9846	774.141	507.941	973.31	507.585	873.726	507.763	1	0	0
"
 tid_13284_time_14:9:55:662 DPETW@ "GAZE_LOG_CALI: 655.459	443.878	658.11	450.107	938.478	422.522	939.766	429.137	287.012	435.012	290.3	441.162	566.206	415.845	568.441	422.474	
44.0167	-74.2893	325.925	-95.3292	-385.543	-63.6264	-107.104	-82.2728	41.3653	-80.519	324.637	-101.95	-388.839	-69.7824	-109.34	-88.9035	10.0791	-17.8699	-583.997	74.3651	-22.11	-582.483	9.87468	-18.111	-591.791	75.0256	-22.408	-590.25	9.52171	-19.3955	-587.024	74.403	-23.7361	-585.091	-0.0713098	-0.259511	0.963104	-0.116079	-0.247632	0.961875	-0.0713098	-0.00139908	0.997453	-0.116079	0.00975789	0.993192	-0.0713098	-0.00139908	0.997453	-0.116079	0.00975789	0.993192	-4.08922	-0.0801617	-6.6662	0.559095	-4.08922	-0.0801617	-6.6662	0.559095	91.998	85.7889	132.088	88.2866	513.238	478.599	736.894	492.534	622.362	480.766	1	0	0
"
 tid_13284_time_14:9:55:684 DPETW@ "GAZE_LOG_CALI: 657.158	442.084	659.92	448.322	940.777	421.37	942.199	428.02	288.575	433.206	291.856	439.354	568.27	414.749	570.513	421.31	
45.827	-76.075	328.363	-96.4488	-383.984	-65.4365	-105.031	-83.4369	43.0647	-82.3133	326.941	-103.104	-387.274	-71.5903	-107.276	-90.0001	10.4876	-18.272	-583.694	74.8624	-22.3523	-582.025	10.2885	-18.5186	-591.487	75.53	-22.6537	-589.79	9.90996	-19.805	-586.877	74.8938	-23.9813	-584.799	-0.0788456	-0.267942	0.960203	-0.122259	-0.255112	0.959151	-0.0788456	-0.0102932	0.996834	-0.122259	0.0018274	0.992497	-0.0788456	-0.0102932	0.996834	-0.122259	0.0018274	0.992497	-4.52245	-0.589767	-7.02249	0.104703	-4.52245	-0.589767	-7.02249	0.104703	88.1933	80.4907	129.146	83.7261	492.013	449.042	720.48	467.091	600.454	447.882	1	0	0
"
 tid_13284_time_14:9:55:707 DPETW@ "GAZE_LOG_CALI: 659.153	440.541	661.846	446.753	942.994	420.455	944.391	427.15	290.27	431.649	293.575	437.687	570.21	413.865	572.472	420.451	
47.7532	-77.6441	330.56	-97.3198	-382.263	-67.1046	-103.073	-84.2964	45.06	-83.8573	329.162	-104.021	-385.575	-73.1483	-105.336	-90.8836	10.9242	-18.634	-583.439	75.3253	-22.5373	-581.731	10.731	-18.8856	-591.233	75.9995	-22.8413	-589.496	10.362	-20.1489	-586.512	75.358	-24.1725	-584.458	-0.0752805	-0.257771	0.963269	-0.122175	-0.253541	0.959578	-0.0752805	0.000324547	0.997162	-0.122175	0.00345539	0.992503	-0.0752805	0.000324547	0.997162	-0.122175	0.00345539	0.992503	-4.31734	0.0185952	-7.01768	0.197979	-4.31734	0.0185952	-7.01768	0.197979	90.6729	86.1508	129.704	84.5316	505.846	480.618	723.592	471.585	610.779	469.211	1	0	0
"
 tid_13284_time_14:9:55:729 DPETW@ "GAZE_LOG_CALI: 661.533	439.225	664.268	445.484	945.732	419.908	947.175	426.653	292.208	430.371	295.474	436.512	572.516	413.49	574.8	419.932	
50.1757	-78.9132	333.349	-97.8182	-380.36	-68.2801	-100.744	-84.8148	47.4406	-85.1737	331.906	-104.569	-383.634	-74.427	-103.029	-91.2584	11.4642	-18.8913	-582.772	75.8842	-22.629	-581.147	11.278	-19.1467	-590.566	76.5665	-22.9346	-588.911	10.8987	-20.427	-585.948	75.9138	-24.2538	-583.905	-0.0788926	-0.266331	0.960648	-0.125103	-0.252829	0.959389	-0.0788926	-0.0086223	0.996846	-0.125103	0.00409442	0.992135	-0.0788926	-0.0086223	0.996846	-0.125103	0.00409442	0.992135	-4.52508	-0.494028	-7.18675	0.234594	-4.52508	-0.494028	-7.18675	0.234594	89.2403	81.0678	128.681	84.9489	497.854	452.261	717.884	473.913	602.557	453.781	1	0	0
"
 tid_13284_time_14:9:55:751 DPETW@ "GAZE_LOG_CALI: 663.469	438.972	666.174	445.225	948	420.119	949.383	426.903	293.72	430.176	296.959	436.296	574.457	413.57	576.675	420.185	
52.0819	-79.1724	335.562	-97.5687	-378.872	-68.4956	-98.8681	-84.5619	49.3771	-85.4267	334.179	-104.358	-382.119	-74.6213	-101.088	-91.1778	11.8879	-18.9269	-582.228	76.3302	-22.5529	-580.705	11.7073	-19.183	-590.021	77.0191	-22.8577	-588.469	11.3323	-20.4582	-585.398	76.3777	-24.2008	-583.473	-0.0779454	-0.265091	0.961068	-0.123023	-0.257641	0.958377	-0.0779454	-0.00731605	0.996931	-0.123023	-0.0008156	0.992404	-0.0779454	-0.00731605	0.996931	-0.123023	-0.0008156	0.992404	-4.47059	-0.419183	-7.06658	-0.0467305	-4.47059	-0.419183	-7.06658	-0.0467305	90.2449	81.9084	130.366	82.392	503.458	456.951	727.283	459.648	610.13	448.845	1	0	0
"
 tid_13284_time_14:9:55:773 DPETW@ "GAZE_LOG_CALI: 664.701	439.517	667.348	445.779	949.53	420.955	950.907	427.691	294.491	430.834	297.698	436.84	575.585	414.359	577.756	420.961	
53.2561	-78.619	337.088	-96.7809	-378.131	-67.9511	-97.7874	-83.7856	50.6085	-84.8816	335.711	-103.522	-381.346	-73.963	-99.9594	-90.3889	12.1437	-18.7819	-581.642	76.5988	-22.3507	-580.11	11.9663	-19.0363	-589.435	77.292	-22.6531	-587.873	11.6021	-20.298	-584.786	76.6571	-23.9915	-582.933	-0.0753841	-0.261163	0.962347	-0.123097	-0.259511	0.957863	-0.0753841	-0.00319034	0.997149	-0.123097	-0.00275503	0.992391	-0.0753841	-0.00319034	0.997149	-0.123097	-0.00275503	0.992391	-4.32331	-0.182793	-7.07089	-0.157852	-4.32331	-0.182793	-7.07089	-0.157852	91.9838	84.5086	130.661	81.6618	513.159	471.456	728.932	455.575	616.51	455.267	1	0	0
"
 tid_13284_time_14:9:55:795 DPETW@ "GAZE_LOG_CALI: 665.62	440.887	668.371	447.24	950.724	422.418	952.215	429.137	294.968	432.165	298.354	438.32	576.416	415.847	578.745	422.549	
54.2788	-77.1572	338.399	-95.3337	-377.474	-66.4696	-96.7972	-82.1975	51.5278	-83.5112	336.907	-102.059	-380.868	-72.6301	-99.1284	-88.9007	12.3662	-18.429	-581.138	76.8389	-21.9874	-579.678	12.1916	-18.6788	-588.932	77.5358	-22.285	-587.441	11.8009	-19.9663	-584.179	76.8649	-23.6326	-582.439	-0.0791014	-0.260642	0.96219	-0.128441	-0.257993	0.957571	-0.0791014	-0.00272766	0.996863	-0.128441	-0.00136457	0.991716	-0.0791014	-0.00272766	0.996863	-0.128441	-0.00136457	0.991716	-4.53694	-0.156283	-7.37954	-0.0781843	-4.53694	-0.156283	-7.37954	-0.0781843	90.1535	85.243	127.915	82.9052	502.949	475.553	713.61	462.511	603.445	460.636	1	0	0
"
 tid_13284_time_14:9:55:818 DPETW@ "GAZE_LOG_CALI: 665.842	442.522	668.864	448.714	950.966	424.001	952.796	430.774	294.881	433.753	298.468	439.746	576.232	417.528	579.019	424.002	
54.7719	-75.6836	338.981	-93.6958	-377.359	-65.0427	-96.5236	-80.7442	51.7495	-81.8758	337.149	-100.474	-380.954	-71.041	-99.3121	-87.2194	12.4668	-18.0817	-580.622	76.9147	-21.6193	-579.254	12.2935	-18.3271	-588.416	77.6131	-21.9122	-587.017	11.8424	-19.5821	-583.755	76.8425	-23.2356	-581.853	-0.0930231	-0.258853	0.961427	-0.143062	-0.245686	0.958734	-0.0930231	-0.00119679	0.995663	-0.143062	0.0108245	0.989655	-0.0930231	-0.00119679	0.995663	-0.143062	0.0108245	0.989655	-5.33755	-0.0685708	-8.22554	0.620208	-5.33755	-0.0685708	-8.22554	0.620208	82.4662	86.5698	119.709	90.1885	460.063	482.955	667.832	503.144	558.197	484.528	1	0	0
"
 tid_13284_time_14:9:55:841 DPETW@ "GAZE_LOG_CALI: 666.143	443.409	669.275	449.571	951.449	424.74	953.304	431.488	294.805	434.635	298.451	440.607	576.454	418.309	579.35	424.798	
55.1827	-74.8262	339.489	-92.9813	-377.376	-64.1806	-96.1925	-79.9473	52.0508	-80.9894	337.633	-99.7346	-381.031	-70.158	-99.0901	-86.4382	12.5477	-17.8677	-580.037	76.9975	-21.4378	-579.005	12.3752	-18.1104	-587.831	77.6973	-21.7283	-586.769	11.9009	-19.3622	-583.238	76.9058	-23.0475	-581.497	-0.0991482	-0.26166	0.960054	-0.144134	-0.240219	0.959959	-0.0991482	-0.00426395	0.995064	-0.144134	0.0164223	0.989422	-0.0991482	-0.00426395	0.995064	-0.144134	0.0164223	0.989422	-5.69018	-0.244307	-8.28824	0.94097	-5.69018	-0.244307	-8.28824	0.94097	79.1476	85.2198	119.203	93.5591	441.549	475.424	665.01	521.948	547.232	490.043	1	0	0
"
 tid_13284_time_14:9:55:863 DPETW@ "GAZE_LOG_CALI: 666.21	443.835	669.241	449.936	951.541	424.956	953.377	431.715	294.565	435.015	298.258	440.984	576.467	418.47	579.32	424.943	
55.1486	-74.4612	339.562	-92.7534	-377.57	-63.803	-96.2219	-79.8026	52.118	-80.5632	337.725	-99.519	-381.271	-69.7779	-99.0769	-86.2771	12.5355	-17.7764	-579.812	76.9959	-21.3906	-578.873	12.3628	-18.018	-587.606	77.6959	-21.6806	-586.636	11.908	-19.2563	-582.817	76.9129	-23.0004	-581.393	-0.0915521	-0.249269	0.964097	-0.143337	-0.241628	0.959724	-0.0915521	0.00875105	0.995762	-0.143337	0.0150001	0.98956	-0.0915521	0.00875105	0.995762	-0.143337	0.0150001	0.98956	-5.25311	0.501405	-8.24191	0.859475	-5.25311	0.501405	-8.24191	0.859475	83.4261	92.6222	119.675	92.8417	465.417	516.721	667.643	517.945	562.931	512.185	1	0	0
"
 tid_13284_time_14:9:55:886 DPETW@ "GAZE_LOG_CALI: 666.04	443.984	669.027	450.098	951.415	424.709	953.357	431.35	294.234	435.176	297.893	441.168	576.268	418.189	579.094	424.664	
54.9348	-74.2991	339.542	-93.1188	-377.936	-63.6194	-96.4488	-80.0818	51.9474	-80.4138	337.599	-99.7654	-381.603	-69.6171	-99.2755	-86.5577	12.482	-17.7313	-579.61	76.9548	-21.454	-578.597	12.3085	-17.9723	-587.405	77.6545	-21.745	-586.36	11.8644	-19.2139	-582.598	76.8716	-23.0571	-581.297	-0.0890981	-0.249091	0.964373	-0.148037	-0.248096	0.957357	-0.0890981	0.00899506	0.995982	-0.148037	0.00813961	0.988948	-0.0890981	0.00899506	0.995982	-0.148037	0.00813961	0.988948	-5.11193	0.515386	-8.51349	0.46637	-5.11193	0.515386	-8.51349	0.46637	84.7666	92.8517	116.998	89.0174	472.896	518.001	652.708	496.61	558.14	500.583	1	0	0
"
 tid_13284_time_14:9:55:909 DPETW@ "GAZE_LOG_CALI: 665.566	443.734	668.571	449.83	951.075	423.742	952.872	430.422	293.822	434.862	297.489	440.878	575.859	417.169	578.669	423.705	
54.4787	-74.5673	339.057	-94.0477	-378.34	-63.9097	-96.8737	-81.0404	51.474	-80.6634	337.259	-100.734	-382.016	-69.9318	-99.6845	-87.5785	12.3798	-17.7974	-579.679	76.8563	-21.6724	-578.683	12.205	-18.0393	-587.473	77.5546	-21.9663	-586.447	11.7584	-19.2814	-582.672	76.7829	-23.2815	-581.212	-0.089675	-0.24944	0.964229	-0.141538	-0.241225	0.960092	-0.089675	0.00861996	0.995934	-0.141538	0.0154849	0.989812	-0.089675	0.00861997	0.995934	-0.141538	0.0154849	0.989812	-5.1451	0.493894	-8.13781	0.887258	-5.1451	0.493894	-8.13781	0.887258	84.3349	92.5611	120.596	92.8794	470.488	516.38	672.781	518.156	568.359	512.522	1	0	0
"
 tid_13284_time_14:9:55:931 DPETW@ "GAZE_LOG_CALI: 665.429	443.073	668.445	449.177	950.846	422.653	952.616	429.269	293.956	434.021	297.527	439.956	575.873	415.815	578.675	422.269	
54.3532	-75.2201	338.801	-95.2018	-378.302	-64.8323	-96.8681	-82.4769	51.337	-81.3249	337.029	-101.824	-381.882	-70.7728	-99.6707	-88.933	12.357	-17.9837	-579.897	76.8466	-21.9807	-579.043	12.1819	-18.228	-587.691	77.5443	-22.2786	-586.806	11.7351	-19.4655	-583.038	76.7752	-23.5743	-581.546	-0.0923952	-0.255903	0.962277	-0.140553	-0.236777	0.961343	-0.0923952	0.00187227	0.995721	-0.140553	0.0201045	0.989869	-0.0923952	0.00187227	0.995721	-0.140553	0.0201045	0.989869	-5.30143	0.107273	-8.08148	1.15198	-5.30143	0.107273	-8.08148	1.15198	82.7706	88.5643	121.102	95.0691	461.761	494.082	675.605	530.371	564.813	506.611	1	0	0
"
 tid_13284_time_14:9:55:954 DPETW@ "GAZE_LOG_CALI: 665.616	442.069	668.586	448.117	950.945	421.296	952.67	427.995	294.151	433.215	297.873	439.22	576.096	414.804	578.817	421.229	
54.4941	-76.2799	338.855	-96.4772	-377.956	-65.5685	-96.7255	-83.5169	51.5243	-82.3291	337.129	-103.181	-381.686	-71.5802	-99.4483	-89.9438	12.3945	-18.1971	-580.192	76.8764	-22.2492	-579.18	12.22	-18.4442	-587.986	77.5744	-22.5507	-586.943	11.7775	-19.674	-583.072	76.8212	-23.852	-581.726	-0.087038	-0.241851	0.966402	-0.138715	-0.239667	0.960894	-0.087038	0.0165127	0.996068	-0.138715	0.0171974	0.990183	-0.087038	0.0165127	0.996068	-0.138715	0.0171974	0.990183	-4.99391	0.946152	-7.97466	0.985388	-4.99391	0.946152	-7.97466	0.985388	85.7913	96.4389	122.175	93.1448	478.612	538.013	681.592	519.636	578.258	526.149	1	0	0
"
 tid_13284_time_14:9:55:977 DPETW@ "GAZE_LOG_CALI: 666.343	440.357	669.363	446.5	951.583	419.516	953.391	426.207	295.226	431.63	298.779	437.551	576.912	413.01	579.661	419.582	
55.2715	-77.8976	339.578	-98.2666	-377.049	-67.2387	-95.8819	-85.165	52.2508	-84.0414	337.769	-104.964	-380.61	-73.166	-98.6325	-91.7379	12.5754	-18.5777	-580.395	77.0654	-22.6471	-579.368	12.4035	-18.8299	-588.189	77.7656	-22.9538	-587.13	11.9534	-20.0679	-583.568	77.0017	-24.2711	-581.987	-0.0936734	-0.257669	0.961682	-0.142414	-0.245568	0.958861	-0.0936734	1.21593e-05	0.995603	-0.142414	0.0109707	0.989746	-0.0936734	1.21593e-05	0.995603	-0.142414	0.0109707	0.989746	-5.37497	0.000696679	-8.18804	0.628587	-5.37497	0.000696679	-8.18804	0.628587	82.2431	86.8175	120.254	89.2326	458.818	484.338	670.875	497.811	558.997	482.357	1	0	0
"
 tid_13284_time_14:9:56:0 DPETW@ "GAZE_LOG_CALI: 667.163	439.533	670.215	445.615	952.324	418.722	954.239	425.35	296.112	430.746	299.711	436.647	577.625	412.272	580.481	418.762	
56.1236	-78.7832	340.429	-99.1251	-376.114	-68.1441	-95.0614	-85.9845	53.0715	-84.8662	338.512	-105.758	-379.722	-74.0503	-97.9194	-92.4758	12.7724	-18.7852	-580.519	77.2553	-22.8366	-579.345	12.6031	-19.0401	-588.313	77.9581	-23.1459	-587.107	12.1435	-20.2668	-583.673	77.1678	-24.4447	-581.963	-0.0953347	-0.254448	0.962376	-0.147342	-0.242139	0.958988	-0.0953347	0.00330302	0.99544	-0.147342	0.0143158	0.988982	-0.0953347	0.00330302	0.99544	-0.147342	0.0143158	0.988982	-5.47061	0.18925	-8.47381	0.820261	-5.47061	0.18925	-8.47381	0.820261	81.5013	88.4182	117.639	90.9278	454.68	493.267	656.287	507.268	549.728	492.019	1	0	0
"
 tid_13284_time_14:9:56:22 DPETW@ "GAZE_LOG_CALI: 668.568	438.733	671.554	444.808	953.787	418.147	955.554	424.905	297.533	429.96	301.241	435.92	579.199	411.733	581.874	418.21	
57.4625	-79.5897	341.746	-99.5711	-374.582	-68.8713	-93.6681	-86.5368	54.4761	-85.6661	339.978	-106.335	-378.298	-74.8372	-96.3449	-93.0151	13.0829	-18.968	-580.807	77.5704	-22.9536	-579.462	12.9179	-19.2253	-588.601	78.2773	-23.2644	-587.224	12.4654	-20.4493	-583.726	77.5242	-24.578	-582.131	-0.0896691	-0.242527	0.965992	-0.14175	-0.247218	0.958535	-0.0896691	0.015754	0.995847	-0.14175	0.00929274	0.989859	-0.0896691	0.015754	0.995847	-0.14175	0.00929274	0.989859	-5.14521	0.902673	-8.14949	0.532442	-5.14521	0.902673	-8.14949	0.532442	84.9764	95.1104	121.144	87.97	474.066	530.602	675.84	490.767	571.362	505.375	1	0	0
"
 tid_13284_time_14:9:56:45 DPETW@ "GAZE_LOG_CALI: 670.286	438.365	673.334	444.532	955.664	418.269	957.466	424.979	299.158	429.647	302.784	435.629	580.804	411.838	583.602	418.259	
59.2424	-79.8663	343.662	-99.4978	-373.036	-69.1616	-91.9404	-86.4875	56.1944	-86.0347	341.859	-106.213	-376.67	-75.1499	-94.7392	-92.9102	13.4806	-19.022	-580.516	77.9737	-22.9289	-579.226	13.321	-19.2801	-588.31	78.6863	-23.2394	-586.988	12.8565	-20.5222	-583.618	77.906	-24.5359	-581.779	-0.0952602	-0.254723	0.962311	-0.14387	-0.239048	0.96029	-0.0952602	0.00302087	0.995448	-0.14387	0.0176386	0.989439	-0.0952602	0.00302087	0.995448	-0.14387	0.0176386	0.989439	-5.46632	0.173083	-8.27314	1.01067	-5.46632	0.173083	-8.27314	1.01067	82.2674	88.0294	120.367	92.7194	458.953	491.098	671.503	517.263	560.476	497.25	1	0	0
"
 tid_13284_time_14:9:56:67 DPETW@ "GAZE_LOG_CALI: 671.734	438.496	674.7	444.658	957.292	418.798	959.13	425.489	300.555	429.805	304.235	435.703	582.359	412.342	585.109	418.816	
60.6093	-79.7403	345.33	-98.9877	-371.582	-69.0872	-90.4331	-85.9297	57.6427	-85.9031	343.49	-105.684	-375.271	-74.9911	-93.1836	-92.4058	13.795	-19.0018	-580.641	78.3245	-22.798	-579.026	13.6396	-19.2596	-588.435	79.0421	-23.1069	-586.786	13.1861	-20.4859	-583.57	78.2656	-24.4125	-581.688	-0.0900326	-0.243428	0.965731	-0.145965	-0.24543	0.958362	-0.0900326	0.0148162	0.995829	-0.145965	0.0109748	0.989229	-0.0900326	0.0148162	0.995829	-0.145964	0.0109748	0.989229	-5.16605	0.848935	-8.39364	0.628822	-5.16605	0.848935	-8.39364	0.628822	85.5097	94.5948	119.558	89.175	477.041	527.725	666.993	497.49	568.393	507.308	1	0	0
"
 tid_13284_time_14:9:56:90 DPETW@ "GAZE_LOG_CALI: 673.52	438.952	676.488	445.047	959.17	419.71	961.156	426.5	301.702	430.122	305.386	436.078	583.611	413.155	586.457	419.701	
62.397	-79.3511	347.36	-97.9769	-370.429	-68.7118	-89.0849	-85.0449	59.4293	-85.4475	345.371	-104.772	-374.121	-74.6732	-91.9317	-91.5929	14.181	-18.8864	-579.798	78.6617	-22.5461	-578.118	14.0306	-19.1431	-587.592	79.3849	-22.8521	-585.878	13.5749	-20.3671	-582.726	78.5816	-24.1799	-580.855	-0.0904422	-0.242926	0.965819	-0.152808	-0.252577	0.955434	-0.0904422	0.0153242	0.995784	-0.152808	0.00331354	0.98825	-0.0904422	0.0153242	0.995784	-0.152808	0.00331354	0.98825	-5.18966	0.878044	-8.78976	0.189852	-5.18966	0.878044	-8.78976	0.189852	85.7411	95.197	116.118	85.3744	478.332	531.085	647.798	476.287	558.125	496.513	1	0	0
"
 tid_13284_time_14:9:56:112 DPETW@ "GAZE_LOG_CALI: 674.696	439.377	677.678	445.568	960.66	420.611	962.445	427.322	303.023	430.705	306.665	436.66	585.217	414.227	587.936	420.748	
63.5874	-78.8308	348.651	-97.154	-369.147	-68.1293	-87.6051	-83.9976	60.6052	-85.0228	346.865	-103.871	-372.798	-74.0895	-90.3253	-90.5198	14.4544	-18.7637	-579.929	78.9889	-22.3418	-578.373	14.3078	-19.0186	-587.724	79.7162	-22.6448	-586.133	13.8476	-20.2575	-582.937	78.9426	-23.9593	-581.015	-0.0926688	-0.249509	0.963928	-0.144861	-0.246127	0.958351	-0.0926688	0.00847602	0.995661	-0.144861	0.0102994	0.989398	-0.0926688	0.00847602	0.995661	-0.144861	0.0102994	0.989398	-5.31735	0.485646	-8.32967	0.590123	-5.31735	0.485646	-8.32967	0.590123	84.757	91.4713	120.938	89.4069	472.843	510.3	674.689	498.783	569.608	498.347	1	0	0
"
 tid_13284_time_14:9:56:134 DPETW@ "GAZE_LOG_CALI: 675.856	440.217	678.918	446.37	962.107	421.893	963.928	428.68	303.95	431.481	307.568	437.532	586.23	415.524	588.982	422.074	
64.827	-78.0286	350.137	-95.795	-368.242	-67.2564	-86.559	-82.671	61.7651	-84.1828	348.314	-102.588	-371.868	-73.3127	-89.3122	-89.2227	14.7243	-18.5578	-579.484	79.2451	-22.0136	-577.792	14.5812	-18.8102	-587.279	79.9766	-22.3125	-585.552	14.1054	-20.0609	-582.626	79.1927	-23.64	-580.427	-0.0982903	-0.258328	0.961044	-0.146472	-0.248028	0.957616	-0.0982903	-0.000789657	0.995157	-0.146472	0.00827275	0.98918	-0.0982903	-0.000789657	0.995157	-0.146472	0.00827275	0.98918	-5.64073	-0.045244	-8.42279	0.473999	-5.64073	-0.045244	-8.42279	0.473999	81.9079	86.6254	120.352	88.744	456.948	483.266	671.418	495.085	558.131	480.142	1	0	0
"
 tid_13284_time_14:9:56:157 DPETW@ "GAZE_LOG_CALI: 676.56	440.899	679.543	447.019	962.967	422.966	964.756	429.709	304.4	432.164	308.132	438.239	586.847	416.487	589.574	423.013	
65.4522	-77.3789	350.966	-94.7661	-367.676	-66.5486	-85.9663	-81.7317	62.4694	-83.5001	349.175	-101.514	-371.418	-72.6296	-88.6946	-88.2599	14.8641	-18.4001	-579.404	79.3887	-21.7775	-577.468	14.7229	-18.6503	-587.199	80.1225	-22.0733	-585.227	14.2578	-19.8925	-582.284	79.3438	-23.3941	-580.1	-0.0913607	-0.244011	0.965459	-0.145516	-0.24682	0.958074	-0.0913607	0.0141829	0.995717	-0.145516	0.00955801	0.98931	-0.0913607	0.0141829	0.995717	-0.145516	0.00955801	0.98931	-5.24242	0.812649	-8.36756	0.547642	-5.24242	0.812649	-8.36756	0.547642	85.9416	95.1362	121.078	89.7729	479.451	530.746	675.471	500.825	574.432	511.318	1	0	0
"
 tid_13284_time_14:9:56:179 DPETW@ "GAZE_LOG_CALI: 677.125	441.433	680.247	447.631	963.717	423.83	965.481	430.596	304.769	432.711	308.457	438.739	587.338	417.437	590.189	424.006	
66.1567	-76.7673	351.692	-93.8779	-367.351	-66.0479	-85.3517	-80.7392	63.0347	-82.9661	349.927	-100.65	-371.048	-72.0819	-88.2038	-87.309	15.0109	-18.2573	-578.893	79.5322	-21.5579	-577.321	14.8715	-18.5058	-586.688	80.2682	-21.8509	-585.081	14.3803	-19.7595	-582.021	79.4668	-23.1729	-579.755	-0.10114	-0.258111	0.960807	-0.144515	-0.238419	0.96035	-0.10114	-0.000641227	0.994872	-0.144515	0.0182616	0.989334	-0.10114	-0.000641227	0.994872	-0.144515	0.0182616	0.989334	-5.80482	-0.0367396	-8.31059	1.04637	-5.80482	-0.0367396	-8.31059	1.04637	80.6445	87.1552	121.796	94.8761	449.9	486.221	679.477	529.295	560.191	501.248	1	0	0
"
 tid_13284_time_14:9:56:201 DPETW@ "GAZE_LOG_CALI: 677.223	441.881	680.301	448.034	963.916	424.505	965.696	431.248	304.745	433.104	308.425	439.24	587.348	418.13	590.247	424.656	
66.2101	-76.3644	351.907	-93.2255	-367.383	-65.5467	-85.2932	-80.0882	63.1321	-82.5179	350.126	-99.9746	-371.071	-71.6887	-88.1937	-86.6157	15.0197	-18.1508	-578.777	79.5513	-21.4021	-577.106	14.8804	-18.3979	-586.572	80.2878	-21.693	-584.866	14.3983	-19.6579	-581.858	79.4767	-23.0067	-579.495	-0.0983144	-0.256928	0.961417	-0.145147	-0.235105	0.961071	-0.0983144	0.000659764	0.995155	-0.145147	0.0216498	0.989173	-0.0983144	0.000659764	0.995155	-0.145147	0.0216498	0.989173	-5.64212	0.0378017	-8.34776	1.24054	-5.64212	0.0378017	-8.34776	1.24054	82.2504	88.0135	121.475	96.971	458.859	491.01	677.684	540.982	564.678	510.822	1	0	0
"
 tid_13284_time_14:9:56:223 DPETW@ "GAZE_LOG_CALI: 676.788	442.299	679.817	448.551	963.569	425.137	965.423	431.909	304.346	433.636	308.071	439.669	587.024	418.669	589.716	425.264	
65.726	-75.8475	351.634	-92.5642	-367.738	-65.1175	-85.8238	-79.4808	62.697	-82.0999	349.779	-99.3419	-371.471	-71.156	-88.5169	-86.0767	14.9145	-18.0484	-578.938	79.4405	-21.2455	-576.745	14.7738	-18.2941	-586.733	80.1759	-21.5345	-584.505	14.2996	-19.5509	-581.902	79.4009	-22.8744	-579.517	-0.0945767	-0.250646	0.963448	-0.148402	-0.256572	0.955064	-0.0945767	0.00725329	0.995491	-0.148402	-0.000640899	0.988927	-0.0945767	0.00725329	0.995491	-0.148402	-0.000640899	0.988927	-5.4271	0.415587	-8.53435	-0.0367208	-5.4271	0.415587	-8.53435	-0.0367208	84.2242	91.7414	119.574	84.7948	469.87	511.807	667.082	473.053	562.988	484.194	1	0	0
"
 tid_13284_time_14:9:56:245 DPETW@ "GAZE_LOG_CALI: 676.209	443.009	679.296	449.162	962.945	425.591	964.709	432.277	303.719	434.211	307.405	440.348	586.291	419.198	589.091	425.742	
65.2047	-75.2356	350.918	-92.1954	-368.405	-64.4381	-86.4495	-79.0021	62.1183	-81.3899	349.153	-98.8865	-372.099	-70.581	-89.2503	-85.5478	14.7906	-17.8959	-578.735	79.294	-21.1542	-576.861	14.6482	-18.1395	-586.53	80.0274	-21.4419	-584.621	14.1662	-19.4017	-581.818	79.2378	-22.757	-579.364	-0.0983425	-0.257505	0.961259	-0.144178	-0.240147	0.95997	-0.0983425	6.14822e-05	0.995153	-0.144178	0.0164945	0.989414	-0.0983425	6.14822e-05	0.995153	-0.144178	0.0164945	0.989414	-5.64373	0.00352267	-8.29083	0.945111	-5.64373	0.00352267	-8.29083	0.945111	81.9999	87.9412	121.799	94.3987	457.461	490.606	679.492	526.632	564.301	502.526	1	0	0
"
 tid_13284_time_14:9:56:268 DPETW@ "GAZE_LOG_CALI: 675.162	443.544	678.43	449.705	961.692	426.091	963.809	432.891	302.738	434.814	306.693	440.839	585.094	419.628	588.178	426.203	
64.339	-74.6925	350.016	-91.5801	-369.118	-63.947	-87.3621	-78.5414	61.0713	-80.8541	347.897	-98.3863	-373.082	-69.978	-90.4475	-85.118	14.5991	-17.7847	-578.927	79.0862	-21.0319	-576.83	14.4542	-18.0267	-586.722	79.8168	-21.318	-584.591	13.9293	-19.2746	-581.886	78.9611	-22.6546	-579.427	-0.104499	-0.248462	0.962988	-0.158387	-0.247429	0.955873	-0.104499	0.00924428	0.994482	-0.158387	0.00839989	0.987341	-0.104499	0.00924428	0.994482	-0.158387	0.00839989	0.987341	-5.99857	0.529666	-9.11359	0.481284	-5.99857	0.529666	-9.11359	0.481284	78.3178	93.1161	113.489	90.0274	436.919	519.476	633.13	502.245	528.618	502.281	1	0	0
"
 tid_13284_time_14:9:56:291 DPETW@ "GAZE_LOG_CALI: 673.613	445.036	676.818	451.112	960.116	426.971	962.235	433.687	301.391	436.2	305.388	442.311	583.532	420.541	586.536	427.099	
62.7263	-73.2859	348.439	-90.7833	-370.425	-62.4737	-89.005	-77.6455	59.5218	-79.3617	346.317	-97.5048	-374.431	-68.5906	-92.0097	-84.2054	14.2428	-17.4693	-579.305	78.7142	-20.8373	-576.714	14.0931	-17.7069	-587.1	79.4399	-21.1208	-584.475	13.5818	-18.954	-582.124	78.6025	-22.4517	-579.428	-0.099168	-0.241879	0.965226	-0.158418	-0.25178	0.95473	-0.099168	0.0161816	0.994939	-0.158418	0.00390117	0.987364	-0.0991679	0.0161816	0.994939	-0.158418	0.00390117	0.987364	-5.69201	0.927175	-9.11518	0.223521	-5.69201	0.927175	-9.11518	0.223521	80.9075	97.1951	113.106	87.7364	451.367	542.232	630.994	489.464	535.671	508.426	1	0	0
"
 tid_13284_time_14:9:56:312 DPETW@ "GAZE_LOG_CALI: 672.174	446.28	675.405	452.447	958.544	427.846	960.603	434.526	300.162	437.49	304.216	443.505	582.099	421.382	585.211	427.936	
61.3133	-71.9504	346.803	-89.943	-371.599	-61.2788	-90.3297	-76.8088	58.0823	-78.1179	344.742	-96.6282	-375.663	-67.2996	-93.443	-83.3645	13.9299	-17.1905	-579.592	78.3978	-20.6622	-577.108	13.776	-17.4243	-587.387	79.1188	-20.9432	-584.869	13.2592	-18.673	-582.377	78.267	-22.2636	-579.591	-0.0996001	-0.24064	0.96549	-0.154674	-0.239777	0.958427	-0.0996001	0.0174465	0.994874	-0.154674	0.0164526	0.987829	-0.0996001	0.0174465	0.994875	-0.154674	0.0164526	0.987829	-5.71701	0.999661	-8.89909	0.942704	-5.71701	0.999661	-8.89909	0.942704	80.3109	98.1055	114.848	94.8137	448.038	547.311	640.716	528.947	540.958	533.671	1	0	0
"
 tid_13284_time_14:9:56:335 DPETW@ "GAZE_LOG_CALI: 671.281	447.164	674.47	453.315	957.512	428.366	959.547	435.068	299.486	438.311	303.422	444.388	581.202	421.964	584.325	428.451	
60.3785	-71.0816	345.744	-89.3997	-372.395	-60.3954	-91.216	-76.2931	57.1893	-77.2339	343.708	-96.1078	-376.339	-66.4786	-94.3405	-82.7818	13.7212	-16.9967	-579.769	78.1875	-20.5504	-577.321	13.5646	-17.2277	-587.564	78.9054	-20.8297	-585.083	13.0617	-18.4869	-582.649	78.0544	-22.1448	-579.754	-0.0986321	-0.246989	0.963986	-0.153208	-0.236761	0.959412	-0.0986321	0.0109249	0.995064	-0.153208	0.0196204	0.987999	-0.0986321	0.0109249	0.995064	-0.153208	0.0196204	0.987999	-5.66075	0.625962	-8.81458	1.12424	-5.66075	0.625962	-8.81458	1.12424	80.6278	94.6141	115.431	96.6393	449.806	527.833	643.969	539.131	543.264	528.688	1	0	0
"
 tid_13284_time_14:9:56:359 DPETW@ "GAZE_LOG_CALI: 670.567	447.992	673.692	453.998	956.593	428.896	958.641	435.588	299.046	439.126	302.979	445.137	580.542	422.42	583.499	428.964	
59.6005	-70.3983	344.836	-88.8791	-372.839	-59.646	-92.0423	-75.7803	56.4751	-76.4055	342.786	-95.5769	-376.78	-65.6628	-94.9999	-82.3261	13.555	-16.846	-580.199	77.995	-20.4372	-577.418	13.3963	-17.0748	-587.994	78.7102	-20.715	-585.18	12.9068	-18.3097	-582.997	77.8901	-22.0455	-580.088	-0.0946707	-0.238847	0.966431	-0.153956	-0.249801	0.95598	-0.0946707	0.0194224	0.995319	-0.153956	0.00613639	0.988059	-0.0946707	0.0194224	0.995319	-0.153956	0.00613639	0.988059	-5.43339	1.11289	-8.85643	0.351591	-5.43339	1.11289	-8.85643	0.351591	82.6394	99.3963	114.804	89.1958	461.029	554.512	640.47	497.605	546.788	520.697	1	0	0
"
 tid_13284_time_14:9:56:381 DPETW@ "GAZE_LOG_CALI: 670.076	448.439	673.403	454.565	956.13	429.241	958.192	435.948	298.949	439.604	302.862	445.633	580.191	422.873	583.264	429.346	
59.3112	-69.8318	344.386	-88.5191	-372.955	-59.1495	-92.2776	-75.3984	55.9841	-75.9582	342.322	-95.2316	-376.877	-65.1842	-95.3511	-81.8729	13.4945	-16.7313	-580.424	77.9305	-20.3627	-577.693	13.335	-16.9584	-588.219	78.6446	-20.6393	-585.455	12.8059	-18.2198	-583.522	77.8037	-21.9601	-580.233	-0.10815	-0.257819	0.960121	-0.154246	-0.242281	0.957866	-0.10815	-0.00053589	0.994134	-0.154246	0.0138882	0.987935	-0.10815	-0.000535891	0.994134	-0.154246	0.0138882	0.987935	-6.20871	-0.0307043	-8.8739	0.795762	-6.20871	-0.0307043	-8.8739	0.795762	74.956	88.3109	114.522	93.5322	418.165	492.669	638.894	521.798	521.292	497.626	1	0	0
"
 tid_13284_time_14:9:56:403 DPETW@ "GAZE_LOG_CALI: 670.026	448.636	673.296	454.729	955.798	429.353	957.858	436.045	299.034	439.831	302.967	445.812	580.149	422.957	583.23	429.453	
59.2042	-69.6674	344.051	-88.4216	-372.851	-58.9709	-92.3114	-75.2915	55.9337	-75.7613	341.99	-95.1185	-376.792	-64.9568	-95.3934	-81.7888	13.4766	-16.7001	-580.711	77.9086	-20.3534	-578.092	13.317	-16.9267	-588.506	78.6218	-20.6297	-585.855	12.7981	-18.1767	-583.707	77.7794	-21.9519	-580.615	-0.104046	-0.250661	0.962467	-0.154019	-0.241741	0.958039	-0.104046	0.00698543	0.994548	-0.154019	0.0144553	0.987962	-0.104046	0.00698543	0.994548	-0.154019	0.0144553	0.987962	-5.97237	0.400239	-8.86085	0.828257	-5.97237	0.400239	-8.86085	0.828257	77.2267	92.4724	114.567	93.7605	430.832	515.885	639.148	523.071	529.313	511.99	1	0	0
"
 tid_13284_time_14:9:56:425 DPETW@ "GAZE_LOG_CALI: 669.961	448.591	673.307	454.662	955.616	429.385	957.678	436.042	299.373	439.824	303.303	445.766	580.252	422.967	583.311	429.434	
59.2154	-69.735	343.87	-88.4246	-372.514	-59.017	-92.2302	-75.3108	55.8686	-75.8063	341.807	-95.0864	-376.453	-64.9643	-95.29	-81.7791	13.4896	-16.7252	-581.151	77.9152	-20.3682	-578.448	13.3302	-16.952	-588.946	78.628	-20.6445	-586.211	12.7952	-18.199	-584.251	77.7888	-21.9612	-580.995	-0.10946	-0.255162	0.960682	-0.154148	-0.241841	0.957993	-0.10946	0.0021752	0.993989	-0.154148	0.0143464	0.987944	-0.10946	0.0021752	0.993989	-0.154148	0.0143464	0.987944	-6.28419	0.12463	-8.86831	0.822018	-6.28419	0.12463	-8.86831	0.822018	74.1328	89.6463	114.447	93.5982	413.572	500.119	638.476	522.166	518.918	501.828	1	0	0
"
 tid_13284_time_14:9:56:448 DPETW@ "GAZE_LOG_CALI: 669.979	448.601	673.33	454.648	955.507	429.351	957.558	435.993	299.496	439.799	303.433	445.741	580.321	422.932	583.365	429.398	
59.2376	-69.749	343.75	-88.4731	-372.384	-59.0414	-92.1763	-75.3469	55.8865	-75.7968	341.697	-95.1205	-376.329	-64.9891	-95.2211	-81.8143	13.4978	-16.7337	-581.301	77.919	-20.3856	-578.674	13.3386	-16.9606	-589.096	78.6316	-20.6621	-586.437	12.8026	-18.205	-584.391	77.7958	-21.978	-581.235	-0.109464	-0.254156	0.960949	-0.153906	-0.242316	0.957912	-0.109464	0.00321618	0.993986	-0.153906	0.0138671	0.987988	-0.109464	0.00321618	0.993986	-0.153906	0.0138671	0.987988	-6.28444	0.184274	-8.85421	0.794549	-6.28444	0.184274	-8.85421	0.794549	74.123	90.1824	114.556	93.2571	413.518	503.11	639.087	520.263	519.266	502.466	1	0	0
"
 tid_13284_time_14:9:56:471 DPETW@ "GAZE_LOG_CALI: 669.961	448.758	673.256	454.78	955.426	429.459	957.371	436.115	299.661	439.952	303.578	445.901	580.355	423.039	583.383	429.485	
59.1639	-69.6169	343.563	-88.3508	-372.239	-58.8811	-92.1582	-75.2597	55.869	-75.6389	341.616	-95.0124	-376.164	-64.8362	-95.1877	-81.7064	13.4878	-16.7085	-581.597	77.9134	-20.3713	-578.95	13.3285	-16.9349	-589.393	78.6257	-20.6474	-586.712	12.8039	-18.1767	-584.64	77.7976	-21.9589	-581.387	-0.106198	-0.251376	0.962046	-0.14929	-0.236449	0.960106	-0.106198	0.00618547	0.994326	-0.14929	0.0201014	0.988589	-0.106198	0.00618547	0.994326	-0.14929	0.0201014	0.988589	-6.0963	0.354404	-8.58751	1.1518	-6.0963	0.354404	-8.58751	1.1518	75.9308	91.7939	117.145	96.6886	423.603	512.1	653.527	539.406	533.689	519.341	1	0	0
"
 tid_13284_time_14:9:56:493 DPETW@ "GAZE_LOG_CALI: 669.974	448.99	673.217	455.033	955.327	429.707	957.32	436.278	299.753	440.142	303.618	446.128	580.387	423.28	583.382	429.709	
59.1249	-69.3639	343.512	-88.1881	-372.198	-58.6539	-92.1594	-75.0355	55.8822	-75.4073	341.517	-94.7649	-376.072	-64.6454	-95.155	-81.4657	13.4814	-16.6566	-581.702	77.9106	-20.3296	-579.017	13.322	-16.8822	-589.498	78.6227	-20.6051	-586.779	12.8097	-18.1311	-584.737	77.7979	-21.9093	-581.553	-0.10353	-0.252395	0.96207	-0.151359	-0.239349	0.959063	-0.10353	0.00520737	0.994613	-0.151359	0.0170302	0.988332	-0.10353	0.00520738	0.994613	-0.151359	0.0170302	0.988332	-5.94254	0.298362	-8.70695	0.975806	-5.94254	0.298362	-8.70695	0.975806	77.4235	91.2696	115.95	94.9969	431.93	509.175	646.861	529.969	534.064	512.468	1	0	0
"
 tid_13284_time_14:9:56:517 DPETW@ "GAZE_LOG_CALI: 669.906	449.259	673.191	455.417	955.188	429.957	957.24	436.603	299.865	440.453	303.757	446.466	580.419	423.488	583.414	430.001	
59.0989	-68.9796	343.432	-87.8628	-372.059	-58.3158	-92.1276	-74.7429	55.8136	-75.1381	341.378	-94.5143	-375.959	-64.3346	-95.1232	-81.2574	13.4806	-16.58	-581.923	77.9121	-20.2642	-579.162	13.3213	-16.8045	-589.719	78.6241	-20.5388	-586.924	12.7989	-18.0718	-584.985	77.7968	-21.8654	-581.786	-0.106019	-0.257172	0.960532	-0.154032	-0.246999	0.956695	-0.106019	0.000195265	0.994364	-0.154032	0.00902873	0.988025	-0.106019	0.000195265	0.994364	-0.154032	0.00902873	0.988025	-6.08589	0.0111879	-8.86102	0.517315	-6.08589	0.0111879	-8.86102	0.517315	75.9889	88.4806	114.403	90.546	423.927	493.616	638.232	505.138	523.373	488.944	1	0	0
"
 tid_13284_time_14:9:56:538 DPETW@ "GAZE_LOG_CALI: 669.887	449.388	673.149	455.509	955.101	430.082	957.164	436.757	299.859	440.624	303.702	446.535	580.411	423.755	583.401	430.143	
59.0569	-68.8877	343.355	-87.7081	-372.114	-58.247	-92.1406	-74.6008	55.7947	-75.0093	341.29	-94.3886	-375.965	-64.1637	-95.1314	-80.9904	13.4709	-16.561	-581.899	77.9059	-20.2332	-579.243	13.3115	-16.7852	-589.694	78.6177	-20.5073	-587.006	12.7948	-18.0378	-585.003	77.7903	-21.8241	-581.885	-0.105814	-0.256518	0.96073	-0.154601	-0.246034	0.956852	-0.105814	0.000878006	0.994386	-0.154601	0.0100006	0.987926	-0.105814	0.000878006	0.994386	-0.154601	0.0100006	0.987926	-6.07408	0.0503061	-8.89412	0.573001	-6.07408	0.0503061	-8.89412	0.573001	76.0971	88.8881	114.056	91.1012	424.531	495.889	636.293	508.235	522.882	491.932	1	0	0
"
 tid_13284_time_14:9:56:561 DPETW@ "GAZE_LOG_CALI: 669.883	449.295	673.174	455.434	955.109	430.016	957.105	436.699	299.896	440.539	303.757	446.473	580.446	423.616	583.459	430.066	
59.0818	-68.9627	343.296	-87.7668	-372.059	-58.309	-92.0821	-74.6781	55.7906	-75.1026	341.298	-94.4555	-375.928	-64.2488	-95.0966	-81.1295	13.4772	-16.578	-581.947	77.9139	-20.2542	-579.405	13.3179	-16.8024	-589.743	78.6256	-20.5285	-587.167	12.7948	-18.0602	-585.064	77.7972	-21.8491	-581.923	-0.107349	-0.258114	0.960132	-0.151432	-0.241384	0.958542	-0.107349	-0.000818536	0.994221	-0.151432	0.0149296	0.988355	-0.107349	-0.000818536	0.994221	-0.151432	0.0149296	0.988355	-6.1625	-0.0468986	-8.71088	0.855433	-6.1625	-0.0468986	-8.71088	0.855433	75.2291	87.9082	115.854	93.7999	419.688	490.422	646.324	523.291	526.098	497.584	2	0	0
"
 tid_13284_time_14:9:56:584 DPETW@ "GAZE_LOG_CALI: 669.833	448.946	673.109	454.993	955.054	429.587	957.112	436.185	299.86	440.109	303.71	446.075	580.428	423.156	583.415	429.594	
59.0166	-69.4041	343.304	-88.2814	-372.105	-58.7076	-92.1266	-75.1509	55.7412	-75.4515	341.243	-94.8841	-375.964	-64.6792	-95.1139	-81.5902	13.4631	-16.6749	-581.975	77.9068	-20.3644	-579.337	13.3035	-16.9006	-589.77	78.6185	-20.6402	-587.099	12.7843	-18.1504	-585.08	77.7918	-21.9528	-581.975	-0.106383	-0.256063	0.960789	-0.154396	-0.245158	0.95711	-0.106383	0.00133294	0.994324	-0.154396	0.0109141	0.987949	-0.106383	0.00133294	0.994324	-0.154396	0.0109141	0.987949	-6.10683	0.0763718	-8.8823	0.625343	-6.10683	0.0763718	-8.8823	0.625343	75.7624	89.0122	114.165	91.461	422.663	496.581	636.902	510.243	522.318	493.408	1	1	1
"
 tid_13284_time_14:9:56:607 DPETW@ "GAZE_LOG_CALI: 669.787	448.504	673.038	454.591	955.024	428.986	957.051	435.631	299.75	439.705	303.632	445.635	580.346	422.579	583.356	429.03	
58.9458	-69.8056	343.243	-88.8359	-372.184	-59.1472	-92.1852	-75.7149	55.6952	-75.8935	341.214	-95.486	-376.074	-65.0828	-95.1967	-82.1667	13.4469	-16.771	-581.966	77.894	-20.4921	-579.343	13.2872	-16.998	-589.761	78.6054	-20.7696	-587.106	12.772	-18.2452	-584.997	77.7765	-22.0853	-581.912	-0.104056	-0.251877	0.962149	-0.152908	-0.242696	0.957976	-0.104056	0.00572844	0.994555	-0.152908	0.0135158	0.988148	-0.104056	0.00572844	0.994555	-0.152908	0.0135158	0.988148	-5.97287	0.328217	-8.79627	0.77442	-5.97287	0.328217	-8.79627	0.77442	77.0671	91.3828	115.007	92.7906	429.942	509.806	641.603	517.66	529.669	505.586	1	1	1
"
 tid_13284_time_14:9:56:629 DPETW@ "GAZE_LOG_CALI: 669.638	447.848	672.818	453.873	954.959	428.134	956.988	434.831	299.46	439.065	303.342	444.971	580.186	421.707	583.176	428.156	
58.726	-70.5235	343.18	-89.636	-372.475	-59.8118	-92.3651	-76.589	55.546	-76.5491	341.149	-96.3389	-376.366	-65.7236	-95.356	-83.0388	13.3943	-16.9269	-581.88	77.8598	-20.6778	-579.196	13.2339	-17.1561	-589.675	78.571	-20.9579	-586.958	12.7336	-18.3888	-584.811	77.746	-22.2785	-581.796	-0.0992078	-0.244446	0.964574	-0.153012	-0.244905	0.957397	-0.0992078	0.0135332	0.994975	-0.153012	0.0112325	0.98816	-0.0992078	0.0135332	0.994975	-0.153012	0.0112325	0.98816	-5.69408	0.775418	-8.80208	0.643587	-5.69408	0.775418	-8.80208	0.643587	79.7659	95.6203	114.945	91.3653	444.998	533.447	641.255	509.709	538.242	515.035	1	1	1
"
 tid_13284_time_14:9:56:652 DPETW@ "GAZE_LOG_CALI: 669.439	447.569	672.649	453.637	954.968	427.74	956.922	434.255	298.968	438.729	302.879	444.677	579.966	421.224	582.871	427.779	
58.5569	-70.7597	343.114	-90.2124	-372.939	-60.1065	-92.6699	-76.9658	55.347	-76.8288	341.158	-96.7335	-376.859	-66.0599	-95.5761	-83.5222	13.3473	-16.9763	-581.469	77.8022	-20.7755	-578.883	13.1861	-17.2064	-589.264	78.513	-21.0571	-586.645	12.6796	-18.4477	-584.411	77.7075	-22.3675	-581.49	-0.100579	-0.24652	0.963904	-0.149721	-0.243581	0.958255	-0.100579	0.0113564	0.994864	-0.149721	0.0127335	0.988646	-0.100579	0.0113564	0.994864	-0.149721	0.0127335	0.988646	-5.77289	0.650686	-8.61148	0.729597	-5.77289	0.650686	-8.61148	0.729597	78.9854	94.4553	116.821	92.1837	440.644	526.947	651.722	514.274	541.443	514.203	1	1	1
"
 tid_13284_time_14:9:56:674 DPETW@ "GAZE_LOG_CALI: 669.327	447.632	672.532	453.683	954.977	427.762	956.947	434.302	298.525	438.792	302.475	444.801	579.668	421.227	582.58	427.799	
58.4397	-70.7135	343.139	-90.166	-373.343	-59.9825	-92.9614	-76.9455	55.235	-76.7653	341.167	-96.7107	-377.302	-65.9973	-95.8749	-83.5188	13.3113	-16.9461	-581.081	77.7506	-20.753	-578.453	13.1495	-17.1759	-588.875	78.4612	-21.0345	-586.216	12.644	-18.4198	-583.964	77.6546	-22.3492	-581.078	-0.0992775	-0.244275	0.964611	-0.150375	-0.245076	0.957771	-0.0992775	0.013708	0.994965	-0.150375	0.0111636	0.988566	-0.0992775	0.013708	0.994965	-0.150375	0.0111636	0.988566	-5.6981	0.785437	-8.64918	0.639642	-5.6981	0.785437	-8.64918	0.639642	79.7195	95.8954	116.459	91.4341	444.739	534.981	649.703	510.093	542.716	516.453	1	1	1
"
 tid_13284_time_14:9:56:696 DPETW@ "GAZE_LOG_CALI: 669.133	448.007	672.356	454.112	955.034	428.027	957.066	434.776	297.951	439.144	301.885	445.204	579.349	421.546	582.339	428.127	
58.2635	-70.2849	343.258	-89.691	-373.934	-59.579	-93.2022	-76.6176	55.0411	-76.3905	341.224	-96.4462	-377.877	-65.6451	-96.1937	-83.1998	13.2583	-16.8354	-580.511	77.7122	-20.6448	-577.967	13.0957	-17.0639	-588.306	78.423	-20.9251	-585.729	12.5886	-18.3207	-583.44	77.6	-22.2637	-580.573	-0.100382	-0.248825	0.963333	-0.152669	-0.248312	0.956574	-0.100382	0.00898254	0.994908	-0.152669	0.00772843	0.988247	-0.100382	0.00898254	0.994908	-0.152669	0.00772843	0.988247	-5.7614	0.514669	-8.78187	0.442811	-5.7614	0.514669	-8.78187	0.442811	79.0974	93.5043	115.179	89.7427	441.269	521.642	642.56	500.657	536.065	503.19	1	1	1
"
 tid_13284_time_14:9:56:719 DPETW@ "GAZE_LOG_CALI: 668.936	448.319	672.315	454.479	955.121	428.371	957.143	435.132	297.434	439.478	301.397	445.513	579.04	421.93	582.047	428.472	
58.2233	-69.9178	343.335	-89.3345	-374.424	-59.2704	-93.495	-76.2723	54.8436	-76.0787	341.311	-96.1014	-378.396	-65.3107	-96.5029	-82.816	13.2351	-16.7415	-579.902	77.6628	-20.548	-577.472	13.072	-16.9689	-587.697	78.3735	-20.8272	-585.234	12.534	-18.2336	-583.003	77.5487	-22.1607	-580.04	-0.109987	-0.258549	0.959716	-0.152027	-0.245788	0.957327	-0.109987	-0.00134651	0.993932	-0.152027	0.0103614	0.988322	-0.109987	-0.00134651	0.993932	-0.152027	0.0103614	0.988322	-6.3146	-0.0771496	-8.74491	0.593674	-6.3146	-0.0771496	-8.74491	0.593674	73.7097	87.9834	115.564	91.4318	411.212	490.842	644.708	510.08	520.09	489.905	1	1	1
"
 tid_13284_time_14:9:56:741 DPETW@ "GAZE_LOG_CALI: 668.757	448.791	671.998	454.907	955.203	428.907	957.189	435.635	296.738	439.934	300.59	445.967	578.754	422.395	581.623	428.989	
57.9059	-69.49	343.381	-88.8313	-375.232	-58.8163	-93.9188	-75.7559	54.6652	-75.6061	341.393	-95.5646	-379.093	-64.8547	-96.7886	-82.3509	13.1478	-16.6228	-579.232	77.5879	-20.4105	-576.837	12.9832	-16.8489	-587.027	78.2984	-20.6882	-584.6	12.4782	-18.1063	-582.298	77.5015	-22.0285	-579.552	-0.102659	-0.25556	0.961327	-0.150829	-0.253696	0.955452	-0.102659	0.00195748	0.994715	-0.150829	0.00223723	0.988557	-0.102659	0.00195748	0.994715	-0.150829	0.00223723	0.988557	-5.8923	0.112155	-8.675	0.128184	-5.8923	0.112155	-8.675	0.128184	77.8237	90.1163	116.266	87.1923	434.163	502.741	648.624	486.429	534.101	484.386	1	1	1
"
 tid_13284_time_14:9:56:764 DPETW@ "GAZE_LOG_CALI: 668.514	449.181	671.742	455.333	955.179	429.328	957.187	436.124	296.167	440.325	300.087	446.405	578.29	422.959	581.377	429.495	
57.6503	-69.0635	343.379	-88.3423	-375.736	-58.3777	-94.165	-75.2499	54.4214	-75.2165	341.369	-95.144	-379.665	-64.4635	-97.2527	-81.787	13.0823	-16.5151	-578.888	77.5427	-20.2863	-576.503	12.9167	-16.7399	-586.683	78.253	-20.5625	-584.266	12.413	-18.0038	-581.852	77.4168	-21.8946	-578.959	-0.100371	-0.251841	0.96255	-0.151083	-0.240698	0.958769	-0.100371	0.00586627	0.994933	-0.151083	0.015651	0.988397	-0.100371	0.00586627	0.994933	-0.151083	0.015651	0.988397	-5.76066	0.336115	-8.6908	0.896776	-5.76066	0.336115	-8.6908	0.896776	79.0754	92.4877	116.109	94.8775	441.146	515.97	647.751	529.303	539.75	516.335	1	1	1
"
 tid_13284_time_14:9:56:786 DPETW@ "GAZE_LOG_CALI: 668.166	449.583	671.49	455.811	955.17	429.912	957.178	436.609	295.44	440.856	299.395	446.9	578.004	423.413	580.935	430.068	
57.3981	-68.5849	343.37	-87.8569	-376.429	-57.8826	-94.6069	-74.6762	54.0741	-74.8145	341.36	-94.5591	-380.393	-63.9323	-97.5391	-81.3325	13.0115	-16.3882	-578.288	77.4624	-20.1467	-575.924	12.8448	-16.6115	-586.083	78.1723	-20.4212	-583.687	12.3226	-17.8821	-581.334	77.3647	-21.7626	-578.581	-0.105632	-0.257015	0.960617	-0.151231	-0.251177	0.956054	-0.105632	0.000368997	0.994405	-0.151231	0.00482623	0.988487	-0.105632	0.000368997	0.994405	-0.151231	0.00482623	0.988487	-6.06357	0.021142	-8.6984	0.276524	-6.06357	0.021142	-8.6984	0.276524	76.0995	89.704	116.034	89.1264	424.544	500.441	647.329	497.218	528.575	488.741	1	1	1
"
 tid_13284_time_14:9:56:809 DPETW@ "GAZE_LOG_CALI: 668.338	449.96	671.485	456.143	955.624	430.201	957.371	437.048	295.296	441.14	299.182	447.215	578.218	423.761	580.983	430.333	
57.3932	-68.253	343.563	-87.4173	-376.642	-57.5677	-94.5588	-74.4116	54.2461	-74.437	341.815	-94.2705	-380.537	-63.6482	-97.3245	-80.9845	13.0039	-16.3071	-578.005	77.4796	-20.0601	-575.724	12.8371	-16.5294	-585.8	78.19	-20.3336	-583.487	12.3527	-17.7938	-580.91	77.4253	-21.6782	-578.265	-0.0954566	-0.249199	0.963736	-0.140408	-0.246901	0.958815	-0.0954566	0.00872567	0.995395	-0.140408	0.00967118	0.990047	-0.0954566	0.00872567	0.995395	-0.140408	0.00967118	0.990047	-5.47781	0.499951	-8.07184	0.554127	-5.47781	0.499951	-8.07184	0.554127	81.8353	94.5032	122.226	91.9509	456.543	527.215	681.876	512.976	566.005	515.504	1	1	1
"
 tid_13284_time_14:9:56:833 DPETW@ "GAZE_LOG_CALI: 676.452	449.714	675.553	456.419	963.199	430.371	960.435	437.28	302.992	440.903	302.78	447.432	585.804	423.661	584.074	430.696	
61.4611	-67.9774	346.634	-87.1859	-373.038	-57.3491	-91.4664	-74.0486	62.3605	-74.6832	349.405	-94.1023	-372.826	-63.8834	-89.7374	-81.0845	13.911	-16.2315	-577.422	78.1799	-19.992	-575.784	13.7563	-16.453	-585.217	78.8997	-20.2645	-583.546	14.1879	-17.828	-580.457	79.1544	-21.6661	-578.332	0.08678	-0.276489	0.957091	0.0471191	-0.259309	0.964644	0.08678	-0.0193548	0.996039	0.0471191	-0.00080502	0.998889	0.08678	-0.0193548	0.996039	0.0471191	-0.00080502	0.998889	4.97932	-1.10902	2.70073	-0.0461243	4.97932	-1.10902	2.70073	-0.0461243	184.015	79.1305	226.942	86.183	1026.58	441.453	1266.06	480.798	1146.32	461.125	1	1	1
"
 tid_13284_time_14:9:56:855 DPETW@ "GAZE_LOG_CALI: 679.745	450.325	676.569	456.757	965.652	431.026	961.147	437.77	305.888	441.463	303.587	447.805	588.25	424.329	584.633	431.015	
62.4777	-67.6395	347.347	-86.6961	-372.229	-56.9763	-90.9073	-73.7286	65.6544	-74.0725	351.863	-93.4478	-369.925	-63.3222	-87.2904	-80.4164	14.134	-16.1428	-577.155	78.3132	-19.8929	-575.579	13.9822	-16.3632	-584.951	79.035	-20.1641	-583.341	14.9241	-17.6767	-579.959	79.7117	-21.5137	-578.338	0.179509	-0.25034	0.951371	0.129488	-0.258256	0.957359	0.179509	0.00442272	0.983747	0.129488	-0.00167283	0.991579	0.179509	0.00442272	0.983746	0.129488	-0.00167283	0.99158	10.3412	0.253404	7.44004	-0.0958464	10.3412	0.253404	7.44004	-0.0958464	236.924	92.5165	272.965	85.8484	1321.75	516.131	1522.82	478.931	1433.11	483.898	1	1	1
"
 tid_13284_time_14:9:56:877 DPETW@ "GAZE_LOG_CALI: 678.889	450.676	675.948	456.974	965.332	431.229	960.848	437.947	305.005	441.715	302.794	447.995	587.801	424.523	584.263	431.199	
61.856	-67.4225	347.047	-86.5186	-373.023	-56.7855	-91.2778	-73.5454	64.7978	-73.7213	351.542	-93.2439	-370.809	-63.0705	-87.7398	-80.2218	13.988	-16.0905	-576.911	78.2323	-19.8492	-575.483	13.8342	-16.3103	-584.706	78.9531	-20.1198	-583.245	14.7289	-17.6071	-579.902	79.6148	-21.4623	-578.161	0.176975	-0.256514	0.9502	0.124861	-0.253334	0.959287	0.176975	-0.00184381	0.984214	0.124861	0.00357988	0.992168	0.176975	-0.00184381	0.984214	0.124861	0.00357988	0.992168	10.1936	-0.105643	7.17275	0.205113	10.1936	-0.105643	7.17275	0.205113	235.265	89.1107	270.264	88.8293	1312.5	497.131	1507.75	495.561	1419.92	483.642	1	1	1
"
 tid_13284_time_14:9:56:901 DPETW@ "GAZE_LOG_CALI: 678.006	450.947	675.085	457.354	964.559	431.355	960.191	438.097	303.999	442.039	301.898	448.337	586.936	424.751	583.52	431.391	
60.9931	-67.0427	346.388	-86.3686	-373.92	-56.4437	-92.021	-73.3534	63.9146	-73.4506	350.768	-93.118	-371.817	-62.7466	-88.6049	-79.9937	13.7916	-16.0079	-576.851	78.0673	-19.8069	-575.36	13.6352	-16.2266	-584.647	78.786	-20.0771	-583.122	14.5238	-17.5349	-579.723	79.4217	-21.4182	-578.035	0.171826	-0.252984	0.95209	0.119982	-0.253112	0.959968	0.171826	0.00205567	0.985125	0.119982	0.00397018	0.992768	0.171826	0.00205567	0.985125	0.119982	0.00397018	0.992768	9.89401	0.117782	6.8911	0.227475	9.89401	0.117782	6.8911	0.227475	232.08	91.395	267.339	89.1171	1294.73	509.874	1491.43	497.166	1400.77	493.283	1	1	1
"
 tid_13284_time_14:9:56:923 DPETW@ "GAZE_LOG_CALI: 677.379	451.084	674.358	457.477	963.963	431.409	959.628	438.087	303.243	442.141	301.224	448.46	586.344	424.78	582.962	431.351	
60.2656	-66.9193	345.825	-86.378	-374.596	-56.3209	-92.5795	-73.3928	63.288	-73.3134	350.171	-93.0637	-372.575	-62.6447	-89.1969	-79.9653	13.6286	-15.9823	-576.913	77.9407	-19.8132	-575.365	13.4699	-16.2006	-584.708	78.6577	-20.0834	-583.127	14.3771	-17.503	-579.54	79.2865	-21.4093	-578.034	0.167796	-0.240892	0.955937	0.118624	-0.250152	0.960912	0.167796	0.0147311	0.985712	0.118624	0.00707456	0.992914	0.167796	0.0147311	0.985712	0.118624	0.00707456	0.992914	9.66076	0.844059	6.81288	0.405346	9.66076	0.844059	6.81288	0.405346	229.61	98.5089	266.449	90.8288	1280.95	549.562	1486.47	506.716	1388.55	521.826	1	1	1
"
 tid_13284_time_14:9:56:945 DPETW@ "GAZE_LOG_CALI: 676.519	450.995	673.513	457.332	963.112	431.192	958.803	437.906	302.518	442.068	300.406	448.342	585.595	424.493	582.285	431.1	
59.4207	-67.0647	344.997	-86.5591	-375.415	-56.4392	-93.2565	-73.6439	62.4278	-73.4026	349.318	-93.2802	-373.301	-62.7181	-89.9465	-80.2516	13.4382	-16.0137	-576.941	77.7803	-19.8692	-575.557	13.277	-16.2324	-584.736	78.495	-20.1402	-583.319	14.186	-17.5271	-579.709	79.1113	-21.472	-578.164	0.172477	-0.245644	0.953892	0.114991	-0.248497	0.961783	0.172477	0.00961117	0.984967	0.114991	0.00889854	0.993327	0.172477	0.00961118	0.984967	0.114991	0.00889854	0.993327	9.93235	0.550688	6.60339	0.509856	9.93235	0.550688	6.60339	0.509856	232.118	95.6052	264.267	91.7343	1294.94	533.362	1474.29	511.767	1390	515.494	1	1	1
"
 tid_13284_time_14:9:56:968 DPETW@ "GAZE_LOG_CALI: 675.787	450.824	672.961	457.109	962.38	430.936	958.182	437.533	301.879	441.855	299.759	448.075	585.064	424.149	581.664	430.825	
58.8688	-67.2868	344.376	-86.9326	-376.064	-56.7069	-93.8775	-73.9195	61.6958	-73.5736	348.585	-93.5367	-373.941	-62.931	-90.4771	-80.5963	13.3106	-16.0662	-576.806	77.64	-19.9432	-575.557	13.1476	-16.2857	-584.602	78.3527	-20.2151	-583.319	14.0224	-17.5751	-579.83	78.9816	-21.5506	-578.431	0.174276	-0.256856	0.950606	0.123157	-0.261547	0.957301	0.174276	-0.00206901	0.984695	0.123157	-0.00486703	0.992375	0.174276	-0.00206901	0.984695	0.123157	-0.00486703	0.992375	10.0366	-0.118546	7.07445	-0.278862	10.0366	-0.118546	7.07445	-0.278862	232.999	89.0359	268.711	84.0348	1299.85	496.714	1499.09	468.813	1409.52	469.101	1	1	1
"
 tid_13284_time_14:9:56:990 DPETW@ "GAZE_LOG_CALI: 675.093	450.519	672.211	456.835	961.659	430.487	957.443	437.044	301.321	441.518	299.291	447.688	584.367	423.729	581.074	430.368	
58.1186	-67.5617	343.635	-87.4217	-376.533	-57.0942	-94.4677	-74.3768	61.0012	-73.878	347.863	-93.9855	-374.501	-63.268	-91.1743	-81.016	13.1501	-16.1518	-577.171	77.4995	-20.0576	-575.753	12.985	-16.3723	-584.966	78.2101	-20.331	-583.516	13.869	-17.654	-580.005	78.8219	-21.6511	-578.459	0.170035	-0.246535	0.954101	0.116278	-0.250873	0.961011	0.170035	0.00880483	0.985399	0.116278	0.00640327	0.993196	0.170035	0.00880483	0.985399	0.116278	0.00640327	0.993196	9.79021	0.504486	6.6775	0.366883	9.79021	0.504486	6.6775	0.366883	230.445	94.9578	264.72	90.1184	1285.61	529.751	1476.82	502.753	1386.87	508.679	1	1	1
"
 tid_13284_time_14:9:57:12 DPETW@ "GAZE_LOG_CALI: 674.693	450.156	671.88	456.598	961.287	430.042	957.078	436.734	301.013	441.245	298.995	447.465	584.112	423.273	580.798	429.929	
57.7874	-67.798	343.27	-87.7315	-376.83	-57.3168	-94.7434	-74.8155	60.6016	-74.2415	347.49	-94.4308	-374.809	-63.5413	-91.4292	-81.4719	13.076	-16.2055	-577.221	77.4333	-20.1467	-575.872	12.9099	-16.4267	-585.016	78.1428	-20.4213	-583.635	13.781	-17.7305	-580.127	78.7588	-21.7595	-578.614	0.169684	-0.253955	0.952215	0.117717	-0.255762	0.959546	0.169684	0.0011498	0.985498	0.117717	0.00130193	0.993046	0.169684	0.0011498	0.985498	0.117717	0.00130193	0.993046	9.76947	0.0658789	6.76035	0.0745951	9.76947	0.0658789	6.76035	0.0745951	230.17	90.5982	265.471	87.1738	1284.07	505.429	1481.01	486.325	1390.03	485.519	1	1	1
"
 tid_13284_time_14:9:57:35 DPETW@ "GAZE_LOG_CALI: 674.542	449.87	671.573	456.154	961.022	429.648	956.873	436.24	300.919	440.922	298.862	447.106	583.992	422.896	580.643	429.51	
57.4807	-68.2426	343.064	-88.226	-376.963	-57.6762	-94.8991	-75.2351	60.451	-74.5275	347.224	-94.8258	-374.903	-63.8646	-91.5495	-81.849	13.0117	-16.3033	-577.456	77.3963	-20.2528	-575.945	12.8448	-16.5258	-585.251	78.1052	-20.5288	-583.708	13.7485	-17.8025	-580.206	78.7251	-21.8548	-578.81	0.171085	-0.241697	0.955151	0.121281	-0.259419	0.958119	0.171085	0.0137502	0.98516	0.121281	-0.00259985	0.992615	0.171085	0.0137502	0.98516	0.121281	-0.00259985	0.992615	9.85183	0.787855	6.96609	-0.148961	9.85183	0.787855	6.96609	-0.148961	230.958	97.515	267.443	84.8878	1288.47	544.017	1492.01	473.572	1397.24	499.496	1	1	1
"
 tid_13284_time_14:9:57:57 DPETW@ "GAZE_LOG_CALI: 674.586	449.708	671.646	455.971	961.129	429.342	956.917	436.036	301.002	440.711	298.98	446.903	584.06	422.747	580.698	429.239	
57.5542	-68.425	343.108	-88.4299	-376.845	-57.8795	-94.8435	-75.5057	60.4945	-74.6896	347.331	-95.1319	-374.82	-64.0757	-91.482	-81.9989	13.0295	-16.3489	-577.523	77.4087	-20.3071	-575.96	12.8628	-16.572	-585.318	78.1178	-20.5838	-583.723	13.7597	-17.8467	-580.261	78.7426	-21.9047	-578.761	0.169506	-0.24091	0.955631	0.120782	-0.25536	0.959272	0.169506	0.0146338	0.985421	0.120782	0.00161864	0.992678	0.169506	0.0146338	0.985421	0.120782	0.00161864	0.992678	9.76013	0.838487	6.93725	0.0927412	9.76013	0.838487	6.93725	0.0927412	230.074	97.9477	267.175	87.17	1283.54	546.43	1490.51	486.304	1393.12	508.317	1	1	1
"
 tid_13284_time_14:9:57:80 DPETW@ "GAZE_LOG_CALI: 674.832	449.649	672.003	455.913	961.417	429.244	957.216	436.013	301.242	440.617	299.262	446.775	584.34	422.705	581.057	429.196	
57.9106	-68.4834	343.408	-88.4535	-376.563	-58.0077	-94.4848	-75.5486	60.7406	-74.7481	347.62	-95.2298	-374.58	-64.1702	-91.2015	-82.0407	13.1085	-16.367	-577.42	77.4873	-20.3172	-576.043	12.9429	-16.5903	-585.215	78.1974	-20.594	-583.806	13.816	-17.8636	-580.249	78.8073	-21.9203	-578.76	0.167899	-0.244837	0.954916	0.116114	-0.25251	0.960602	0.167899	0.0106566	0.985747	0.116114	0.00471599	0.993225	0.167899	0.0106566	0.985747	0.116114	0.00471599	0.993225	9.66623	0.61059	6.66797	0.270208	9.66623	0.61059	6.66797	0.270208	229.203	95.7213	264.639	88.8552	1278.68	534.01	1476.37	495.705	1383.02	507.419	1	1	1
"
 tid_13284_time_14:9:57:102 DPETW@ "GAZE_LOG_CALI: 675.195	449.732	672.363	456.001	961.876	429.488	957.634	436.209	301.701	440.805	299.552	446.977	584.747	422.803	581.455	429.448	
58.2707	-68.3956	343.827	-88.2576	-376.272	-57.8056	-94.0868	-75.2962	61.104	-74.6652	348.08	-94.9861	-374.12	-63.9821	-90.7946	-81.9423	13.1877	-16.3313	-577.332	77.5781	-20.2649	-576.012	13.0231	-16.5542	-585.128	78.2894	-20.541	-583.775	13.9014	-17.8363	-580.385	78.9025	-21.8785	-578.692	0.175973	-0.256876	0.950288	0.115855	-0.252767	0.960566	0.175973	-0.00217021	0.984392	0.115855	0.00445813	0.993256	0.175973	-0.00217021	0.984393	0.115855	0.00445813	0.993256	10.1353	-0.124344	6.65299	0.255433	10.1353	-0.124344	6.65299	0.255433	233.935	88.5823	264.584	88.7713	1305.08	494.183	1476.06	495.238	1398.81	483.501	1	1	1
"
 tid_13284_time_14:9:57:125 DPETW@ "GAZE_LOG_CALI: 675.848	449.992	673.047	456.361	962.53	429.971	958.376	436.692	302.151	441.057	300.168	447.354	585.412	423.226	582.122	429.823	
58.9552	-68.0355	344.57	-87.7735	-375.655	-57.4279	-93.4194	-74.9215	61.7567	-74.4058	348.735	-94.5026	-373.669	-63.7291	-90.1289	-81.5198	13.3401	-16.2447	-577.25	77.7331	-20.1641	-575.924	13.1776	-16.4665	-585.045	78.4466	-20.4388	-583.687	14.043	-17.7696	-580.126	79.0529	-21.7752	-578.703	0.167662	-0.252479	0.952966	0.116689	-0.257232	0.959279	0.167662	0.00277014	0.985841	0.116689	-0.000187248	0.993168	0.167662	0.00277014	0.985841	0.116689	-0.000187248	0.993168	9.65195	0.158718	6.70108	-0.0107285	9.65195	0.158718	6.70108	-0.0107285	229.274	91.4607	265.202	86.3181	1279.07	510.241	1479.51	481.551	1386.53	485.818	1	1	1
"
 tid_13284_time_14:9:57:147 DPETW@ "GAZE_LOG_CALI: 676.54	450.415	673.721	456.793	963.409	430.522	959.206	437.173	302.685	441.521	300.643	447.711	586.159	423.822	582.791	430.46	
59.629	-67.6039	345.402	-87.2927	-375.179	-57.0703	-92.7498	-74.2843	62.4492	-73.9823	349.616	-93.9512	-373.134	-63.2652	-89.3818	-80.9229	13.4867	-16.1474	-576.983	77.8915	-20.0294	-575.707	13.3261	-16.368	-584.778	78.6075	-20.3024	-583.469	14.1955	-17.6616	-579.914	79.2285	-21.6374	-578.527	0.17022	-0.253271	0.952302	0.120436	-0.258899	0.958367	0.17022	0.00183254	0.985404	0.120436	-0.00203365	0.992719	0.17022	0.00183255	0.985404	0.120436	-0.00203365	0.992719	9.80064	0.104997	6.91731	-0.11652	9.80064	0.104997	6.91731	-0.11652	230.859	91.0991	267.449	85.4826	1287.92	508.224	1492.04	476.891	1398.36	481.103	1	1	1
"
 tid_13284_time_14:9:57:169 DPETW@ "GAZE_LOG_CALI: 677.071	451.054	674.297	457.193	963.916	431.327	959.738	437.865	303.122	442.09	301.157	448.208	586.539	424.642	583.272	431.122	
60.2055	-67.2039	345.935	-86.6002	-374.663	-56.5731	-92.2692	-73.6225	62.9797	-73.3435	350.123	-93.1458	-372.696	-62.6956	-89.0018	-80.1031	13.6148	-16.0431	-576.907	78.0022	-19.8733	-575.638	13.4559	-16.2622	-584.702	78.7197	-20.1442	-583.4	14.313	-17.5197	-579.789	79.3199	-21.4459	-578.356	0.166649	-0.244483	0.955226	0.114451	-0.248224	0.961918	0.166649	0.0110781	0.985954	0.114451	0.009197	0.993386	0.166649	0.0110781	0.985954	0.114451	0.009197	0.993386	9.59363	0.63474	6.57223	0.526957	9.59363	0.63474	6.57223	0.526957	228.926	96.4015	264.198	91.8752	1277.13	537.805	1473.91	512.553	1380	519.191	1	1	1
"
 tid_13284_time_14:9:57:192 DPETW@ "GAZE_LOG_CALI: 677.514	451.285	674.71	457.479	964.409	431.866	960.272	438.239	303.459	442.367	301.492	448.425	587.061	425.094	583.719	431.582	
60.6184	-66.9174	346.47	-86.2265	-374.327	-56.3555	-91.8216	-73.1624	63.4225	-73.1124	350.618	-92.6062	-372.358	-62.4187	-88.4797	-79.6511	13.7058	-15.9828	-576.804	78.1071	-19.7745	-575.521	13.5482	-16.2012	-584.599	78.8261	-20.0442	-583.283	14.4101	-17.4574	-579.652	79.437	-21.3341	-578.392	0.166505	-0.242665	0.955714	0.119906	-0.253183	0.959959	0.166505	0.0129607	0.985955	0.119906	0.00389992	0.992778	0.166505	0.0129607	0.985955	0.119906	0.00389992	0.992778	9.5855	0.742617	6.88676	0.223449	9.5855	0.742617	6.88676	0.223449	228.924	97.5411	267.356	89.0688	1277.12	544.162	1491.53	496.897	1389.86	513.231	1	1	1
"
 tid_13284_time_14:9:57:214 DPETW@ "GAZE_LOG_CALI: 678.163	451.668	675.332	457.731	965.192	432.328	961.025	438.846	303.992	442.711	301.976	448.68	587.604	425.641	584.385	432.116	
61.2399	-66.665	347.224	-85.6186	-373.843	-56.1002	-91.1556	-72.6277	64.0714	-72.7292	351.402	-92.1439	-371.823	-62.0736	-87.9369	-79.1038	13.8419	-15.9199	-576.625	78.2612	-19.6406	-575.401	13.686	-16.1375	-584.42	78.9825	-19.9085	-583.163	14.5535	-17.3696	-579.505	79.5708	-21.2072	-578.073	0.168755	-0.239676	0.956074	0.111301	-0.245693	0.962937	0.168755	0.0159406	0.985529	0.111301	0.0119056	0.993715	0.168755	0.0159406	0.985529	0.111301	0.0119056	0.993715	9.71668	0.913368	6.39079	0.682158	9.71668	0.913368	6.39079	0.682158	230.336	99.32	262.677	93.6603	1285	554.086	1465.42	522.512	1378.59	533.895	1	1	1
"
 tid_13284_time_14:9:57:236 DPETW@ "GAZE_LOG_CALI: 678.544	451.847	675.7	457.955	965.624	432.54	961.417	439.028	304.223	442.93	302.286	448.87	588.047	425.861	584.723	432.316	
61.6081	-66.4414	347.617	-85.4372	-373.532	-55.9103	-90.8172	-72.4278	64.4526	-72.5501	351.835	-91.9321	-371.593	-61.8544	-87.4934	-78.884	13.9235	-15.8707	-576.546	78.3402	-19.5949	-575.332	13.7688	-16.0876	-584.341	79.0627	-19.8621	-583.094	14.6349	-17.3182	-579.31	79.6713	-21.1584	-578.093	0.164908	-0.234319	0.958071	0.117004	-0.249212	0.961355	0.164908	0.0216325	0.986072	0.117004	0.00809693	0.993098	0.164908	0.0216325	0.986072	0.117004	0.00809693	0.993098	9.49412	1.23955	6.71946	0.463925	9.49412	1.23955	6.71946	0.463925	228.202	102.57	265.948	91.617	1273.09	572.218	1483.67	511.113	1381.71	537.386	1	1	1
"
 tid_13284_time_14:9:57:259 DPETW@ "GAZE_LOG_CALI: 678.9	451.733	676.085	457.885	965.963	432.483	961.896	438.956	304.465	442.783	302.489	448.864	588.344	425.821	585.12	432.232	
61.9933	-66.5119	348.097	-85.5093	-373.328	-55.9167	-90.4209	-72.5119	64.8089	-72.6645	352.174	-91.9898	-371.35	-62.0022	-87.1969	-78.9237	14.0042	-15.8729	-576.315	78.4339	-19.6086	-575.225	13.8505	-16.09	-584.111	79.1578	-19.8761	-582.987	14.7121	-17.3435	-579.161	79.7409	-21.1674	-578.043	0.166388	-0.242071	0.955885	0.113377	-0.251076	0.961305	0.166388	0.0135782	0.985967	0.113377	0.00628351	0.993532	0.166388	0.0135782	0.985967	0.113377	0.00628351	0.993532	9.57876	0.777997	6.51012	0.360021	9.57876	0.777997	6.51012	0.360021	229.084	98.1147	263.994	90.6245	1278.02	547.362	1472.77	505.576	1379.76	520.649	1	1	1
"
 tid_13284_time_14:9:57:283 DPETW@ "GAZE_LOG_CALI: 679.055	451.688	676.259	457.821	966.189	432.348	962.057	438.87	304.705	442.723	302.57	448.722	588.524	425.737	585.336	432.189	
62.1667	-66.5758	348.259	-85.5947	-373.248	-56.0588	-90.2047	-72.5549	64.964	-72.7092	352.401	-92.1242	-371.11	-62.0615	-87.0164	-79.0074	14.0408	-15.8928	-576.188	78.4808	-19.6256	-575.306	13.8875	-16.1102	-583.984	79.2052	-19.8933	-583.068	14.7505	-17.3585	-579.273	79.7838	-21.1896	-577.976	0.174356	-0.252225	0.951831	0.109451	-0.245223	0.963269	0.174356	0.00272152	0.984679	0.109451	0.0124453	0.993914	0.174356	0.00272152	0.984679	0.109451	0.0124453	0.993914	10.0412	0.155932	6.28417	0.713079	10.0412	0.155932	6.28417	0.713079	233.688	92.0515	261.853	93.9959	1303.7	513.537	1460.83	524.384	1387.77	511.64	1	1	1
"
 tid_13284_time_14:9:57:306 DPETW@ "GAZE_LOG_CALI: 679.267	451.628	676.436	457.765	966.4	432.23	962.281	438.761	304.918	442.704	302.897	448.754	588.809	425.587	585.54	432.089	
62.3437	-66.6318	348.483	-85.7038	-372.92	-56.0261	-90.0004	-72.6549	65.1764	-72.7692	352.612	-92.2428	-370.897	-62.0804	-86.7317	-79.158	14.0854	-15.9008	-576.397	78.528	-19.6482	-575.28	13.9328	-16.1181	-584.193	79.2531	-19.9162	-583.042	14.7986	-17.3674	-579.279	79.8459	-21.2238	-578.083	0.168343	-0.24289	0.955335	0.114826	-0.253303	0.960548	0.168343	0.0126452	0.985647	0.114826	0.00393608	0.993378	0.168343	0.0126452	0.985647	0.114826	0.00393608	0.993378	9.6923	0.724534	6.59366	0.225521	9.6923	0.724534	6.59366	0.225521	230.304	97.5471	264.906	89.2728	1284.82	544.196	1477.86	498.035	1386.6	514.141	1	1	1
"
 tid_13284_time_14:9:57:329 DPETW@ "GAZE_LOG_CALI: 679.422	451.603	676.568	457.759	966.459	432.139	962.373	438.636	305.057	442.643	303.117	448.713	588.961	425.484	585.671	431.878	
62.4761	-66.6375	348.575	-85.8289	-372.699	-56.0678	-89.869	-72.8661	65.3312	-72.7945	352.672	-92.3338	-370.757	-62.142	-86.5799	-79.2609	14.1185	-15.909	-576.512	78.5564	-19.6881	-575.337	13.9664	-16.1265	-584.308	79.2818	-19.9566	-583.098	14.8333	-17.3767	-579.261	79.8765	-21.2502	-578.208	0.164471	-0.237175	0.957443	0.116744	-0.253963	0.960143	0.164471	0.0187112	0.986205	0.116744	0.00319411	0.993157	0.164471	0.0187112	0.986204	0.116744	0.00319411	0.993157	9.46817	1.07214	6.70424	0.183009	9.46817	1.07214	6.70424	0.183009	228.135	100.903	266.016	88.8089	1272.72	562.918	1484.05	495.447	1382.75	523.441	1	1	1
"
 tid_13284_time_14:9:57:351 DPETW@ "GAZE_LOG_CALI: 679.486	451.606	676.638	457.745	966.436	432.013	962.402	438.565	305.104	442.631	303.185	448.683	589.118	425.282	585.838	431.766	
62.5465	-66.6518	348.604	-85.9009	-372.631	-56.0971	-89.702	-72.9775	65.3947	-72.7918	352.649	-92.4599	-370.71	-62.1536	-86.4229	-79.4625	14.1341	-15.914	-576.514	78.588	-19.7148	-575.518	13.9822	-16.1315	-584.309	79.3136	-19.9836	-583.279	14.8473	-17.3769	-579.236	79.9046	-21.2961	-578.448	0.163394	-0.235218	0.95811	0.117235	-0.260372	0.958364	0.163394	0.0207737	0.986342	0.117235	-0.0034571	0.993098	0.163394	0.0207737	0.986342	0.117235	-0.0034571	0.993098	9.406	1.19033	6.73258	-0.198078	9.406	1.19033	6.73258	-0.198078	227.535	102.051	266.344	85.0518	1269.37	569.322	1485.88	474.487	1382.54	515.34	1	1	1
"
 tid_13284_time_14:9:57:374 DPETW@ "GAZE_LOG_CALI: 679.649	451.726	676.81	457.852	966.513	431.973	962.472	438.475	305.204	442.746	303.243	448.786	589.223	425.223	586.014	431.709	
62.7187	-66.5447	348.674	-85.991	-372.573	-55.9939	-89.5263	-73.0348	65.5582	-72.6718	352.726	-92.4998	-370.609	-62.0385	-86.3174	-79.5215	14.1696	-15.8859	-576.357	78.6233	-19.7361	-575.661	14.0181	-16.1031	-584.153	79.3492	-20.0051	-583.423	14.8822	-17.3476	-579.154	79.9275	-21.3087	-578.489	0.165446	-0.238287	0.956999	0.112618	-0.253846	0.960666	0.165446	0.0175222	0.986063	0.112618	0.0034423	0.993632	0.165446	0.0175222	0.986063	0.112618	0.0034423	0.993632	9.5246	1.004	6.46629	0.19723	9.5246	1.004	6.46629	0.19723	228.722	100.299	263.803	88.8157	1275.99	559.548	1471.7	495.485	1378.02	521.951	1	1	1
"
 tid_13284_time_14:9:57:396 DPETW@ "GAZE_LOG_CALI: 679.729	451.916	676.94	458.063	966.503	431.999	962.456	438.526	305.346	442.96	303.39	448.961	589.334	425.242	586.132	431.708	
62.8479	-66.3335	348.658	-85.9398	-372.426	-55.8194	-89.4083	-73.0356	65.6379	-72.4816	352.716	-92.4738	-370.467	-61.8244	-86.2067	-79.5025	14.199	-15.8428	-576.386	78.6442	-19.7364	-575.841	14.0479	-16.0594	-584.181	79.3701	-20.0053	-583.603	14.9021	-17.304	-579.24	79.9473	-21.3092	-578.647	0.165342	-0.24089	0.956365	0.11191	-0.252835	0.961015	0.165342	0.0148441	0.986125	0.11191	0.00450924	0.993708	0.165342	0.0148441	0.986125	0.11191	0.00450924	0.993708	9.51815	0.850535	6.42552	0.258361	9.51815	0.850535	6.42552	0.258361	228.694	98.8345	263.447	89.3604	1275.84	551.378	1469.72	498.524	1377.08	519.163	1	1	1
"
 tid_13284_time_14:9:57:418 DPETW@ "GAZE_LOG_CALI: 679.792	452.122	677.042	458.4	966.587	432.191	962.583	438.778	305.469	443.24	303.516	449.376	589.52	425.493	586.32	431.98	
62.95	-65.9962	348.785	-85.6871	-372.299	-55.4037	-89.2206	-72.7634	65.7009	-72.2751	352.8	-92.2817	-370.344	-61.5442	-86.0204	-79.252	14.223	-15.758	-576.412	78.6834	-19.6793	-575.916	14.0723	-15.9735	-584.207	79.4098	-19.9474	-583.677	14.9185	-17.2507	-579.317	79.9848	-21.2635	-578.781	0.165128	-0.249211	0.954268	0.112698	-0.25794	0.959566	0.165128	0.00626333	0.986252	0.112698	-0.000796646	0.993629	0.165128	0.00626333	0.986252	0.112698	-0.000796646	0.993629	9.50486	0.358865	6.47089	-0.0456445	9.50486	0.358865	6.47089	-0.0456445	228.595	94.1067	263.938	86.4575	1275.29	525.002	1472.46	482.329	1380.03	495.087	1	1	1
"
 tid_13284_time_14:9:57:441 DPETW@ "GAZE_LOG_CALI: 679.96	452.373	677.202	458.613	966.682	432.476	962.68	439.017	305.719	443.47	303.708	449.527	589.747	425.74	586.493	432.227	
63.11	-65.7838	348.882	-85.4483	-372.107	-55.2528	-89.0476	-72.5172	65.8688	-72.0247	352.896	-91.9967	-370.094	-61.3136	-85.7928	-79.0045	14.2599	-15.718	-576.459	78.719	-19.6276	-576.017	14.1097	-15.9328	-584.254	79.4457	-19.895	-583.779	14.9595	-17.1988	-579.425	80.0304	-21.209	-578.953	0.1678	-0.249972	0.953602	0.116113	-0.260942	0.958346	0.1678	0.00535563	0.985807	0.116113	-0.00401248	0.993228	0.1678	0.00535563	0.985807	0.116113	-0.00401248	0.993228	9.66005	0.306856	6.66788	-0.229899	9.66005	0.306856	6.66788	-0.229899	230.18	93.6273	265.905	84.6986	1284.13	522.328	1483.43	472.516	1391.24	487.168	1	1	1
"
 tid_13284_time_14:9:57:463 DPETW@ "GAZE_LOG_CALI: 680.12	452.555	677.351	458.788	966.773	432.684	962.827	439.16	305.991	443.699	304.079	449.777	589.969	425.962	586.671	432.389	
63.2594	-65.6088	349.029	-85.305	-371.736	-55.002	-88.8691	-72.3546	66.0291	-71.8428	352.986	-91.7888	-369.821	-61.0849	-85.5712	-78.7824	14.301	-15.6772	-576.755	78.758	-19.5943	-576.062	14.1514	-15.8914	-584.55	79.4852	-19.8612	-583.824	14.9996	-17.1561	-579.576	80.0746	-21.1659	-579.122	0.163057	-0.243137	0.956189	0.119928	-0.265482	0.956628	0.163057	0.0126275	0.986536	0.119928	-0.00884216	0.992743	0.163057	0.0126275	0.986536	0.119928	-0.00884216	0.992743	9.38512	0.723519	6.88821	-0.506625	9.38512	0.723519	6.88821	-0.506625	227.546	97.6625	268.098	82.039	1269.44	544.839	1495.67	457.679	1389.59	491.626	1	1	1
"
 tid_13284_time_14:9:57:486 DPETW@ "GAZE_LOG_CALI: 680.341	452.824	677.475	458.896	966.92	432.888	962.989	439.421	306.101	443.854	304.177	449.88	590.17	426.158	586.982	432.541	
63.3836	-65.5007	349.192	-85.044	-371.637	-54.8991	-88.5581	-72.2026	66.2499	-71.5736	353.133	-91.5845	-369.71	-60.9293	-85.3704	-78.5867	14.3282	-15.6523	-576.721	78.8215	-19.5537	-576.254	14.179	-15.8662	-584.516	79.5493	-19.8199	-584.015	15.0463	-17.1033	-579.425	80.1177	-21.1227	-579.193	0.163315	-0.232961	0.958675	0.113074	-0.259134	0.9592	0.163315	0.0230999	0.986303	0.113074	-0.00204539	0.993585	0.163315	0.0230999	0.986303	0.113074	-0.00204539	0.993584	9.40191	1.32364	6.49255	-0.117192	9.40191	1.32364	6.49255	-0.117192	227.736	103.563	264.329	85.8005	1270.49	577.756	1474.64	478.664	1376.59	522.834	1	1	1
"
 tid_13284_time_14:9:57:508 DPETW@ "GAZE_LOG_CALI: 680.483	453.004	677.643	459.144	967.08	433.101	963.066	439.645	306.225	444.067	304.305	450.162	590.323	426.359	587.104	432.717	
63.551	-65.2523	349.269	-84.8195	-371.509	-54.6169	-88.4358	-72.0262	66.3921	-71.3938	353.294	-91.3712	-369.587	-60.7161	-85.2168	-78.385	14.3645	-15.5907	-576.67	78.8472	-19.5103	-576.316	14.2157	-15.8037	-584.466	79.5753	-19.7759	-584.078	15.0776	-17.0578	-579.404	80.1532	-21.0751	-579.188	0.163052	-0.237257	0.957666	0.113492	-0.255171	0.960212	0.163052	0.0186899	0.98644	0.113492	0.00204533	0.993537	0.163052	0.0186899	0.98644	0.113492	0.00204533	0.993537	9.38575	1.07091	6.51667	0.117189	9.38575	1.07091	6.51667	0.117189	227.607	101.164	264.598	88.0954	1269.78	564.374	1476.14	491.467	1377.03	522.477	1	1	1
"
 tid_13284_time_14:9:57:530 DPETW@ "GAZE_LOG_CALI: 680.621	453.225	677.861	459.45	967.238	433.296	963.225	439.863	306.297	444.322	304.426	450.423	590.421	426.689	587.273	433.042	
63.7693	-64.9459	349.428	-84.6018	-371.388	-54.3553	-88.2668	-71.7019	66.5304	-71.1721	353.452	-91.1758	-369.514	-60.4608	-85.1192	-78.0551	14.4111	-15.5224	-576.529	78.8846	-19.449	-576.328	14.263	-15.7346	-584.325	79.6132	-19.7138	-584.089	15.1065	-17.0009	-579.317	80.1775	-21.0122	-579.105	0.161171	-0.241947	0.95681	0.108922	-0.250602	0.961943	0.161171	0.0139382	0.986828	0.108922	0.00690639	0.994026	0.161171	0.0139382	0.986828	0.108922	0.00690639	0.994026	9.27577	0.798627	6.25332	0.39571	9.27577	0.798627	6.25332	0.39571	226.546	98.6015	262.075	90.8467	1263.86	550.078	1462.06	506.816	1366.29	523.887	1	1	1
"
 tid_13284_time_14:9:57:553 DPETW@ "GAZE_LOG_CALI: 680.755	453.548	678.013	459.826	967.324	433.61	963.368	440.148	306.406	444.726	304.425	450.784	590.524	427	587.386	433.406	
63.9212	-64.5704	349.572	-84.3165	-371.389	-53.9945	-88.1544	-71.3373	66.6645	-70.849	353.538	-90.8613	-369.405	-60.0569	-85.0157	-77.744	14.44	-15.4337	-576.327	78.911	-19.3738	-576.284	14.2923	-15.6447	-584.123	79.64	-19.6376	-584.046	15.1358	-16.917	-579.284	80.1998	-20.9415	-579.123	0.16626	-0.250746	0.953669	0.109255	-0.254498	0.960882	0.16626	0.00462556	0.986071	0.109255	0.00286883	0.99401	0.16626	0.00462556	0.986071	0.109255	0.00286883	0.99401	9.57056	0.265026	6.27237	0.164372	9.57056	0.265026	6.27237	0.164372	229.466	93.5298	262.285	88.6932	1280.15	521.784	1463.23	494.801	1377.3	500.501	1	1	1
"
 tid_13284_time_14:9:57:575 DPETW@ "GAZE_LOG_CALI: 680.753	454.073	677.977	460.257	967.363	433.938	963.311	440.517	306.324	445.118	304.372	451.213	590.59	427.235	587.349	433.655	
63.885	-64.1391	349.514	-83.9468	-371.442	-53.5656	-88.191	-71.088	66.6622	-70.3242	353.577	-90.5337	-369.487	-59.6642	-84.95	-77.5087	14.4313	-15.3355	-576.298	78.9012	-19.3044	-576.303	14.2834	-15.5452	-584.094	79.63	-19.5672	-584.065	15.1329	-16.8093	-579.167	80.2132	-20.8785	-579.154	0.164734	-0.24514	0.955389	0.113982	-0.256307	0.959851	0.164734	0.0104863	0.986282	0.113982	0.000854135	0.993482	0.164734	0.0104863	0.986282	0.113982	0.000854135	0.993482	9.48234	0.600832	6.54492	0.0489383	9.48234	0.600832	6.54492	0.0489383	228.583	96.9137	264.933	87.6397	1275.22	540.662	1478.01	488.924	1382.05	507.423	1	1	1
"
 tid_13284_time_14:9:57:598 DPETW@ "GAZE_LOG_CALI: 680.698	454.547	677.912	460.756	967.373	434.369	963.322	440.984	306.197	445.647	304.254	451.731	590.42	427.726	587.266	434.088	
63.8198	-63.6404	349.525	-83.4793	-371.559	-53.0465	-88.2738	-70.6555	66.6074	-69.8497	353.587	-90.1022	-369.614	-59.1353	-85.1197	-77.0185	14.4142	-15.2185	-576.23	78.8863	-19.1985	-576.181	14.2661	-15.4267	-584.026	79.6151	-19.4599	-583.943	15.1172	-16.6925	-579.075	80.1817	-20.7652	-578.913	0.164288	-0.244324	0.955675	0.108402	-0.249697	0.962237	0.164288	0.0113486	0.986347	0.108402	0.00785629	0.994076	0.164288	0.0113486	0.986347	0.108402	0.00785629	0.994076	9.4565	0.650239	6.22338	0.450137	9.4565	0.650239	6.22338	0.450137	228.304	97.5277	261.777	91.6555	1273.66	544.087	1460.4	511.328	1370.7	522.726	1	1	1
"
 tid_13284_time_14:9:57:620 DPETW@ "GAZE_LOG_CALI: 680.655	454.982	677.876	461.07	967.32	434.676	963.338	441.154	306.091	445.988	304.125	451.977	590.388	428.011	587.199	434.386	
63.7846	-63.3263	349.542	-83.3092	-371.689	-52.8003	-88.3405	-70.3574	66.5635	-69.415	353.534	-89.795	-369.72	-58.7943	-85.1515	-76.733	14.4036	-15.1516	-576.092	78.8742	-19.1417	-576.064	14.2552	-15.3589	-583.888	79.603	-19.4024	-583.826	15.1054	-16.6017	-578.981	80.1734	-20.6988	-578.943	0.165639	-0.242119	0.956003	0.112196	-0.254979	0.960415	0.165639	0.013563	0.986093	0.112196	0.00228259	0.993683	0.165639	0.013563	0.986093	0.112196	0.00228259	0.993683	9.53525	0.777125	6.44196	0.130783	9.53525	0.777125	6.44196	0.130783	229.054	98.8686	263.882	88.6524	1277.85	551.568	1472.14	494.574	1379.62	516.869	1	1	1
"
 tid_13284_time_14:9:57:643 DPETW@ "GAZE_LOG_CALI: 680.616	454.978	677.853	461.081	967.321	434.68	963.314	441.143	306.007	445.974	304.105	452.033	590.359	427.965	587.192	434.433	
63.7608	-63.315	349.518	-83.3208	-371.709	-52.745	-88.3485	-70.3103	66.5254	-69.4195	353.535	-89.7902	-369.805	-58.8076	-85.181	-76.7794	14.3981	-15.1443	-576.1	78.8715	-19.1382	-576.082	14.2496	-15.3515	-583.896	79.6002	-19.3989	-583.844	15.0953	-16.602	-578.917	80.1679	-20.702	-578.898	0.162525	-0.24034	0.956986	0.110324	-0.253233	0.961094	0.162525	0.0155354	0.986582	0.110324	0.00414535	0.993887	0.162525	0.0155354	0.986582	0.110324	0.00414535	0.993887	9.35462	0.890149	6.33402	0.237512	9.35462	0.890149	6.33402	0.237512	227.261	99.9736	262.83	89.6834	1267.85	557.733	1466.28	500.326	1370.63	524.204	1	1	1
"
 tid_13284_time_14:9:57:666 DPETW@ "GAZE_LOG_CALI: 680.736	454.78	677.983	460.887	967.413	434.549	963.348	441.004	306.138	445.786	304.237	451.759	590.448	427.861	587.302	434.192	
63.8907	-63.5089	349.551	-83.4591	-371.577	-53.0192	-88.2384	-70.5514	66.6451	-69.6172	353.627	-89.9223	-369.673	-58.9959	-85.0918	-76.8831	14.4277	-15.1974	-576.106	78.8936	-19.1847	-576.192	14.2796	-15.4053	-583.902	79.6225	-19.4459	-583.953	15.123	-16.6463	-578.935	80.1887	-20.7288	-578.9	0.162525	-0.239157	0.957282	0.107959	-0.244631	0.963587	0.162525	0.0167551	0.986562	0.107959	0.0130989	0.994069	0.162525	0.0167551	0.986562	0.107959	0.0130989	0.994069	9.35484	0.960044	6.19818	0.750536	9.35484	0.960044	6.19818	0.750536	227.292	100.603	261.541	94.5724	1268.02	561.242	1459.08	527.6	1365.63	541.663	1	1	1
"
 tid_13284_time_14:9:57:688 DPETW@ "GAZE_LOG_CALI: 681.042	454.446	678.265	460.63	967.741	434.226	963.647	440.834	306.438	445.434	304.414	451.523	590.743	427.6	587.501	433.926	
64.1729	-63.7664	349.851	-83.6294	-371.4	-53.2546	-88.0389	-70.8177	66.9506	-69.9515	353.956	-90.2451	-369.373	-59.348	-84.7973	-77.1446	14.4878	-15.2496	-575.974	78.9437	-19.2297	-576.06	14.3406	-15.4583	-583.77	79.6734	-19.4916	-583.821	15.1923	-16.7242	-578.935	80.2575	-20.7934	-578.855	0.168004	-0.249708	0.953635	0.113044	-0.251981	0.961107	0.168004	0.00561973	0.98577	0.113044	0.00535835	0.993576	0.168004	0.00561973	0.98577	0.113044	0.00535835	0.993576	9.67195	0.321989	6.49093	0.307012	9.67195	0.321989	6.49093	0.307012	230.47	94.3572	264.426	90.2728	1285.75	526.4	1475.18	503.614	1386.17	507.34	1	1	1
"
 tid_13284_time_14:9:57:719 DPETW@ "GAZE_LOG_CALI: 681.432	454.029	678.644	460.13	968.235	434.085	964.13	440.71	306.877	445.09	304.895	451.16	591.236	427.479	588.109	433.748	
64.5524	-64.266	350.336	-83.754	-370.917	-53.6185	-87.4304	-70.9955	67.3415	-70.368	354.451	-90.3862	-368.933	-59.6922	-84.304	-77.2655	14.5772	-15.3506	-576.116	79.0769	-19.2693	-576.238	14.4313	-15.5606	-583.912	79.8082	-19.5316	-583.999	15.2826	-16.8125	-579.011	80.3702	-20.8229	-578.859	0.165964	-0.244063	0.955452	0.105449	-0.242281	0.964459	0.165964	0.0115423	0.986064	0.105449	0.0155952	0.994302	0.165964	0.0115423	0.986064	0.105449	0.0155952	0.994302	9.55388	0.661341	6.0538	0.893573	9.55388	0.661341	6.0538	0.893573	229.409	97.5364	260.324	95.8596	1279.83	544.136	1452.3	534.781	1368.71	535.935	1	1	1
"
 tid_13284_time_14:9:57:741 DPETW@ "GAZE_LOG_CALI: 681.76	453.875	679.081	459.972	968.531	434.088	964.4	440.626	307.175	444.944	305.258	450.956	591.678	427.349	588.403	433.794	
64.989	-64.424	350.605	-83.8379	-370.554	-53.8219	-87.1369	-70.9491	67.6691	-70.5223	354.748	-90.3837	-368.634	-59.8389	-83.8618	-77.3953	14.673	-15.389	-576.032	79.1424	-19.2743	-576.271	14.5283	-15.5996	-583.828	79.8745	-19.5367	-584.032	15.356	-16.8455	-578.977	80.465	-20.844	-579.056	0.16305	-0.245435	0.955602	0.114029	-0.252446	0.960869	0.16305	0.0102558	0.986564	0.114029	0.00484736	0.993466	0.16305	0.0102558	0.986564	0.114029	0.00484736	0.993466	9.38449	0.587625	6.54768	0.277735	9.38449	0.587625	6.54768	0.277735	227.814	96.7964	265.202	89.8925	1270.93	540.008	1479.51	501.492	1380.05	514.243	1	1	1
"
 tid_13284_time_14:9:57:764 DPETW@ "GAZE_LOG_CALI: 682.164	453.812	679.376	459.916	968.978	434.112	964.826	440.731	307.557	444.848	305.547	450.929	592.031	427.403	588.827	433.834	
65.2845	-64.4807	351.033	-83.7336	-370.264	-53.8488	-86.7127	-70.909	68.0735	-70.5849	355.196	-90.3602	-368.252	-59.9348	-83.509	-77.3412	14.7399	-15.398	-576.022	79.2387	-19.2574	-576.268	14.5961	-15.6086	-583.818	79.9721	-19.5196	-584.029	15.4473	-16.8624	-578.949	80.55	-20.8308	-578.942	0.166914	-0.245852	0.954828	0.109342	-0.248097	0.962545	0.166914	0.00965255	0.985924	0.109342	0.00948156	0.993959	0.166914	0.00965255	0.985924	0.109342	0.00948156	0.993959	9.60891	0.553059	6.27769	0.543262	9.60891	0.553059	6.27769	0.543262	230.102	96.4562	262.67	92.4776	1283.69	538.11	1465.38	515.914	1378.8	521.328	1	1	1
"
 tid_13284_time_14:9:57:786 DPETW@ "GAZE_LOG_CALI: 682.414	453.733	679.59	459.891	969.237	434.084	965.115	440.706	307.875	444.789	305.779	450.896	592.269	427.376	589.137	433.757	
65.4989	-64.5058	351.322	-83.7585	-370.032	-53.882	-86.4028	-70.9862	68.3236	-70.6643	355.455	-90.3879	-367.933	-59.9938	-83.2706	-77.3682	14.7886	-15.4052	-576.053	79.308	-19.2696	-576.293	14.6455	-15.6159	-583.848	80.0424	-19.5319	-584.054	15.5063	-16.8807	-579.049	80.6051	-20.8358	-578.911	0.170861	-0.251066	0.952771	0.105483	-0.244407	0.963918	0.170861	0.00408368	0.985287	0.105483	0.0134011	0.994331	0.170861	0.00408368	0.985287	0.105483	0.0134011	0.994331	9.83795	0.233978	6.05556	0.76785	9.83795	0.233978	6.05556	0.76785	232.427	93.3259	260.581	94.6298	1296.66	520.647	1453.73	527.921	1379.73	518.213	1	1	1
"
 tid_13284_time_14:9:57:807 DPETW@ "GAZE_LOG_CALI: 682.717	453.713	679.906	459.83	969.465	434.137	965.339	440.716	307.956	444.742	305.974	450.83	592.503	427.438	589.315	433.851	
65.8146	-64.5669	351.546	-83.7487	-369.836	-53.9483	-86.2246	-70.8919	68.626	-70.6845	355.683	-90.3353	-367.852	-60.0401	-83.0362	-77.306	14.8562	-15.4152	-575.891	79.3504	-19.2557	-576.235	14.714	-15.6261	-583.687	80.0854	-19.5179	-583.996	15.5673	-16.8798	-578.753	80.6582	-20.8229	-578.923	0.165324	-0.242877	0.955866	0.108719	-0.247662	0.962727	0.165324	0.0127955	0.986156	0.108719	0.00994855	0.994023	0.165324	0.0127955	0.986156	0.108719	0.00994855	0.994023	9.51682	0.73315	6.24176	0.570019	9.51682	0.73315	6.24176	0.570019	229.286	98.2291	262.43	92.7461	1279.14	548.001	1464.05	517.412	1375.17	527.946	1	1	1
"
 tid_13284_time_14:9:57:830 DPETW@ "GAZE_LOG_CALI: 682.761	453.746	680.015	459.851	969.642	434.155	965.474	440.774	307.978	444.797	305.973	450.903	592.619	427.525	589.406	433.941	
65.9238	-64.5453	351.682	-83.6903	-369.837	-53.8756	-86.1332	-70.8023	68.6702	-70.652	355.861	-90.3171	-367.83	-59.9853	-82.9208	-77.2192	14.877	-15.4007	-575.746	79.3735	-19.2372	-576.186	14.735	-15.6115	-583.541	80.1088	-19.4992	-583.947	15.5763	-16.869	-578.726	80.6873	-20.808	-578.844	0.166689	-0.249165	0.954008	0.109133	-0.246938	0.962866	0.166689	0.00624084	0.98599	0.109133	0.0106845	0.99397	0.166689	0.00624084	0.98599	0.109133	0.0106845	0.99397	9.59554	0.357576	6.26572	0.612186	9.59554	0.357576	6.26572	0.612186	230.063	94.6136	262.682	93.1845	1283.48	527.83	1465.45	519.858	1378.98	517.781	1	1	1
"
 tid_13284_time_14:9:57:852 DPETW@ "GAZE_LOG_CALI: 682.746	453.874	679.982	460.003	969.672	434.266	965.469	440.836	307.854	444.921	305.856	450.971	592.472	427.751	589.391	434.026	
65.8906	-64.3934	351.677	-83.6285	-369.955	-53.8075	-86.1483	-70.7168	68.6551	-70.523	355.891	-90.2058	-367.954	-59.8619	-83.0679	-76.9931	14.8666	-15.373	-575.633	79.3702	-19.22	-576.169	14.7244	-15.5834	-583.429	80.1056	-19.4817	-583.93	15.5692	-16.8362	-578.578	80.6611	-20.7614	-578.611	0.166273	-0.246567	0.954755	0.101023	-0.232699	0.967288	0.166273	0.00894345	0.986039	0.101023	0.0255827	0.994555	0.166273	0.00894345	0.986039	0.101023	0.0255827	0.994555	9.57156	0.512429	5.79998	1.46594	9.57156	0.512429	5.79998	1.46594	229.798	96.1805	258.149	101.455	1282	536.572	1440.16	565.999	1362.45	549.484	1	1	1
"
 tid_13284_time_14:9:57:874 DPETW@ "GAZE_LOG_CALI: 682.679	454.09	679.944	460.167	969.703	434.467	965.459	440.991	307.723	445.113	305.631	451.295	592.393	427.835	589.266	434.25	
65.8526	-64.2292	351.667	-83.4732	-370.181	-53.483	-86.2737	-70.4931	68.5886	-70.3073	355.922	-90.0045	-368.085	-59.6696	-83.1461	-76.9092	14.8509	-15.3114	-575.388	79.3462	-19.1718	-576.008	14.7085	-15.5211	-583.184	80.0814	-19.433	-583.768	15.5516	-16.7874	-578.491	80.6477	-20.7238	-578.461	0.170933	-0.256725	0.951249	0.103139	-0.235088	0.966486	0.170933	-0.00177613	0.985281	0.103139	0.0230674	0.994399	0.170933	-0.00177613	0.985281	0.103139	0.0230674	0.994399	9.8421	-0.101765	5.92152	1.32178	9.8421	-0.101765	5.92152	1.32178	232.424	90.3085	259.291	100.15	1296.65	503.813	1446.53	558.714	1375.29	526.333	1	1	1
"
 tid_13284_time_14:9:57:897 DPETW@ "GAZE_LOG_CALI: 682.643	454.202	679.855	460.423	969.63	434.654	965.475	441.088	307.63	445.311	305.548	451.4	592.347	427.945	589.224	434.377	
65.7636	-63.9738	351.683	-83.3765	-370.264	-53.378	-86.316	-70.3659	68.5519	-70.195	355.849	-89.8179	-368.179	-59.4712	-83.1925	-76.7989	14.8315	-15.2707	-575.385	79.339	-19.144	-575.931	14.6888	-15.4798	-583.181	80.0742	-19.4048	-583.692	15.5411	-16.75	-578.414	80.6357	-20.6912	-578.491	0.170248	-0.253706	0.952181	0.104227	-0.238776	0.965465	0.170248	0.0013814	0.9854	0.104227	0.0192407	0.994367	0.170248	0.0013814	0.9854	0.104227	0.0192407	0.994367	9.80222	0.0791483	5.98377	1.10248	9.80222	0.0791483	5.98377	1.10248	232.011	92.1156	259.882	98.0759	1294.34	513.894	1449.83	547.146	1375.88	525.46	1	1	1
"
 tid_13284_time_14:9:57:920 DPETW@ "GAZE_LOG_CALI: 682.705	454.198	679.886	460.417	969.717	434.565	965.545	441.074	307.612	445.264	305.533	451.383	592.356	427.898	589.219	434.323	
65.7942	-63.9791	351.753	-83.3904	-370.278	-53.3951	-86.3208	-70.4204	68.6139	-70.1999	355.937	-89.9068	-368.197	-59.5181	-83.1834	-76.8463	14.8368	-15.2717	-575.327	79.3417	-19.1488	-575.841	14.6942	-15.4809	-583.123	80.077	-19.4097	-583.602	15.5524	-16.7529	-578.309	80.6411	-20.703	-578.387	0.169836	-0.251708	0.952785	0.104408	-0.239384	0.965295	0.169836	0.00346772	0.985466	0.104408	0.0186094	0.99436	0.169836	0.00346772	0.985466	0.104408	0.0186094	0.994361	9.77836	0.198686	5.99409	1.0663	9.77836	0.198686	5.99409	1.0663	231.77	93.2963	259.976	97.7434	1293	520.481	1450.35	545.291	1375.25	528.14	1	1	1
"
 tid_13284_time_14:9:57:942 DPETW@ "GAZE_LOG_CALI: 682.772	453.886	680.024	460.019	969.931	434.18	965.752	440.779	307.669	444.969	305.559	451	592.458	427.613	589.291	433.938	
65.9324	-64.3779	351.961	-83.6852	-370.253	-53.7777	-86.249	-70.8051	68.6811	-70.5113	356.15	-90.2923	-368.14	-59.8139	-83.0821	-77.1305	14.8645	-15.3562	-575.178	79.364	-19.2197	-575.658	14.7222	-15.5666	-582.974	80.0999	-19.4816	-583.419	15.5674	-16.8216	-578.298	80.67	-20.7743	-578.253	0.17198	-0.255341	0.951432	0.10645	-0.241382	0.964574	0.17198	-0.000392094	0.9851	0.10645	0.0164929	0.994181	0.17198	-0.000392094	0.9851	0.10645	0.0164929	0.994181	9.90298	-0.0224653	6.11157	0.945016	9.90298	-0.0224653	6.11157	0.945016	233.004	91.0931	261.119	96.5476	1299.88	508.19	1456.73	538.62	1383.14	516.968	3	1	1
"