
 tid_9904_time_14:23:47:348 DPETW@ "GAZE_LOG_CALI: 586.282	220.862	587.978	228.799	922.765	221.383	922.572	229.875	140.512	224.646	143.253	232.427	480.055	225.413	480.926	233.746	
-12.4829	-284.396	322.216	-283.361	-524.467	-277.743	-186.69	-276.382	-14.1792	-292.337	322.41	-291.857	-527.211	-285.526	-187.561	-284.716	-2.44827	-56.0592	-499.498	63.7578	-56.2689	-503.834	-2.89044	-56.947	-507.235	64.3556	-57.1512	-511.561	-2.7965	-57.9282	-502.299	64.1438	-58.2536	-506.577	0.0186637	-0.194946	0.980636	-0.0414628	-0.215809	0.975555	0.0186637	0.0655042	0.997678	-0.0414628	0.0440365	0.998169	0.0186637	0.0655042	0.997678	-0.0414628	0.0440365	0.998169	1.07172	3.7558	-2.37864	2.52392	1.07172	3.7558	-2.37864	2.52392	128.92	103.73	168.459	92.7504	719.216	578.688	939.8	517.436	829.508	548.062	1	0	0
"
 tid_9904_time_14:23:47:370 DPETW@ "GAZE_LOG_CALI: 585.494	220.37	587.245	228.261	922.148	221.146	922.013	229.686	139.468	224.207	142.379	231.985	479.261	225.149	480.23	233.558	
-13.216	-284.935	321.656	-283.551	-525.342	-278.185	-187.386	-276.57	-14.9674	-292.829	321.793	-292.094	-528.256	-285.966	-188.356	-284.98	-2.5912	-56.1393	-499.353	63.6294	-56.2909	-503.695	-3.03574	-57.0287	-507.089	64.2254	-57.1738	-511.422	-2.95067	-57.9909	-502.043	63.9982	-58.2834	-506.4	0.0165574	-0.18728	0.982167	-0.0441322	-0.215519	0.975502	0.0165574	0.0733045	0.997172	-0.0441322	0.0443026	0.998043	0.0165574	0.0733045	0.997172	-0.0441322	0.0443026	0.998043	0.951273	4.20381	-2.5319	2.53918	0.951273	4.20381	-2.5319	2.53918	127.811	107.267	167.099	92.8838	713.029	598.422	932.213	518.18	822.621	558.301	1	0	0
"
 tid_9904_time_14:23:47:391 DPETW@ "GAZE_LOG_CALI: 585.229	220.794	586.995	228.701	921.962	221.403	921.911	229.916	139.182	224.511	142.076	232.372	479.061	225.43	479.993	233.834	
-13.4657	-284.494	321.554	-283.321	-525.645	-277.798	-187.623	-276.294	-15.2322	-292.405	321.606	-291.837	-528.542	-285.662	-188.556	-284.7	-2.64006	-56.0523	-499.3	63.5916	-56.2252	-503.556	-3.08543	-56.9403	-507.037	64.1872	-57.1073	-511.283	-3.0024	-57.9162	-502.019	63.9592	-58.2282	-506.387	0.0162405	-0.190882	0.981479	-0.0453479	-0.222953	0.973774	0.0162405	0.0696477	0.997439	-0.0453479	0.0366754	0.998298	0.0162405	0.0696477	0.997439	-0.0453479	0.0366754	0.998298	0.932816	3.99375	-2.60089	2.10182	0.932816	3.99375	-2.60089	2.10182	127.613	105.68	166.51	89.4523	711.928	589.568	928.927	499.036	820.427	544.302	1	0	0
"
 tid_9904_time_14:23:47:413 DPETW@ "GAZE_LOG_CALI: 585.024	220.984	586.831	228.881	921.821	221.558	921.713	230.144	139.006	224.818	141.846	232.51	478.831	225.624	479.667	234.084	
-13.6301	-284.314	321.355	-283.092	-525.875	-277.66	-187.949	-276.044	-15.4372	-292.215	321.466	-291.683	-528.718	-285.355	-188.786	-284.505	-2.67169	-56.0133	-499.231	63.5359	-56.1635	-503.427	-3.11762	-56.9009	-506.968	64.1307	-57.0449	-511.154	-3.04304	-57.8703	-502.046	63.9196	-58.1827	-506.293	0.0148638	-0.193206	0.981046	-0.042254	-0.227656	0.972824	0.0148638	0.0672906	0.997623	-0.042254	0.0318863	0.998598	0.0148638	0.0672906	0.997623	-0.042254	0.0318863	0.998598	0.853598	3.85839	-2.42293	1.82726	0.853598	3.85839	-2.42293	1.82726	126.948	104.647	167.893	87.3267	708.219	583.804	936.639	487.178	822.429	535.491	1	0	0
"
 tid_9904_time_14:23:47:435 DPETW@ "GAZE_LOG_CALI: 584.892	221.116	586.622	228.96	921.589	221.719	921.565	230.197	138.805	224.926	141.609	232.686	478.676	225.682	479.54	234.21	
-13.8387	-284.235	321.207	-283.039	-526.112	-277.484	-188.076	-275.918	-15.5697	-292.083	321.233	-291.521	-528.919	-285.247	-188.941	-284.448	-2.71277	-55.9853	-499.205	63.509	-56.1476	-503.445	-3.15938	-56.8724	-506.942	64.1034	-57.0288	-511.172	-3.06893	-57.8389	-501.979	63.8832	-58.17	-506.372	0.0178865	-0.191127	0.981402	-0.0445843	-0.231076	0.971914	0.0178865	0.0693908	0.997429	-0.0445843	0.0283474	0.998603	0.0178865	0.0693908	0.997429	-0.0445843	0.0283474	0.998603	1.02735	3.979	-2.55637	1.6244	1.02735	3.979	-2.55637	1.6244	128.292	105.648	166.789	85.7053	715.715	589.388	930.483	478.133	823.099	533.76	1	0	0
"
 tid_9904_time_14:23:47:457 DPETW@ "GAZE_LOG_CALI: 584.461	221.2	586.242	229.048	921.24	221.676	921.085	230.266	138.413	224.964	141.296	232.818	478.229	225.733	479.126	234.187	
-14.2195	-284.148	320.727	-282.97	-526.425	-277.352	-188.491	-275.941	-16.0004	-291.999	320.884	-291.564	-529.312	-285.209	-189.388	-284.397	-2.78771	-55.971	-499.27	63.4223	-56.1504	-503.51	-3.23543	-56.8578	-507.006	64.0153	-57.0315	-511.237	-3.15399	-57.8311	-502.016	63.801	-58.1572	-506.267	0.0160159	-0.191401	0.981381	-0.0420197	-0.220714	0.974433	0.0160159	0.0691215	0.99748	-0.0420197	0.0390089	0.998355	0.0160159	0.0691215	0.99748	-0.0420197	0.0390089	0.998355	0.919883	3.96353	-2.4101	2.23561	0.919883	3.96353	-2.4101	2.23561	127.36	105.525	167.877	90.6127	710.515	588.702	936.552	505.51	823.534	547.106	1	0	0
"
 tid_9904_time_14:23:47:479 DPETW@ "GAZE_LOG_CALI: 583.988	221.071	585.827	229.001	920.884	221.572	920.763	230.1	137.988	224.906	140.869	232.722	477.841	225.566	478.676	234.043	
-14.6343	-284.194	320.405	-283.136	-526.852	-277.448	-188.941	-276.085	-16.4732	-292.128	320.528	-291.668	-529.737	-285.268	-189.776	-284.564	-2.86895	-55.9836	-499.257	63.3422	-56.1667	-503.379	-3.31797	-56.8706	-506.993	63.9341	-57.0483	-511.107	-3.24761	-57.855	-502.062	63.7261	-58.1809	-506.238	0.0139892	-0.195727	0.980559	-0.0415645	-0.226363	0.973156	0.0139892	0.0647297	0.997805	-0.0415645	0.0332213	0.998583	0.0139892	0.0647297	0.997805	-0.0415645	0.0332213	0.998583	0.803231	3.71134	-2.38347	1.90379	0.803231	3.71134	-2.38347	1.90379	126.347	103.494	168.016	87.9505	704.863	577.371	937.326	490.658	821.095	534.015	1	0	0
"
 tid_9904_time_14:23:47:501 DPETW@ "GAZE_LOG_CALI: 583.597	220.919	585.426	228.855	920.441	221.251	920.32	229.856	137.632	224.682	140.483	232.482	477.476	225.302	478.354	233.638	
-15.0353	-284.34	319.962	-283.38	-527.238	-277.689	-189.263	-276.49	-16.8644	-292.28	320.085	-291.989	-530.093	-285.491	-190.142	-284.828	-2.94733	-56.023	-499.269	63.2701	-56.2447	-503.502	-3.39756	-56.9106	-507.005	63.8607	-57.1273	-511.229	-3.3253	-57.8965	-502.099	63.6477	-58.248	-506.315	0.0144407	-0.197011	0.980295	-0.0422207	-0.222147	0.974099	0.0144407	0.0634209	0.997882	-0.0422207	0.0375381	0.998403	0.0144407	0.0634209	0.997882	-0.0422207	0.0375381	0.998403	0.829087	3.63619	-2.42149	2.15128	0.829087	3.63619	-2.42149	2.15128	126.473	102.851	167.632	89.8412	705.57	573.783	935.185	501.206	820.377	537.494	1	0	0
"
 tid_9904_time_14:23:47:523 DPETW@ "GAZE_LOG_CALI: 583.265	220.719	585.049	228.692	920.136	220.977	919.987	229.539	137.312	224.541	140.213	232.319	477.172	225.018	478.097	233.456	
-15.4124	-284.504	319.629	-283.697	-527.509	-277.851	-189.519	-276.673	-17.1964	-292.48	319.78	-292.264	-530.413	-285.632	-190.445	-285.112	-3.02204	-56.067	-499.375	63.2138	-56.303	-503.58	-3.47335	-56.9551	-507.111	63.8034	-57.1864	-511.308	-3.39024	-57.9308	-502.104	63.587	-58.3034	-506.311	0.0162894	-0.19123	0.98141	-0.0422409	-0.217994	0.975036	0.0162894	0.0692938	0.997463	-0.0422409	0.0417916	0.998233	0.0162894	0.0692938	0.997463	-0.0422409	0.0417916	0.998233	0.935605	3.97343	-2.42307	2.39518	0.935605	3.97343	-2.42307	2.39518	127.249	105.488	167.559	91.733	709.894	588.499	934.781	511.76	822.338	550.13	1	0	0
"
 tid_9904_time_14:23:47:546 DPETW@ "GAZE_LOG_CALI: 582.722	220.504	584.533	228.403	919.654	220.619	919.511	229.061	136.739	224.227	139.548	232.079	476.62	224.646	477.463	233.103	
-15.9282	-284.793	319.153	-284.175	-528.174	-278.091	-190.153	-277.026	-17.7398	-292.695	319.298	-292.622	-530.986	-285.946	-190.997	-285.484	-3.12222	-56.102	-499.224	63.0991	-56.3672	-503.417	-3.57524	-56.991	-506.96	63.6872	-57.2519	-511.145	-3.49776	-57.9804	-502.08	63.4821	-58.3683	-506.243	0.0155592	-0.198698	0.979937	-0.0407533	-0.221883	0.974221	0.0155592	0.0616984	0.997974	-0.0407533	0.0378245	0.998453	0.0155592	0.0616984	0.997974	-0.0407533	0.0378245	0.998453	0.893215	3.53731	-2.33731	2.1677	0.893215	3.53731	-2.33731	2.1677	126.806	101.99	168.141	89.8697	707.426	568.979	938.027	501.365	822.726	535.172	1	0	0
"
 tid_9904_time_14:23:47:568 DPETW@ "GAZE_LOG_CALI: 581.913	220.287	583.717	228.231	918.937	220.256	918.798	228.786	135.925	224.149	138.871	231.944	475.875	224.299	476.704	232.725	
-16.7447	-284.965	318.44	-284.45	-528.851	-278.227	-190.913	-277.404	-18.5494	-292.912	318.581	-292.984	-531.801	-286.025	-191.742	-285.831	-3.28357	-56.1481	-499.364	62.952	-56.4263	-503.366	-3.739	-57.0374	-507.1	63.5377	-57.312	-511.093	-3.6572	-58.0085	-502.07	63.3357	-58.4355	-506.211	0.0159652	-0.189531	0.981745	-0.0402998	-0.224079	0.973737	0.0159652	0.0710217	0.997347	-0.0402998	0.0355783	0.998554	0.0159652	0.0710217	0.997347	-0.0402998	0.0355783	0.998554	0.917096	4.07267	-2.3111	2.03892	0.917096	4.07267	-2.3111	2.03892	126.835	106.205	168.206	88.7845	707.586	592.496	938.386	495.311	822.986	543.903	1	0	0
"
 tid_9904_time_14:23:47:589 DPETW@ "GAZE_LOG_CALI: 580.572	220.359	582.393	228.221	917.682	219.918	917.652	228.399	134.681	224.15	137.497	231.974	474.54	223.922	475.378	232.431	
-18.0691	-284.975	317.293	-284.837	-530.226	-278.197	-192.239	-277.698	-19.89	-292.84	317.324	-293.322	-533.046	-286.024	-193.077	-286.208	-3.54272	-56.1399	-499.307	62.7019	-56.4734	-503.182	-4.00228	-57.0292	-507.043	63.284	-57.3601	-510.91	-3.92227	-58.0121	-502.162	63.0754	-58.4967	-506.124	0.0160683	-0.197378	0.980196	-0.0423639	-0.230842	0.972069	0.0160683	0.0630407	0.997882	-0.0423639	0.028614	0.998692	0.0160683	0.0630407	0.997882	-0.0423639	0.028614	0.998692	0.922518	3.61436	-2.42899	1.63969	0.922518	3.61436	-2.42899	1.63969	126.614	102.553	167.01	85.5652	706.354	572.12	931.718	477.351	819.036	524.736	1	0	0
"
 tid_9904_time_14:23:47:611 DPETW@ "GAZE_LOG_CALI: 579.214	220.698	580.944	228.717	916.322	219.694	916.19	228.177	133.413	224.471	136.243	232.276	473.175	223.734	474.113	232.211	
-19.5176	-284.478	315.83	-285.059	-531.482	-277.895	-193.504	-277.918	-21.2484	-292.502	315.964	-293.547	-534.314	-285.703	-194.442	-286.396	-3.82825	-56.083	-499.498	62.4371	-56.5393	-503.378	-4.29213	-56.9711	-507.233	63.0149	-57.4267	-511.106	-4.19086	-57.9568	-502.247	62.8038	-58.5373	-506.118	0.0199218	-0.193892	0.980821	-0.0412622	-0.217137	0.975269	0.0199218	0.0665696	0.997583	-0.0412622	0.0426795	0.998236	0.0199218	0.0665696	0.997583	-0.0412622	0.0426795	0.998236	1.14405	3.81698	-2.36698	2.4461	1.14405	3.81698	-2.36698	2.4461	128.095	104.197	167.233	91.9519	714.616	581.296	932.962	512.981	823.789	547.139	1	0	0
"
 tid_9904_time_14:23:47:633 DPETW@ "GAZE_LOG_CALI: 578.335	221.064	580.141	228.977	915.491	219.721	915.44	228.168	132.566	224.853	135.421	232.684	472.338	223.781	473.291	232.273	
-20.3209	-284.218	315.08	-285.068	-532.303	-277.487	-194.326	-277.856	-22.1276	-292.135	315.132	-293.519	-535.161	-285.321	-195.28	-286.35	-3.98576	-56.015	-499.476	62.2792	-56.5252	-503.3	-4.45215	-56.902	-507.212	62.8546	-57.4127	-511.028	-4.36485	-57.8865	-502.278	62.6375	-58.5295	-506.114	0.0173521	-0.195682	0.980514	-0.0430409	-0.221432	0.974225	0.0173521	0.0647614	0.99775	-0.0430409	0.0382608	0.99834	0.0173521	0.0647614	0.99775	-0.0430409	0.0382608	0.99834	0.996347	3.71315	-2.46863	2.19272	0.996347	3.71315	-2.46863	2.19272	126.756	103.436	166.258	89.942	707.148	577.05	927.517	501.768	817.333	539.409	1	0	0
"
 tid_9904_time_14:23:47:655 DPETW@ "GAZE_LOG_CALI: 577.391	221.409	579.391	229.316	914.707	219.799	914.709	228.352	131.683	225.169	134.663	232.907	471.5	223.817	472.535	232.314	
-21.0711	-283.879	314.348	-284.884	-533.062	-277.264	-195.082	-277.815	-23.0713	-291.79	314.348	-293.441	-536.045	-285.005	-196.118	-286.314	-4.13262	-55.9586	-499.464	62.1313	-56.4998	-503.271	-4.60134	-56.8447	-507.2	62.7044	-57.3869	-510.999	-4.55124	-57.8275	-502.333	62.4743	-58.5109	-506.05	0.0100905	-0.197944	0.980161	-0.0452969	-0.221233	0.974168	0.0100905	0.0624855	0.997995	-0.0452969	0.0384386	0.998234	0.0100905	0.0624855	0.997995	-0.0452969	0.0384386	0.998234	0.579286	3.58249	-2.59813	2.20291	0.579286	3.58249	-2.59813	2.20291	123.28	102.445	165.065	90.0575	687.753	571.522	920.866	502.413	804.309	536.967	1	0	0
"
 tid_9904_time_14:23:47:677 DPETW@ "GAZE_LOG_CALI: 573.779	221.779	577.291	229.632	910.605	219.972	912.304	228.39	128.298	225.464	132.818	233.224	467.503	223.901	470.291	232.37	
-23.1718	-283.563	311.942	-284.845	-534.908	-276.947	-197.326	-277.759	-26.6846	-291.42	310.243	-293.267	-539.431	-284.711	-200.115	-286.23	-4.54735	-55.9246	-499.716	61.6747	-56.5083	-503.428	-5.02236	-56.8097	-507.451	62.2405	-57.3953	-511.157	-5.26637	-57.787	-502.549	61.6698	-58.496	-506.14	-0.0487535	-0.195255	0.97954	-0.110419	-0.212965	0.970801	-0.0487535	0.0649221	0.996699	-0.110419	0.0455538	0.992841	-0.0487536	0.0649221	0.996699	-0.110419	0.0455538	0.992841	-2.80039	3.72238	-6.34611	2.61094	-2.80039	3.72238	-6.34611	2.61094	95.8694	103.585	134.262	93.4123	534.836	577.879	749.018	521.129	641.927	549.504	1	0	0
"
 tid_9904_time_14:23:47:699 DPETW@ "GAZE_LOG_CALI: 573.674	221.81	577.096	229.712	910.558	219.976	912.049	228.411	128.108	225.56	132.659	233.252	467.483	223.987	470.135	232.379	
-23.367	-283.483	311.687	-284.824	-535.067	-276.919	-197.482	-277.75	-26.7896	-291.389	310.197	-293.263	-539.622	-284.614	-200.136	-286.143	-4.58579	-55.9179	-499.75	61.6364	-56.5162	-503.526	-5.06137	-56.8028	-507.485	62.2015	-57.4032	-511.255	-5.28613	-57.7644	-502.462	61.6637	-58.4902	-506.168	-0.0438999	-0.187816	0.981223	-0.102832	-0.207864	0.972737	-0.0438999	0.0725423	0.996399	-0.102832	0.0509817	0.993391	-0.0438999	0.0725423	0.996399	-0.102832	0.0509817	0.993391	-2.52274	4.16002	-5.90997	2.92231	-2.52274	4.16002	-5.90997	2.92231	98.0496	107.091	137.76	95.8898	546.999	597.442	768.538	534.95	657.769	566.196	1	0	0
"
 tid_9904_time_14:23:47:721 DPETW@ "GAZE_LOG_CALI: 573.494	221.748	576.968	229.572	910.465	219.829	912.051	228.27	128.035	225.483	132.611	233.159	467.426	223.777	470.118	232.306	
-23.4942	-283.623	311.689	-284.965	-535.115	-277.012	-197.5	-277.823	-26.9696	-291.451	310.104	-293.41	-539.695	-284.692	-200.192	-286.354	-4.61109	-55.9492	-499.825	61.6343	-56.5352	-503.505	-5.08698	-56.8345	-507.56	62.1994	-57.4224	-511.233	-5.32275	-57.7905	-502.568	61.6497	-58.5299	-506.203	-0.0463388	-0.187889	0.981097	-0.106099	-0.213787	0.971101	-0.0463388	0.0724395	0.996296	-0.106099	0.044837	0.993344	-0.0463388	0.0724395	0.996296	-0.106099	0.044837	0.993344	-2.66297	4.15411	-6.09665	2.56983	-2.66297	4.15411	-6.09665	2.56983	96.8994	107.002	136.243	93.0262	540.582	596.945	760.073	518.975	650.328	557.96	1	0	0
"
 tid_9904_time_14:23:47:743 DPETW@ "GAZE_LOG_CALI: 573.616	221.453	577.103	229.16	910.552	219.57	912.231	227.975	128.166	225.228	132.776	232.877	467.582	223.545	470.272	231.987	
-23.3598	-284.035	311.869	-285.26	-534.95	-277.295	-197.345	-278.142	-26.847	-291.746	310.191	-293.669	-539.564	-284.946	-200.036	-286.585	-4.58498	-56.0208	-499.855	61.6669	-56.5936	-503.483	-5.06043	-56.9072	-507.59	62.2326	-57.4818	-511.212	-5.29839	-57.8455	-502.574	61.6756	-58.587	-506.273	-0.0465772	-0.183667	0.981884	-0.109405	-0.217091	0.970001	-0.0465772	0.0767218	0.995964	-0.109405	0.041361	0.993136	-0.0465772	0.0767218	0.995964	-0.109405	0.041361	0.993136	-2.67754	4.40016	-6.28641	2.37049	-2.67754	4.40016	-6.28641	2.37049	96.8089	108.903	134.736	91.3646	540.078	607.547	751.666	509.705	645.872	558.626	1	0	0
"
 tid_9904_time_14:23:47:765 DPETW@ "GAZE_LOG_CALI: 573.848	221.21	577.391	228.929	910.856	219.362	912.499	227.839	128.368	224.991	133.166	232.569	467.92	223.336	470.455	231.697	
-23.0718	-284.266	312.137	-285.397	-534.56	-277.603	-197.162	-278.432	-26.6156	-291.989	310.495	-293.877	-539.361	-285.183	-199.698	-286.795	-4.52967	-56.0857	-499.962	61.7096	-56.6259	-503.395	-5.00414	-56.9729	-507.697	62.276	-57.5148	-511.124	-5.25256	-57.8899	-502.547	61.7404	-58.6328	-506.31	-0.0474425	-0.175118	0.983404	-0.107751	-0.224937	0.968397	-0.0474425	0.085373	0.995219	-0.107751	0.0333674	0.993618	-0.0474425	0.085373	0.995219	-0.107751	0.0333674	0.993618	-2.72925	4.89747	-6.18917	1.91217	-2.72925	4.89747	-6.18917	1.91217	96.4474	112.822	135.581	87.6364	538.061	629.409	756.38	488.906	647.22	559.158	1	0	0
"
 tid_9904_time_14:23:47:787 DPETW@ "GAZE_LOG_CALI: 574.044	221.105	577.597	228.883	911.084	219.276	912.755	227.734	128.669	224.877	133.366	232.514	468.143	223.278	470.801	231.646	
-22.8659	-284.313	312.393	-285.501	-534.36	-277.657	-196.817	-278.483	-26.4192	-292.094	310.723	-293.964	-539.06	-285.298	-199.475	-286.853	-4.48902	-56.0949	-499.955	61.7715	-56.6516	-503.487	-4.96285	-56.9822	-507.69	62.3387	-57.5407	-511.215	-5.21516	-57.9239	-502.655	61.7853	-58.6464	-506.304	-0.0491978	-0.183626	0.981764	-0.109291	-0.218338	0.969734	-0.0491978	0.0767299	0.995837	-0.109291	0.0400875	0.993201	-0.0491978	0.0767299	0.995837	-0.109291	0.0400875	0.993201	-2.82831	4.40063	-6.27951	2.29746	-2.82831	4.40063	-6.27951	2.29746	95.6963	108.819	134.9	90.7143	533.87	607.077	752.579	506.077	643.225	556.577	1	0	0
"
 tid_9904_time_14:23:47:810 DPETW@ "GAZE_LOG_CALI: 574.241	221.118	577.811	228.873	911.312	219.363	912.949	227.732	128.935	224.897	133.58	232.494	468.369	223.282	471.117	231.684	
-22.6518	-284.322	312.588	-285.504	-534.146	-277.677	-196.501	-278.445	-26.222	-292.082	310.951	-293.876	-538.794	-285.278	-199.249	-286.849	-4.44726	-56.0982	-499.959	61.8253	-56.6623	-503.613	-4.92043	-56.9856	-507.694	62.3932	-57.5513	-511.342	-5.1768	-57.9285	-502.723	61.8306	-58.6374	-506.305	-0.0506084	-0.186147	0.981218	-0.108564	-0.209563	0.97175	-0.0506084	0.0741539	0.995962	-0.108564	0.049085	0.992877	-0.0506084	0.0741539	0.995962	-0.108564	0.049085	0.992877	-2.90891	4.25261	-6.24009	2.81349	-2.90891	4.25261	-6.24009	2.81349	95.0935	107.627	135.262	94.8585	530.507	600.43	754.6	529.197	642.554	564.813	1	0	0
"
 tid_9904_time_14:23:47:831 DPETW@ "GAZE_LOG_CALI: 574.421	221.349	577.977	229.11	911.457	219.59	913.111	227.957	129.132	225.087	133.846	232.714	468.604	223.571	471.273	231.976	
-22.4858	-284.086	312.749	-285.279	-533.879	-277.457	-196.345	-278.153	-26.042	-291.85	311.096	-293.649	-538.597	-285.088	-199.014	-286.559	-4.41575	-56.0647	-500.062	61.8565	-56.6102	-503.606	-4.88833	-56.9514	-507.797	62.4249	-57.4985	-511.335	-5.14133	-57.8887	-502.74	61.8705	-58.5966	-506.397	-0.0491329	-0.182013	0.982068	-0.108949	-0.215813	0.970337	-0.0491329	0.0783667	0.995713	-0.108949	0.0426821	0.993131	-0.0491329	0.0783667	0.995713	-0.108949	0.0426821	0.993131	-2.82494	4.49469	-6.26047	2.44625	-2.82494	4.49469	-6.26047	2.44625	95.7923	109.586	135.127	91.9346	534.406	611.358	753.847	512.885	644.127	562.121	1	0	0
"
 tid_9904_time_14:23:47:853 DPETW@ "GAZE_LOG_CALI: 574.49	221.713	577.999	229.439	911.53	220.1	913.145	228.532	129.338	225.389	134.014	233.081	468.769	224.075	471.382	232.483	
-22.4634	-283.756	312.784	-284.703	-533.711	-277.09	-196.236	-277.646	-25.973	-291.485	311.17	-293.139	-538.391	-284.786	-198.85	-286.056	-4.41232	-56.0121	-500.204	61.8726	-56.5115	-503.684	-4.88472	-56.8977	-507.94	62.4412	-57.3981	-511.412	-5.12909	-57.8386	-502.878	61.8963	-58.506	-506.488	-0.0474082	-0.182533	0.982056	-0.107321	-0.218217	0.969981	-0.0474082	0.0778619	0.995836	-0.107321	0.0402682	0.993409	-0.0474082	0.0778619	0.995836	-0.107321	0.0402682	0.993409	-2.72559	4.46568	-6.16594	2.30782	-2.72559	4.46568	-6.16594	2.30782	96.584	109.376	135.902	90.8902	538.823	610.189	758.169	507.058	648.496	558.624	1	0	0
"
 tid_9904_time_14:23:47:874 DPETW@ "GAZE_LOG_CALI: 574.705	222.099	578.288	229.86	911.708	220.645	913.369	229.013	129.6	225.823	134.278	233.492	468.926	224.604	471.639	233.085	
-22.1743	-283.335	313.008	-284.222	-533.447	-276.679	-195.978	-277.043	-25.7581	-291.099	311.347	-292.594	-538.129	-284.352	-198.692	-285.526	-4.3553	-55.9274	-500.179	61.921	-56.4078	-503.717	-4.82683	-56.8117	-507.914	62.4903	-57.2927	-511.446	-5.08699	-57.7626	-502.923	61.9292	-58.3965	-506.468	-0.0511388	-0.186912	0.981045	-0.109395	-0.215192	0.970425	-0.0511388	0.0733696	0.995993	-0.109395	0.0433048	0.993055	-0.0511388	0.0733696	0.995993	-0.109395	0.0433048	0.993055	-2.93924	4.20755	-6.28637	2.48196	-2.93924	4.20755	-6.28637	2.48196	94.931	107.396	134.964	92.4021	529.601	599.139	752.937	515.493	641.269	557.316	1	0	0
"
 tid_9904_time_14:23:47:896 DPETW@ "GAZE_LOG_CALI: 574.956	222.296	578.43	229.999	911.88	220.969	913.626	229.368	129.899	226.084	134.493	233.675	469.191	224.967	471.838	233.337	
-22.0323	-283.196	313.265	-283.867	-533.232	-276.496	-195.78	-276.792	-25.5067	-290.902	311.519	-292.27	-537.83	-284.09	-198.427	-285.163	-4.32851	-55.9043	-500.257	61.9648	-56.3414	-503.662	-4.79956	-56.7881	-507.992	62.5349	-57.2254	-511.391	-5.03822	-57.7229	-502.974	61.9749	-58.3389	-506.563	-0.046703	-0.182921	0.982018	-0.112302	-0.223331	0.968252	-0.046703	0.0774765	0.9959	-0.112302	0.0348808	0.993062	-0.046703	0.0774765	0.9959	-0.112302	0.0348808	0.993062	-2.68493	4.44353	-6.452	1.99893	-2.68493	4.44353	-6.452	1.99893	96.991	109.295	133.663	88.5692	541.093	609.736	745.681	494.11	643.387	551.923	1	0	0
"
 tid_9904_time_14:23:47:918 DPETW@ "GAZE_LOG_CALI: 575.43	222.515	578.881	230.278	912.271	221.255	913.953	229.656	130.366	226.306	135.096	233.907	469.598	225.196	472.339	233.581	
-21.5815	-282.916	313.592	-283.578	-532.628	-276.264	-195.279	-276.548	-25.0328	-290.683	311.91	-291.984	-537.363	-283.868	-198.02	-284.934	-4.24096	-55.8708	-500.409	62.0514	-56.3081	-503.837	-4.71048	-56.7539	-508.144	62.6227	-57.1913	-511.566	-4.94413	-57.6782	-502.964	62.055	-58.2897	-506.582	-0.0443611	-0.175492	0.983481	-0.110557	-0.213917	0.970575	-0.0443611	0.0850314	0.99539	-0.110557	0.044575	0.99287	-0.0443612	0.0850314	0.99539	-0.110557	0.044575	0.99287	-2.55179	4.87783	-6.35379	2.5548	-2.55179	4.87783	-6.35379	2.5548	98.1392	112.795	134.531	93.069	547.499	629.263	750.524	519.213	649.012	574.238	1	0	0
"
 tid_9904_time_14:23:47:940 DPETW@ "GAZE_LOG_CALI: 576.028	222.482	579.501	230.212	912.842	221.289	914.536	229.776	131.06	226.317	135.688	233.896	470.211	225.26	472.908	233.655	
-20.9607	-282.983	314.175	-283.459	-532.036	-276.274	-194.709	-276.474	-24.4353	-290.716	312.482	-291.95	-536.668	-283.857	-197.407	-284.871	-4.11829	-55.8747	-500.377	62.1654	-56.2875	-503.824	-4.58592	-56.7579	-508.113	62.7384	-57.1703	-511.553	-4.82742	-57.692	-503.067	62.1741	-58.2849	-506.625	-0.0470058	-0.181805	0.98221	-0.111016	-0.219242	0.969334	-0.0470058	0.0786045	0.995797	-0.111016	0.0391108	0.993049	-0.0470058	0.0786045	0.995797	-0.111016	0.0391108	0.993049	-2.7026	4.50836	-6.3788	2.24146	-2.7026	4.50836	-6.3788	2.24146	97.0573	109.825	134.444	90.5509	541.463	612.694	750.037	505.165	645.75	558.93	1	0	0
"
 tid_9904_time_14:23:47:962 DPETW@ "GAZE_LOG_CALI: 576.903	222.284	580.418	229.941	913.56	221.16	915.272	229.571	131.999	226.01	136.58	233.668	471.164	225.134	473.771	233.536	
-20.0437	-283.254	314.912	-283.664	-531.144	-276.502	-193.846	-276.593	-23.5599	-290.914	313.2	-292.079	-535.728	-284.163	-196.454	-284.996	-3.93849	-55.922	-500.361	62.3274	-56.334	-503.955	-4.40331	-56.806	-508.097	62.9028	-57.2173	-511.683	-4.65479	-57.7493	-503.132	62.3467	-58.338	-506.868	-0.0497037	-0.186434	0.981209	-0.111771	-0.225274	0.967863	-0.0497037	0.073874	0.996028	-0.111771	0.0329034	0.993189	-0.0497037	0.073874	0.996028	-0.111771	0.0329034	0.993189	-2.8568	4.23653	-6.42092	1.88557	-2.8568	4.23653	-6.42092	1.88557	96.006	107.598	134.252	87.5909	535.598	600.267	748.967	488.652	642.283	544.459	1	0	0
"
 tid_9904_time_14:23:47:984 DPETW@ "GAZE_LOG_CALI: 577.554	222.021	581.148	229.742	914.241	220.997	915.887	229.377	132.705	225.76	137.375	233.411	471.848	224.935	474.495	233.377	
-19.314	-283.453	315.527	-283.858	-530.348	-276.759	-193.122	-276.751	-22.9083	-291.177	313.882	-292.242	-535.023	-284.413	-195.77	-285.195	-3.79518	-55.9741	-500.426	62.4633	-56.382	-504.072	-4.25768	-56.8588	-508.162	63.0407	-57.2658	-511.8	-4.52648	-57.8064	-503.188	62.4831	-58.3743	-506.87	-0.0530109	-0.186872	0.980953	-0.109682	-0.218047	0.969755	-0.0530109	0.0733848	0.995894	-0.109682	0.0403744	0.993146	-0.0530109	0.0733848	0.995894	-0.109682	0.0403744	0.993146	-3.04695	4.20842	-6.30213	2.31391	-3.04695	4.20842	-6.30213	2.31391	94.6252	107.313	135.347	90.9884	527.895	598.678	755.076	507.606	641.486	553.142	1	0	0
"
 tid_9904_time_14:23:48:5 DPETW@ "GAZE_LOG_CALI: 578.243	221.688	581.702	229.434	914.795	220.779	916.523	229.076	133.427	225.457	138.183	233.145	472.553	224.705	475.24	233.172	
-18.7599	-283.761	316.163	-284.16	-529.54	-277.026	-192.376	-276.957	-22.2191	-291.51	314.436	-292.46	-534.3	-284.717	-195.065	-285.425	-3.68833	-56.0594	-500.685	62.6035	-56.4457	-504.192	-4.1489	-56.945	-508.42	63.183	-57.3302	-511.92	-4.39127	-57.8741	-503.229	62.6126	-58.437	-507.027	-0.0459113	-0.175996	0.98332	-0.112962	-0.219205	0.969118	-0.0459113	0.0845023	0.995365	-0.112962	0.0390904	0.99283	-0.0459113	0.0845023	0.995365	-0.112962	0.0390903	0.99283	-2.6409	4.84741	-6.49107	2.24028	-2.6409	4.84741	-6.49107	2.24028	97.9771	112.315	133.938	90.3083	546.594	626.585	747.213	503.812	646.904	565.198	1	0	0
"
 tid_9904_time_14:23:48:28 DPETW@ "GAZE_LOG_CALI: 578.633	221.515	582.159	229.335	915.14	220.631	916.82	229.047	133.884	225.375	138.491	233.02	472.97	224.6	475.658	233.05	
-18.3029	-283.86	316.46	-284.188	-529.232	-277.15	-191.959	-277.079	-21.8296	-291.684	314.781	-292.608	-533.843	-284.799	-194.648	-285.531	-3.5972	-56.0646	-500.534	62.6777	-56.4737	-504.309	-4.05648	-56.9506	-508.27	63.2582	-57.3585	-512.037	-4.31458	-57.9068	-503.295	62.6905	-58.4707	-507.1	-0.0508791	-0.188501	0.980754	-0.111459	-0.218393	0.969475	-0.0508791	0.0717595	0.996123	-0.111459	0.0399674	0.992965	-0.0508791	0.0717595	0.996123	-0.111459	0.0399675	0.992965	-2.92396	4.11506	-6.40456	2.29058	-2.92396	4.11506	-6.40456	2.29058	95.808	106.447	134.707	90.6601	534.494	593.848	751.503	505.775	642.998	549.811	1	0	0
"
 tid_9904_time_14:23:48:50 DPETW@ "GAZE_LOG_CALI: 578.903	221.678	582.451	229.401	915.406	220.845	917.039	229.19	134.28	225.504	138.983	233.078	473.292	224.795	476.024	233.214	
-18.0106	-283.794	316.68	-284.046	-528.739	-277.092	-191.592	-276.914	-21.5591	-291.521	315.048	-292.395	-533.447	-284.67	-194.326	-285.335	-3.54146	-56.0753	-500.74	62.7401	-56.4606	-504.465	-3.99966	-56.961	-508.476	63.3213	-57.3449	-512.193	-4.26178	-57.892	-503.418	62.7508	-58.4364	-507.157	-0.0509015	-0.180792	0.982203	-0.110051	-0.210547	0.97137	-0.0509015	0.0795811	0.995528	-0.110051	0.0480364	0.992764	-0.0509015	0.0795811	0.995528	-0.110051	0.0480364	0.992764	-2.92699	4.56449	-6.32561	2.75334	-2.92699	4.56449	-6.32561	2.75334	95.8305	110.018	135.397	94.3957	534.619	613.769	755.352	526.615	644.986	570.192	1	0	0
"
 tid_9904_time_14:23:48:72 DPETW@ "GAZE_LOG_CALI: 579.048	222.029	582.559	229.77	915.487	221.245	917.172	229.645	134.511	225.741	139.233	233.395	473.419	225.185	476.217	233.565	
-17.9028	-283.425	316.813	-283.591	-528.489	-276.775	-191.4	-276.563	-21.4146	-291.17	315.128	-291.994	-533.215	-284.433	-194.198	-284.945	-3.52138	-56.0239	-500.885	62.774	-56.3869	-504.522	-3.97914	-56.9085	-508.621	63.3557	-57.2699	-512.25	-4.2341	-57.844	-503.508	62.7727	-58.3633	-507.208	-0.0489905	-0.179752	0.982491	-0.112289	-0.210606	0.971101	-0.0489905	0.0806599	0.995537	-0.112289	0.0479092	0.99252	-0.0489905	0.0806599	0.995537	-0.112289	0.0479092	0.99252	-2.81726	4.6265	-6.4547	2.74605	-2.81726	4.6265	-6.4547	2.74605	96.7233	110.54	134.37	94.4034	539.6	616.68	749.621	526.658	644.61	571.669	1	0	0
"
 tid_9904_time_14:23:48:93 DPETW@ "GAZE_LOG_CALI: 579.055	222.424	582.572	230.168	915.515	221.673	917.23	230.014	134.664	226.201	139.299	233.85	473.496	225.627	476.201	234.097	
-17.8899	-283.027	316.87	-283.222	-528.424	-276.32	-191.416	-276.031	-21.4077	-290.774	315.156	-291.566	-533.062	-283.972	-194.122	-284.504	-3.51892	-55.9452	-500.934	62.7758	-56.2891	-504.447	-3.97661	-56.8286	-508.67	63.3577	-57.1707	-512.175	-4.2339	-57.7757	-503.652	62.7842	-58.2817	-507.254	-0.050323	-0.18523	0.981406	-0.112919	-0.218771	0.969221	-0.050323	0.0750884	0.995906	-0.112919	0.0395366	0.992817	-0.050323	0.0750884	0.995906	-0.112919	0.0395366	0.992817	-2.89269	4.3063	-6.48868	2.26587	-2.89269	4.3063	-6.48868	2.26587	96.1174	108.031	134.099	90.6154	536.22	602.685	748.113	505.525	642.167	554.105	1	0	0
"
 tid_9904_time_14:23:48:115 DPETW@ "GAZE_LOG_CALI: 579.173	223.031	582.647	230.767	915.628	222.245	917.284	230.696	134.803	226.708	139.438	234.382	473.625	226.224	476.31	234.537	
-17.815	-282.428	316.924	-282.539	-528.284	-275.788	-191.307	-275.591	-21.2898	-290.167	315.27	-290.994	-532.923	-283.465	-193.993	-283.906	-3.50481	-55.8411	-501.001	62.7936	-56.1834	-504.499	-3.96222	-56.7227	-508.737	63.3757	-57.0633	-512.227	-4.21089	-57.6679	-503.675	62.8088	-58.1668	-507.27	-0.0482375	-0.183356	0.981862	-0.110926	-0.215921	0.97009	-0.0482375	0.0770161	0.995862	-0.110926	0.0425142	0.992919	-0.0482374	0.0770161	0.995862	-0.110926	0.0425142	0.992919	-2.77312	4.41707	-6.37447	2.43662	-2.77312	4.41707	-6.37447	2.43662	97.0864	109.012	135.041	92.0919	541.626	608.158	753.366	513.762	647.496	560.96	1	0	0
"
 tid_9904_time_14:23:48:137 DPETW@ "GAZE_LOG_CALI: 579.405	223.274	582.942	230.952	915.906	222.539	917.518	230.882	135.007	226.998	139.637	234.591	473.814	226.467	476.49	234.824	
-17.5192	-282.243	317.158	-282.353	-528.085	-275.579	-191.126	-275.305	-21.0569	-289.924	315.547	-290.7	-532.719	-283.175	-193.803	-283.663	-3.44572	-55.7912	-500.901	62.8331	-56.1307	-504.448	-3.90231	-56.6722	-508.638	63.4159	-57.01	-512.176	-4.16455	-57.6117	-503.646	62.8532	-58.1031	-507.183	-0.0515616	-0.184726	0.981437	-0.109423	-0.21257	0.971	-0.0515616	0.0755826	0.995806	-0.109423	0.0459866	0.992931	-0.0515616	0.0755826	0.995806	-0.109423	0.0459866	0.992931	-2.96406	4.3347	-6.28871	2.63577	-2.96406	4.3347	-6.28871	2.63577	95.6186	108.422	135.785	93.7699	533.437	604.867	757.515	523.123	645.476	563.995	1	0	0
"
 tid_9904_time_14:23:48:159 DPETW@ "GAZE_LOG_CALI: 579.856	223.009	583.396	230.796	916.354	222.4	917.991	230.85	135.427	226.814	140.11	234.466	474.243	226.337	477.005	234.757	
-17.0651	-282.399	317.632	-282.385	-527.611	-275.704	-190.611	-275.372	-20.6065	-290.189	315.995	-290.839	-532.299	-283.359	-193.375	-283.793	-3.35685	-55.8215	-500.925	62.9326	-56.1453	-504.491	-3.81202	-56.703	-508.662	63.5168	-57.0246	-512.219	-4.07518	-57.6527	-503.616	62.9402	-58.1278	-507.163	-0.0511883	-0.184734	0.981455	-0.110754	-0.211876	0.971001	-0.0511883	0.0755799	0.995825	-0.110754	0.0466567	0.992752	-0.0511883	0.0755799	0.995825	-0.110754	0.0466567	0.992752	-2.94258	4.33454	-6.36573	2.6742	-2.94258	4.33454	-6.36573	2.6742	95.8805	108.386	135.253	94.062	534.898	604.662	754.549	524.753	644.724	564.708	1	0	0
"
 tid_9904_time_14:23:48:181 DPETW@ "GAZE_LOG_CALI: 580.065	222.779	583.557	230.623	916.541	222.254	918.187	230.679	135.613	226.618	140.303	234.227	474.481	226.197	477.248	234.565	
-16.9046	-282.571	317.828	-282.556	-527.419	-275.942	-190.368	-275.563	-20.3974	-290.419	316.182	-290.984	-532.112	-283.555	-193.136	-283.933	-3.32517	-55.8654	-500.956	62.9776	-56.1868	-504.541	-3.77981	-56.7475	-508.692	63.5625	-57.0667	-512.269	-4.03381	-57.6927	-503.596	62.9841	-58.1627	-507.22	-0.0489448	-0.182129	0.982056	-0.111252	-0.210826	0.971172	-0.0489448	0.0782516	0.995731	-0.111252	0.047716	0.992646	-0.0489448	0.0782516	0.995731	-0.111252	0.047716	0.992646	-2.81409	4.48807	-6.39483	2.73497	-2.81409	4.48807	-6.39483	2.73497	96.9426	109.57	135.057	94.5055	540.824	611.268	753.456	527.227	647.14	569.247	1	0	0
"
 tid_9904_time_14:23:48:203 DPETW@ "GAZE_LOG_CALI: 580.617	222.2	584.18	229.949	917.079	221.73	918.766	230.106	136.066	225.941	140.649	233.585	475.017	225.718	477.632	234.13	
-16.2816	-283.246	318.407	-283.13	-527.072	-276.585	-189.984	-275.998	-19.845	-290.999	316.721	-291.51	-531.66	-284.232	-192.6	-284.412	-3.20106	-55.9647	-500.682	63.0676	-56.265	-504.344	-3.65399	-56.8489	-508.419	63.6541	-57.1464	-512.072	-3.92343	-57.8056	-503.496	63.0914	-58.263	-507.221	-0.0536499	-0.190504	0.980219	-0.112328	-0.222886	0.968351	-0.0536499	0.0696863	0.996125	-0.112328	0.0353364	0.993043	-0.0536499	0.0696863	0.996125	-0.112328	0.0353364	0.993043	-3.08289	3.99597	-6.45357	2.02505	-3.08289	3.99597	-6.45357	2.02505	94.9273	105.566	134.693	88.705	529.581	588.929	751.425	494.868	640.503	541.898	1	0	0
"
 tid_9904_time_14:23:48:225 DPETW@ "GAZE_LOG_CALI: 581.001	221.706	584.498	229.525	917.527	221.363	919.223	229.811	136.354	225.53	141	233.243	475.288	225.398	478.046	233.751	
-15.9636	-283.67	318.864	-283.425	-526.721	-276.927	-189.571	-276.378	-19.4609	-291.492	317.169	-291.876	-531.371	-284.644	-192.33	-284.732	-3.13872	-56.044	-500.716	63.153	-56.3273	-504.302	-3.59063	-56.9293	-508.453	63.7409	-57.2097	-512.03	-3.84736	-57.8851	-503.407	63.1584	-58.311	-507.042	-0.0499279	-0.18587	0.981305	-0.113306	-0.214223	0.970191	-0.0499279	0.0744436	0.995974	-0.113306	0.0441802	0.992577	-0.0499279	0.0744437	0.995975	-0.113306	0.0441802	0.992577	-2.86982	4.26926	-6.5123	2.53217	-2.86982	4.26926	-6.5123	2.53217	96.6987	107.674	134.307	92.7734	539.463	600.689	749.271	517.564	644.367	559.127	1	0	0
"
 tid_9904_time_14:23:48:246 DPETW@ "GAZE_LOG_CALI: 581.304	221.372	584.772	229.18	917.895	221.227	919.635	229.647	136.506	225.195	141.26	232.825	475.653	225.206	478.342	233.567	
-15.6891	-284.015	319.276	-283.589	-526.461	-277.345	-189.275	-276.561	-19.1584	-291.826	317.537	-292.013	-531.219	-284.978	-191.965	-284.924	-3.08477	-56.1178	-500.705	63.22	-56.3486	-504.185	-3.53584	-57.0043	-508.441	63.8091	-57.2316	-511.912	-3.7859	-57.9336	-503.252	63.2316	-58.3435	-507.041	-0.0473884	-0.176092	0.983232	-0.114798	-0.221046	0.968483	-0.0473884	0.0843879	0.995305	-0.114798	0.037148	0.992694	-0.0473884	0.084388	0.995305	-0.114798	0.037148	0.992694	-2.72591	4.84083	-6.59653	2.12891	-2.72591	4.84083	-6.59653	2.12891	97.9086	112.203	133.701	89.5058	546.213	625.957	745.893	499.335	646.053	562.646	1	0	0
"
 tid_9904_time_14:23:48:268 DPETW@ "GAZE_LOG_CALI: 581.401	221.44	584.839	229.251	918.055	221.395	919.735	229.826	136.59	225.225	141.271	232.891	475.714	225.355	478.342	233.672	
-15.6218	-283.944	319.377	-283.409	-526.45	-277.279	-189.274	-276.456	-19.0615	-291.759	317.697	-291.844	-531.135	-284.948	-191.904	-284.775	-3.07112	-56.0979	-500.647	63.2274	-56.3094	-504.086	-3.52203	-56.9842	-508.384	63.8166	-57.192	-511.814	-3.76683	-57.9227	-503.242	63.2509	-58.3002	-506.939	-0.046784	-0.179348	0.982673	-0.112445	-0.220277	0.968935	-0.046784	0.0810974	0.995608	-0.112445	0.0380079	0.992931	-0.046784	0.0810974	0.995608	-0.112445	0.0380079	0.992931	-2.69037	4.65165	-6.46096	2.17822	-2.69037	4.65165	-6.46096	2.17822	98.2096	110.707	134.825	89.9618	547.892	617.611	752.16	501.879	650.026	559.745	1	0	0
"
 tid_9904_time_14:23:48:290 DPETW@ "GAZE_LOG_CALI: 581.324	221.804	584.809	229.57	918.037	221.765	919.727	230.162	136.556	225.544	141.185	233.293	475.675	225.727	478.297	234.191	
-15.6521	-283.625	319.368	-283.074	-526.536	-276.876	-189.319	-275.937	-19.1384	-291.395	317.68	-291.474	-531.169	-284.629	-191.942	-284.402	-3.0766	-56.0203	-500.589	63.2206	-56.2202	-504.047	-3.52765	-56.9055	-508.325	63.8098	-57.1014	-511.774	-3.78239	-57.8599	-503.284	63.2448	-58.2238	-506.919	-0.0495917	-0.185802	0.981335	-0.112657	-0.223778	0.968107	-0.0495917	0.074517	0.995986	-0.112657	0.0344119	0.993038	-0.0495917	0.074517	0.995986	-0.112657	0.0344119	0.993038	-2.85049	4.27347	-6.47236	1.97205	-2.85049	4.27347	-6.47236	1.97205	96.9224	107.754	134.727	88.3863	540.711	601.138	751.613	493.09	646.162	547.114	1	0	0
"
 tid_9904_time_14:23:48:312 DPETW@ "GAZE_LOG_CALI: 581.298	222.613	584.794	230.404	918.081	222.564	919.681	230.949	136.529	226.368	141.184	234.019	475.645	226.522	478.227	234.862	
-15.667	-282.791	319.323	-282.287	-526.537	-276.15	-189.389	-275.266	-19.1636	-290.586	317.723	-290.675	-531.196	-283.804	-191.973	-283.608	-3.07975	-55.8683	-500.604	63.2085	-56.0725	-504.019	-3.53086	-56.7511	-508.341	63.7975	-56.9515	-511.747	-3.78773	-57.6983	-503.286	63.2439	-58.0557	-506.84	-0.0498842	-0.183947	0.981669	-0.109416	-0.218222	0.969746	-0.0498842	0.0763952	0.995829	-0.109416	0.0402025	0.993183	-0.0498842	0.0763952	0.995829	-0.109416	0.0402025	0.993183	-2.86773	4.38139	-6.28677	2.30406	-2.86773	4.38139	-6.28677	2.30406	96.7783	108.773	136.226	91.2265	539.907	606.822	759.979	508.934	649.943	557.878	1	0	0
"
 tid_9904_time_14:23:48:334 DPETW@ "GAZE_LOG_CALI: 581.338	223.338	584.845	231.073	918.083	223.32	919.779	231.739	136.561	227.072	141.23	234.76	475.709	227.241	478.36	235.593	
-15.6162	-282.122	319.421	-281.496	-526.491	-275.41	-189.256	-274.535	-19.1236	-289.86	317.725	-289.918	-531.164	-283.101	-191.908	-282.888	-3.06998	-55.729	-500.6	63.2323	-55.9256	-504.056	-3.52095	-56.6096	-508.337	63.8217	-56.8023	-511.784	-3.77941	-57.5554	-503.274	63.2521	-57.9157	-506.903	-0.0501203	-0.183401	0.98176	-0.113045	-0.220938	0.968714	-0.0501203	0.0769465	0.995775	-0.113045	0.0373121	0.992889	-0.0501203	0.0769465	0.995775	-0.113045	0.0373121	0.992889	-2.88144	4.41307	-6.4954	2.13832	-2.88144	4.41307	-6.4954	2.13832	96.6767	109.169	134.541	90.0261	539.34	609.03	750.576	502.237	644.958	555.634	1	0	0
"
 tid_9904_time_14:23:48:356 DPETW@ "GAZE_LOG_CALI: 581.43	224.134	584.99	231.918	918.189	224.13	919.833	232.487	136.673	227.918	141.29	235.602	475.799	228.053	478.399	236.469	
-15.4713	-281.276	319.474	-280.748	-526.43	-274.567	-189.218	-273.659	-19.0323	-289.064	317.831	-289.108	-531.052	-282.254	-191.818	-282.076	-3.04056	-55.5527	-500.511	63.2406	-55.7622	-504.036	-3.49117	-56.4308	-508.248	63.8302	-56.6364	-511.765	-3.7617	-57.395	-503.295	63.2711	-57.7521	-506.887	-0.0535323	-0.1908	0.980168	-0.111051	-0.221602	0.968793	-0.0535323	0.0693875	0.996152	-0.111051	0.036691	0.993137	-0.0535323	0.0693875	0.996152	-0.111051	0.036691	0.993137	-3.07606	3.97881	-6.38022	2.10271	-3.07606	3.97881	-6.38022	2.10271	95.1479	105.871	135.486	89.8993	530.811	590.635	755.849	501.53	643.33	546.083	1	0	0
"
 tid_9904_time_14:23:48:378 DPETW@ "GAZE_LOG_CALI: 581.585	224.369	585.152	232.141	918.275	224.275	919.94	232.701	136.763	228.167	141.365	235.81	475.886	228.246	478.472	236.574	
-15.3091	-281.052	319.582	-280.534	-526.355	-274.359	-189.144	-273.554	-18.8771	-288.828	317.917	-288.964	-530.962	-282.005	-191.732	-281.884	-3.00827	-55.5008	-500.425	63.2577	-55.727	-504.003	-3.45846	-56.3782	-508.162	63.8476	-56.6007	-511.732	-3.73055	-57.3396	-503.23	63.2882	-57.7182	-506.885	-0.0540611	-0.191037	0.980093	-0.111774	-0.223271	0.968327	-0.0540611	0.0691392	0.996141	-0.111774	0.0349586	0.993119	-0.0540611	0.0691392	0.996141	-0.111774	0.0349586	0.993118	-3.10643	3.96455	-6.42155	2.00339	-3.10643	3.96455	-6.42155	2.00339	94.9409	105.826	135.169	89.1368	529.656	590.38	754.08	497.276	641.868	543.828	1	0	0
"
 tid_9904_time_14:23:48:400 DPETW@ "GAZE_LOG_CALI: 581.731	223.825	585.23	231.661	918.386	223.766	920.075	232.117	136.842	227.616	141.49	235.25	476.021	227.74	478.637	236.159	
-15.2314	-281.533	319.717	-281.118	-526.231	-274.92	-188.979	-273.969	-18.7305	-289.373	318.029	-289.473	-530.882	-282.557	-191.596	-282.39	-2.99295	-55.6083	-500.471	63.2883	-55.8299	-504.038	-3.44284	-56.4873	-508.208	63.8787	-56.7051	-511.766	-3.70061	-57.4402	-503.16	63.3137	-57.823	-506.916	-0.0501177	-0.185276	0.981408	-0.112785	-0.223185	0.968229	-0.0501177	0.0750442	0.99592	-0.112785	0.0350161	0.993002	-0.0501177	0.0750442	0.99592	-0.112785	0.0350161	0.993002	-2.88086	4.30376	-6.47988	2.00669	-2.88086	4.30376	-6.47988	2.00669	96.764	108.433	134.723	89.056	539.827	604.925	751.595	496.826	645.711	550.875	1	0	0
"
 tid_9904_time_14:23:48:422 DPETW@ "GAZE_LOG_CALI: 581.825	223.043	585.341	230.85	918.541	222.999	920.143	231.359	136.892	226.863	141.491	234.465	476.115	226.936	478.71	235.351	
-15.1203	-282.345	319.784	-281.876	-526.23	-275.705	-188.907	-274.777	-18.6367	-290.156	318.183	-290.24	-530.832	-283.31	-191.502	-283.194	-2.97047	-55.7534	-500.361	63.3026	-55.986	-504.044	-3.4201	-56.6349	-508.098	63.8931	-56.8636	-511.772	-3.68219	-57.5878	-503.121	63.3369	-57.9723	-506.851	-0.0516491	-0.187789	0.980851	-0.109601	-0.21845	0.969674	-0.0516491	0.0724727	0.996032	-0.109601	0.0399638	0.993172	-0.0516491	0.0724727	0.996032	-0.109601	0.0399638	0.993172	-2.9684	4.15602	-6.29739	2.29037	-2.9684	4.15602	-6.29739	2.29037	96.0925	107.122	136.23	91.196	536.081	597.61	760	508.764	648.041	553.187	2	0	0
"
 tid_9904_time_14:23:48:444 DPETW@ "GAZE_LOG_CALI: 581.832	222.067	585.421	229.817	918.623	221.977	920.302	230.312	136.84	225.827	141.427	233.477	476.169	225.96	478.726	234.365	
-15.04	-283.378	319.944	-282.924	-526.294	-276.692	-188.891	-275.763	-18.6298	-291.131	318.265	-291.263	-530.885	-284.346	-191.448	-284.17	-2.95421	-55.9368	-500.221	63.3159	-56.1714	-503.898	-3.40369	-56.8214	-507.958	63.9068	-57.0522	-511.625	-3.6804	-57.7804	-503.062	63.3498	-58.1684	-506.823	-0.0553845	-0.191947	0.979841	-0.112246	-0.224981	0.967876	-0.0553845	0.068195	0.996134	-0.112246	0.0331894	0.993126	-0.0553845	0.068195	0.996134	-0.112246	0.0331894	0.993126	-3.18234	3.91032	-6.44836	1.90196	-3.18234	3.91032	-6.44836	1.90196	94.4043	104.995	135.034	87.8987	526.662	585.747	753.328	490.369	639.995	538.058	1	1	1
"
 tid_9904_time_14:23:48:466 DPETW@ "GAZE_LOG_CALI: 581.846	221.544	585.347	229.314	918.702	221.455	920.344	229.855	136.73	225.257	141.358	232.939	476.097	225.414	478.682	233.779	
-15.114	-283.881	319.986	-283.381	-526.363	-277.231	-188.934	-276.349	-18.6155	-291.655	318.345	-291.785	-530.995	-284.916	-191.521	-284.716	-2.96882	-56.04	-500.227	63.3136	-56.2655	-503.813	-3.41851	-56.9261	-507.964	63.9045	-57.1478	-511.54	-3.67651	-57.8743	-502.939	63.3466	-58.2579	-506.674	-0.0503894	-0.185191	0.98141	-0.111087	-0.221027	0.96892	-0.0503894	0.0751267	0.9959	-0.111087	0.0372794	0.993111	-0.0503894	0.0751267	0.9959	-0.111087	0.0372794	0.993111	-2.89652	4.3085	-6.38241	2.13645	-2.89652	4.3085	-6.38241	2.13645	96.6806	108.084	135.582	89.7243	539.362	602.981	756.382	500.554	647.872	551.767	1	1	1
"
 tid_9904_time_14:23:48:488 DPETW@ "GAZE_LOG_CALI: 581.729	221.01	585.273	228.755	918.635	220.916	920.292	229.242	136.516	224.778	141.162	232.452	475.984	224.914	478.564	233.305	
-15.1879	-284.44	319.934	-283.995	-526.559	-277.718	-189.052	-276.823	-18.7333	-292.189	318.278	-292.324	-531.21	-285.395	-191.634	-285.216	-2.98268	-56.1293	-500.105	63.2949	-56.3658	-503.746	-3.4327	-57.0171	-507.841	63.8856	-57.2499	-511.473	-3.69905	-57.9634	-502.841	63.3274	-58.3561	-506.627	-0.0522709	-0.185716	0.981212	-0.111582	-0.22117	0.968831	-0.0522709	0.0745686	0.995845	-0.111582	0.0371185	0.993062	-0.0522709	0.0745686	0.995845	-0.111582	0.0371185	0.993062	-3.00464	4.27643	-6.41095	2.12722	-3.00464	4.27643	-6.41095	2.12722	95.8077	107.763	135.34	89.5657	534.492	601.188	755.036	499.669	644.764	550.429	1	1	1
"
 tid_9904_time_14:23:48:510 DPETW@ "GAZE_LOG_CALI: 581.402	220.698	584.95	228.458	918.45	220.613	920.102	228.966	136.173	224.442	140.706	232.126	475.666	224.578	478.263	232.98	
-15.5109	-284.737	319.744	-284.271	-527.016	-278.044	-189.353	-277.148	-19.0602	-292.502	318.093	-292.627	-531.552	-285.732	-191.952	-285.552	-3.04501	-56.1753	-499.968	63.243	-56.4127	-503.632	-3.49613	-57.064	-507.704	63.833	-57.2977	-511.359	-3.76318	-58.0255	-502.822	63.2737	-58.4043	-506.491	-0.0535988	-0.192987	0.979736	-0.111329	-0.220291	0.96906	-0.0535988	0.067163	0.996301	-0.111329	0.0380267	0.993056	-0.0535988	0.067163	0.996301	-0.111329	0.0380267	0.993056	-3.07941	3.85105	-6.39657	2.1793	-3.07941	3.85105	-6.39657	2.1793	95.1532	104.326	135.419	89.9661	530.841	582.016	755.473	501.903	643.157	541.959	1	1	1
"
 tid_9904_time_14:23:48:532 DPETW@ "GAZE_LOG_CALI: 581.117	221.126	584.621	228.856	918.249	221.007	919.884	229.369	135.861	224.847	140.427	232.498	475.314	225.019	477.994	233.363	
-15.8405	-284.339	319.526	-283.867	-527.295	-277.673	-189.622	-276.765	-19.3454	-292.073	317.892	-292.233	-531.865	-285.326	-192.304	-285.111	-3.11012	-56.1052	-500.018	63.1933	-56.3293	-503.583	-3.56222	-56.9928	-507.754	63.7826	-57.2131	-511.31	-3.81944	-57.94	-502.796	63.2144	-58.3031	-506.335	-0.0508899	-0.187404	0.980964	-0.110889	-0.212723	0.9708	-0.0508899	0.0728738	0.996042	-0.110889	0.0457867	0.992778	-0.0508899	0.0728738	0.996042	-0.110889	0.0457867	0.992778	-2.92482	4.17907	-6.37326	2.6243	-2.92482	4.17907	-6.37326	2.6243	96.3214	107.018	135.561	93.6672	537.358	597.032	756.267	522.551	646.813	559.791	1	1	1
"
 tid_9904_time_14:23:48:555 DPETW@ "GAZE_LOG_CALI: 581.039	221.926	584.552	229.647	918.26	221.772	919.889	230.164	135.719	225.601	140.328	233.268	475.233	225.744	477.9	234.189	
-15.9094	-283.548	319.531	-283.072	-527.394	-276.902	-189.716	-275.939	-19.4226	-291.273	317.903	-291.468	-532.007	-284.572	-192.384	-284.386	-3.12341	-55.9481	-499.986	63.1813	-56.1565	-503.474	-3.57576	-56.8332	-507.723	63.7706	-57.0378	-511.202	-3.83421	-57.7788	-502.731	63.2049	-58.144	-506.242	-0.0507987	-0.185865	0.981261	-0.110628	-0.216358	0.970026	-0.0507987	0.0744371	0.995931	-0.110628	0.0420756	0.992971	-0.0507987	0.0744372	0.995931	-0.110628	0.0420756	0.992971	-2.91991	4.26888	-6.35715	2.41147	-2.91991	4.26888	-6.35715	2.41147	96.3466	107.903	135.687	92.1353	537.498	601.969	756.969	514.005	647.234	557.987	1	1	1
"
 tid_9904_time_14:23:48:577 DPETW@ "GAZE_LOG_CALI: 581.103	222.938	584.634	230.744	918.443	223.014	920.021	231.352	135.717	226.708	140.34	234.406	475.29	226.916	477.889	235.328	
-15.8274	-282.45	319.662	-281.883	-527.382	-275.764	-189.728	-274.8	-19.3594	-290.26	318.086	-290.225	-532.008	-283.465	-192.327	-283.214	-3.10695	-55.7202	-499.915	63.189	-55.91	-503.331	-3.55913	-56.6019	-507.652	63.7786	-56.7877	-511.059	-3.8215	-57.5617	-502.666	63.2253	-57.8888	-506.114	-0.0516041	-0.188781	0.980662	-0.108571	-0.216077	0.970321	-0.0516041	0.0714652	0.996107	-0.108571	0.0424228	0.993183	-0.0516041	0.0714652	0.996107	-0.108571	0.0424228	0.993183	-2.9656	4.09815	-6.23858	2.43138	-2.9656	4.09815	-6.23858	2.43138	95.9978	106.773	136.668	92.5677	535.553	595.664	762.444	516.417	648.998	556.041	1	1	1
"
 tid_9904_time_14:23:48:598 DPETW@ "GAZE_LOG_CALI: 581.287	223.632	584.763	231.403	918.56	223.685	920.286	232.045	135.736	227.369	140.355	235.029	475.33	227.634	478.003	236.105	
-15.6983	-281.791	319.927	-281.19	-527.366	-275.141	-189.613	-274.023	-19.1748	-289.566	318.203	-289.553	-531.989	-282.804	-192.288	-282.495	-3.08058	-55.5811	-499.798	63.2221	-55.7475	-503.179	-3.53247	-56.4609	-507.535	63.8124	-56.623	-510.907	-3.78312	-57.408	-502.494	63.2386	-57.7414	-506.036	-0.0488094	-0.184445	0.98163	-0.114046	-0.222312	0.968282	-0.0488094	0.0759041	0.99592	-0.114046	0.0358732	0.992828	-0.0488094	0.0759041	0.99592	-0.114046	0.0358732	0.992828	-2.80578	4.35317	-6.55286	2.05582	-2.80578	4.35317	-6.55286	2.05582	97.3077	108.979	134.154	89.7296	542.86	607.972	748.421	500.583	645.641	554.278	1	1	1
"
 tid_9904_time_14:23:48:620 DPETW@ "GAZE_LOG_CALI: 581.736	223.933	585.08	231.744	919.216	224.046	920.716	232.463	135.981	227.665	140.502	235.286	475.918	228.016	478.355	236.443	
-15.3817	-281.45	320.358	-280.772	-527.22	-274.883	-189.261	-273.685	-18.7262	-289.265	318.858	-289.193	-531.744	-282.508	-191.7	-282.113	-3.01758	-55.5036	-499.631	63.2975	-55.6639	-503.1	-3.46864	-56.3825	-507.368	63.889	-56.5382	-510.828	-3.69353	-57.3265	-502.297	63.3607	-57.6599	-505.97	-0.0435533	-0.182828	0.98218	-0.105377	-0.223706	0.968943	-0.0435533	0.077608	0.996032	-0.105377	0.0346975	0.993827	-0.0435533	0.0776081	0.996032	-0.105377	0.0346975	0.993827	-2.50377	4.45109	-6.05256	1.98842	-2.50377	4.45109	-6.05256	1.98842	99.7943	109.866	138.309	89.2683	556.732	612.918	771.596	498.01	664.164	555.464	1	1	1
"
 tid_9904_time_14:23:48:642 DPETW@ "GAZE_LOG_CALI: 588.105	223.25	588.434	231.249	925.756	223.644	923.781	232.193	142.238	226.944	143.604	235.131	482.603	227.654	481.496	236.202	
-12.0271	-281.945	323.425	-281.042	-524.116	-275.038	-186.119	-273.926	-12.3561	-289.948	325.402	-289.596	-525.484	-283.228	-185.013	-282.475	-2.35833	-55.5401	-499.388	63.9147	-55.724	-503.19	-2.79923	-56.42	-507.126	64.5158	-56.599	-510.917	-2.43677	-57.4547	-502.211	64.6829	-57.7547	-506.141	0.0719775	-0.205457	0.976016	0.0339774	-0.235049	0.97139	0.0719775	0.0541551	0.995935	0.0339774	0.0243746	0.999125	0.0719775	0.0541551	0.995935	0.0339774	0.0243746	0.999125	4.13365	3.10438	1.94771	1.3967	4.13365	3.10438	1.94771	1.3967	153.494	99.113	203.443	84.3439	856.313	552.932	1134.97	470.538	995.639	511.735	1	1	1
"
 tid_9904_time_14:23:48:664 DPETW@ "GAZE_LOG_CALI: 592.973	222.777	590.998	230.883	929.796	223.493	925.881	231.943	147.104	226.641	146.301	234.694	486.667	227.41	483.696	235.799	
-9.46186	-282.311	325.526	-281.293	-521.417	-275.475	-183.919	-274.328	-7.48686	-290.421	329.444	-289.748	-520.615	-283.53	-180.949	-282.719	-1.85621	-55.6351	-499.536	64.3441	-55.8005	-503.298	-2.28907	-56.5163	-507.274	64.9517	-56.6764	-511.025	-1.47626	-57.532	-502.222	65.4916	-57.7983	-506.182	0.155827	-0.194731	0.9684	0.107956	-0.224322	0.968517	0.155827	0.0625446	0.985802	0.107956	0.0339921	0.993574	0.155827	0.0625446	0.985802	0.107956	0.0339921	0.993574	8.98252	3.58588	6.20111	1.94798	8.98252	3.58588	6.20111	1.94798	193.24	103.135	238.277	88.7662	1078.05	575.367	1329.3	495.209	1203.67	535.288	1	1	1
"
 tid_9904_time_14:23:48:686 DPETW@ "GAZE_LOG_CALI: 596.426	222.274	592.984	230.388	932.375	222.952	927.497	231.288	150.391	226.029	148.281	234.097	489.205	226.921	485.273	235.237	
-7.47636	-282.807	327.143	-281.949	-519.436	-276.072	-182.342	-274.891	-4.03373	-290.924	332.025	-290.289	-517.327	-284.142	-178.411	-283.207	-1.46641	-55.7424	-499.536	64.6594	-55.9174	-503.265	-1.89311	-56.6253	-507.274	65.2719	-56.7952	-510.992	-0.794708	-57.6242	-502.068	66.0002	-57.8964	-506.144	0.202891	-0.184506	0.961662	0.144961	-0.219191	0.964853	0.202891	0.0706774	0.976647	0.144961	0.0380003	0.988707	0.202891	0.0706774	0.976647	0.144961	0.0380003	0.988707	11.7358	4.05289	8.34109	2.17778	11.7358	4.05289	8.34109	2.17778	216.34	107.106	256.08	90.6033	1206.92	597.524	1428.62	505.458	1317.77	551.491	1	1	1
"
 tid_9904_time_14:23:48:708 DPETW@ "GAZE_LOG_CALI: 596.318	221.791	592.771	229.831	932.583	222.243	927.543	230.733	150.168	225.536	147.965	233.532	489.251	226.272	485.242	234.521	
-7.68929	-283.364	327.189	-282.504	-519.752	-276.637	-182.373	-275.607	-4.14185	-291.407	332.233	-290.999	-517.549	-284.635	-178.365	-283.857	-1.50768	-55.841	-499.432	64.6589	-56.035	-503.19	-1.93511	-56.7257	-507.169	65.2715	-56.9146	-510.916	-0.816116	-57.708	-501.958	66.0205	-58.0139	-505.987	0.206442	-0.181233	0.961528	0.146726	-0.215322	0.965457	0.206442	0.0738041	0.975671	0.146726	0.0418932	0.98829	0.206442	0.0738041	0.975671	0.146726	0.0418932	0.98829	11.947	4.23251	8.44468	2.40101	11.947	4.23251	8.44468	2.40101	218.029	108.525	256.915	92.3253	1216.34	605.439	1433.28	515.064	1324.81	560.251	1	1	1
"
 tid_9904_time_14:23:48:730 DPETW@ "GAZE_LOG_CALI: 596.082	221.604	592.483	229.606	932.346	221.995	927.335	230.358	149.959	225.259	147.553	233.385	489.034	225.968	485.083	234.285	
-7.97706	-283.588	326.981	-282.879	-520.165	-276.784	-182.533	-275.842	-4.37773	-291.594	331.996	-291.247	-517.759	-284.911	-178.581	-284.161	-1.5636	-55.8634	-499.304	64.6238	-56.1004	-503.235	-1.99203	-56.7486	-507.042	65.2358	-56.9811	-510.961	-0.862892	-57.7572	-501.987	65.9761	-58.0711	-506.007	0.213998	-0.191163	0.957946	0.144442	-0.212666	0.96639	0.213998	0.0632858	0.974782	0.144442	0.0447002	0.988503	0.213998	0.0632858	0.974782	0.144442	0.0447002	0.988503	12.382	3.62843	8.31334	2.56199	12.382	3.62843	8.31334	2.56199	221.575	103.627	255.805	93.5545	1236.12	578.117	1427.08	521.922	1331.6	550.019	1	1	1
"
 tid_9904_time_14:23:48:752 DPETW@ "GAZE_LOG_CALI: 595.581	221.794	592.09	229.825	931.929	222.166	926.924	230.498	149.49	225.477	147.173	233.556	488.643	226.055	484.551	234.395	
-8.36964	-283.369	326.57	-282.739	-520.545	-276.613	-183.065	-275.732	-4.87855	-291.405	331.579	-291.076	-518.228	-284.694	-178.972	-284.073	-1.64123	-55.827	-499.321	64.5265	-56.062	-503.111	-2.07087	-56.7116	-507.059	65.1372	-56.9422	-510.837	-0.960907	-57.7194	-502.008	65.8966	-58.0485	-506.034	0.210679	-0.191288	0.958657	0.152271	-0.221842	0.96312	0.210679	0.0633488	0.9755	0.152271	0.0349906	0.987719	0.210679	0.0633488	0.9755	0.152271	0.0349906	0.987719	12.187	3.63205	8.76398	2.00522	12.187	3.63205	8.76398	2.00522	219.874	103.668	259.394	89.1085	1226.63	578.343	1447.11	497.118	1337.85	536.325	1	1	1
"
 tid_9904_time_14:23:48:774 DPETW@ "GAZE_LOG_CALI: 595.074	222.28	591.467	230.369	931.561	222.645	926.578	231.032	149.028	226.019	146.614	234.118	488.171	226.706	484.175	234.967	
-8.99297	-282.826	326.224	-282.205	-521.104	-276.051	-183.44	-275.161	-5.38572	-290.919	331.211	-290.596	-518.691	-284.152	-179.445	-283.423	-1.76339	-55.725	-499.38	64.4541	-55.9493	-503.082	-2.19491	-56.6079	-507.118	65.0636	-56.8279	-510.808	-1.06152	-57.6233	-502.055	65.8091	-57.9235	-505.924	0.214384	-0.192065	0.95768	0.147317	-0.21651	0.965102	0.214384	0.0623452	0.974758	0.147317	0.0406538	0.988253	0.214384	0.0623452	0.974758	0.147317	0.0406538	0.988254	12.4039	3.57444	8.47853	2.32994	12.4039	3.57444	8.47853	2.32994	221.58	103.31	256.973	91.8567	1236.15	576.348	1433.6	512.45	1335.23	543.896	1	1	1
"
 tid_9904_time_14:23:48:796 DPETW@ "GAZE_LOG_CALI: 594.685	222.697	591.161	230.737	931.297	223.164	926.319	231.616	148.753	226.393	146.377	234.415	488.104	227.12	484.113	235.406	
-9.29881	-282.457	325.964	-281.621	-521.341	-275.754	-183.503	-274.722	-5.7744	-290.502	330.946	-290.078	-518.965	-283.778	-179.512	-283.008	-1.82331	-55.6669	-499.445	64.4284	-55.8701	-503.281	-2.25573	-56.5488	-507.183	65.0373	-56.7471	-511.008	-1.13828	-57.558	-502.167	65.7825	-57.8532	-506.124	0.213359	-0.192702	0.957781	0.147166	-0.218454	0.964687	0.213359	0.0617561	0.97502	0.147166	0.0386692	0.988356	0.213359	0.0617561	0.97502	0.147166	0.0386692	0.988356	12.3432	3.54061	8.46909	2.21613	12.3432	3.54061	8.46909	2.21613	221.029	103.072	256.901	90.9646	1233.08	575.016	1433.2	507.474	1333.64	540.523	1	1	1
"
 tid_9904_time_14:23:48:818 DPETW@ "GAZE_LOG_CALI: 594.173	222.929	590.466	230.834	931.223	223.309	926.276	231.833	148.535	226.617	146.067	234.505	488.108	227.403	484.235	235.579	
-9.9943	-282.36	325.921	-281.403	-521.651	-275.664	-183.381	-274.548	-6.28651	-290.269	330.873	-289.932	-519.183	-283.554	-179.507	-282.725	-1.96135	-55.6912	-499.83	64.4413	-55.8498	-503.448	-2.39559	-56.5728	-507.567	65.0503	-56.7262	-511.174	-1.2399	-57.546	-502.457	65.7778	-57.819	-506.198	0.216864	-0.182621	0.958968	0.141361	-0.212355	0.966914	0.216864	0.0718004	0.973558	0.141361	0.0451363	0.988929	0.216864	0.0718004	0.973558	0.141361	0.0451363	0.988929	12.5578	4.1174	8.13496	2.587	12.5578	4.1174	8.13496	2.587	222.766	107.735	254.194	93.952	1242.77	601.034	1418.1	524.14	1330.43	562.587	1	1	1
"
 tid_9904_time_14:23:48:840 DPETW@ "GAZE_LOG_CALI: 595.079	224.215	590.772	228.945	931.272	222.566	926.616	230.466	149.679	227.94	146.298	232.594	488.637	226.474	484.957	234.262	
-9.68842	-284.25	326.261	-282.771	-521.42	-277.575	-182.659	-275.866	-5.38076	-288.982	330.921	-290.676	-518.039	-282.23	-178.978	-283.654	-1.90091	-56.0571	-499.758	64.5588	-56.1592	-503.838	-2.33422	-56.9445	-507.495	65.1691	-57.0397	-511.564	-1.06165	-57.3149	-502.695	65.8512	-58.0419	-506.69	0.255583	-0.0744049	0.96392	0.135828	-0.199562	0.970425	0.255583	0.177611	0.950332	0.135828	0.0584022	0.98901	0.255583	0.177611	0.950332	0.135828	0.0584022	0.98901	15.053	10.2307	7.81991	3.3481	15.053	10.2307	7.81991	3.3481	243.911	159.123	251.769	99.7464	1360.73	887.714	1404.57	556.465	1382.65	722.089	1	1	1
"
 tid_9904_time_14:23:49:95 DPETW@ "GAZE_LOG_CALI: 591.645	221.978	587.404	229.465	929.184	222.013	923.505	230.285	146.472	225.385	143.498	233.255	487.253	226.374	482.16	234.162	
-13.0573	-283.73	323.148	-282.952	-524.222	-276.915	-185.456	-275.966	-8.81541	-291.221	328.833	-291.229	-521.248	-284.786	-180.363	-283.755	-2.56537	-56.0037	-500.317	63.9819	-56.2218	-504.147	-3.00864	-56.8892	-508.054	64.5828	-57.1028	-511.874	-1.74033	-57.8149	-502.915	65.5266	-58.1883	-507.4	0.236042	-0.172273	0.95635	0.200796	-0.230977	0.952014	0.236042	0.0811184	0.968351	0.200796	0.0232927	0.979356	0.236042	0.0811184	0.968351	0.200796	0.0232927	0.979356	13.699	4.65285	11.5867	1.33469	13.699	4.65285	11.5867	1.33469	231.855	111.92	282.46	83.3464	1293.47	624.377	1575.79	464.973	1442.4	535.918	1	1	1
"
 tid_9904_time_14:23:49:117 DPETW@ "GAZE_LOG_CALI: 591.918	220.815	587.953	228.834	929.176	221.142	923.678	229.453	146.557	224.58	143.835	232.568	486.85	225.329	482.162	233.436	
-12.5077	-284.362	323.322	-283.784	-523.885	-277.601	-185.454	-276.692	-8.54254	-292.384	328.824	-292.1	-521.162	-285.591	-180.766	-284.8	-2.45591	-56.1095	-500.103	63.9943	-56.3573	-503.977	-2.89765	-56.997	-507.839	64.5956	-57.2407	-511.704	-1.68624	-57.9883	-502.73	65.4734	-58.3336	-506.998	0.226696	-0.185502	0.956137	0.178764	-0.222571	0.958387	0.226696	0.0682849	0.971569	0.178764	0.0330613	0.983336	0.226696	0.0682849	0.971569	0.178764	0.0330613	0.983336	13.1339	3.91548	10.3035	1.89462	13.1339	3.91548	10.3035	1.89462	227.138	105.68	271.714	87.7906	1267.16	589.565	1515.84	489.766	1395.97	534.062	1	1	1
"
 tid_9904_time_14:23:49:139 DPETW@ "GAZE_LOG_CALI: 591.965	220.578	588.135	228.504	929.117	220.98	923.725	229.198	146.751	224.282	143.946	232.309	486.763	224.952	482.219	233.095	
-12.326	-284.691	323.369	-284.039	-523.774	-277.861	-185.397	-277.033	-8.49487	-292.621	328.766	-292.262	-520.969	-285.89	-180.853	-285.177	-2.42004	-56.1596	-500.033	64.0051	-56.4175	-503.986	-2.86127	-57.0481	-507.77	64.6065	-57.3018	-511.713	-1.67725	-58.0581	-502.876	65.4582	-58.384	-506.968	0.230583	-0.1967	0.952964	0.17237	-0.219025	0.960373	0.230583	0.0566479	0.971402	0.17237	0.037001	0.984337	0.230583	0.0566479	0.971402	0.17237	0.037001	0.984337	13.3532	3.24742	9.93252	2.12049	13.3532	3.24742	9.93252	2.12049	229.004	100.167	268.642	89.5595	1277.57	558.812	1498.7	499.634	1393.23	522.668	1	1	1
"
 tid_9904_time_14:23:49:161 DPETW@ "GAZE_LOG_CALI: 592.1	220.49	588.26	228.404	929.123	220.826	923.883	229.098	146.75	224.219	144.018	232.178	486.576	224.813	482.265	232.961	
-12.2005	-284.791	323.527	-284.139	-523.701	-277.992	-185.351	-277.167	-8.35971	-292.709	328.772	-292.417	-520.969	-285.953	-181.04	-285.316	-2.39523	-56.1767	-499.982	64.0218	-56.428	-503.872	-2.83611	-57.0655	-507.719	64.6237	-57.3126	-511.598	-1.65041	-58.0577	-502.744	65.4341	-58.3908	-506.772	0.227594	-0.19046	0.954948	0.161739	-0.215174	0.963089	0.227594	0.063188	0.971704	0.161739	0.0414234	0.985964	0.227594	0.063188	0.971704	0.161739	0.0414234	0.985964	13.1823	3.62282	9.31589	2.37407	13.1823	3.62282	9.31589	2.37407	227.576	103.231	263.533	91.6143	1269.6	575.906	1470.2	511.098	1372.48	540.127	1	1	1
"
 tid_9904_time_14:23:49:183 DPETW@ "GAZE_LOG_CALI: 592.279	220.611	588.347	228.464	929.213	220.967	924.031	229.239	146.928	224.302	144.145	232.259	486.647	224.932	482.345	233.148	
-12.1135	-284.732	323.675	-283.998	-523.574	-277.91	-185.271	-276.98	-8.18127	-292.588	328.862	-292.275	-520.792	-285.87	-180.969	-285.197	-2.37874	-56.1677	-500.026	64.0423	-56.3875	-503.801	-2.81933	-57.0563	-507.763	64.6445	-57.2717	-511.528	-1.61473	-58.0371	-502.74	65.4496	-58.3628	-506.754	0.229095	-0.186529	0.955365	0.162236	-0.219864	0.961946	0.229095	0.0670937	0.971089	0.162236	0.0365977	0.986073	0.229095	0.0670937	0.971089	0.162236	0.0365977	0.986073	13.2743	3.84707	9.34304	2.09736	13.2743	3.84707	9.34304	2.09736	228.378	105.091	263.769	89.4109	1274.08	586.279	1471.52	498.805	1375.65	538.822	1	1	1
"
 tid_9904_time_14:23:49:205 DPETW@ "GAZE_LOG_CALI: 592.311	220.908	588.398	228.678	929.313	221.419	924.126	229.591	147.054	224.568	144.252	232.445	486.905	225.366	482.37	233.583	
-12.0628	-284.517	323.77	-283.646	-523.468	-277.725	-185.246	-276.545	-8.14898	-292.291	328.962	-291.823	-520.665	-285.603	-180.711	-284.763	-2.36884	-56.1344	-500.081	64.0519	-56.3015	-503.731	-2.80922	-57.0224	-507.817	64.6544	-57.1845	-511.457	-1.60867	-57.9922	-502.834	65.4902	-58.2926	-506.913	0.230122	-0.185886	0.955243	0.175875	-0.233186	0.956396	0.230122	0.067683	0.970805	0.175875	0.0222934	0.98416	0.230122	0.067683	0.970805	0.175875	0.0222934	0.98416	13.3354	3.88092	10.1321	1.27742	13.3354	3.88092	10.1321	1.27742	228.919	105.401	270.309	82.8436	1277.09	588.008	1508	462.168	1398.34	517.655	1	1	1
"
 tid_9904_time_14:23:49:227 DPETW@ "GAZE_LOG_CALI: 592.356	221.219	588.455	229.047	929.222	221.864	924.127	230.068	147.083	224.896	144.405	232.686	486.859	225.773	482.426	233.911	
-12.006	-284.149	323.771	-283.169	-523.315	-277.483	-185.19	-276.217	-8.10398	-291.98	328.87	-291.378	-520.636	-285.276	-180.757	-284.356	-2.358	-56.0852	-500.177	64.0594	-56.2282	-503.788	-2.79813	-56.9722	-507.914	64.662	-57.1099	-511.515	-1.60011	-57.9275	-502.821	65.4778	-58.2124	-506.955	0.225271	-0.179626	0.957595	0.171318	-0.231533	0.957624	0.225271	0.0743379	0.971456	0.171318	0.0242078	0.984918	0.225271	0.0743379	0.971456	0.171318	0.0242078	0.984918	13.0556	4.26318	9.86735	1.38714	13.0556	4.26318	9.86735	1.38714	226.596	108.545	268.132	83.7907	1264.14	605.553	1495.86	467.452	1383.87	531.493	1	1	1
"
 tid_9904_time_14:23:49:249 DPETW@ "GAZE_LOG_CALI: 592.557	221.497	588.534	229.406	929.352	222.315	924.234	230.478	147.392	225.22	144.635	233.178	487.025	226.226	482.554	234.462	
-11.9271	-283.789	323.878	-282.758	-523.084	-276.991	-185.062	-275.666	-7.90259	-291.702	329.001	-290.926	-520.328	-284.952	-180.591	-283.903	-2.34285	-56.0177	-500.324	64.0831	-56.1352	-503.81	-2.78262	-56.9035	-508.061	64.686	-57.0155	-511.537	-1.56032	-57.8797	-502.925	65.5084	-58.1266	-506.994	0.227636	-0.181812	0.956622	0.173196	-0.233996	0.956687	0.227636	0.0719748	0.971083	0.173196	0.0215863	0.984651	0.227636	0.0719748	0.971083	0.173196	0.0215863	0.984651	13.1928	4.12742	9.97603	1.2369	13.1928	4.12742	9.97603	1.2369	227.805	107.485	269.066	82.6526	1270.88	599.639	1501.06	461.102	1390.8	524.136	1	1	1
"
 tid_9904_time_14:23:49:271 DPETW@ "GAZE_LOG_CALI: 592.771	221.789	588.786	229.56	929.553	222.575	924.267	230.677	147.717	225.436	144.939	233.296	487.182	226.533	482.738	234.674	
-11.6746	-283.635	323.911	-282.559	-522.78	-276.873	-184.878	-275.453	-7.68948	-291.41	329.202	-290.666	-520.002	-284.735	-180.434	-283.596	-2.29357	-55.9968	-500.377	64.1091	-56.111	-503.959	-2.73252	-56.8821	-508.114	64.7122	-56.9906	-511.686	-1.51862	-57.8425	-503.039	65.5428	-58.0651	-506.951	0.228768	-0.180999	0.956506	0.168624	-0.218153	0.961236	0.228768	0.07273	0.97076	0.168624	0.0380665	0.984945	0.228768	0.07273	0.97076	0.168624	0.0380665	0.984945	13.2603	4.1708	9.71496	2.18158	13.2603	4.1708	9.71496	2.18158	228.438	107.864	266.953	90.3574	1274.41	601.751	1489.28	504.086	1384.49	549.61	1	1	1
"
 tid_9904_time_14:23:49:292 DPETW@ "GAZE_LOG_CALI: 593.121	221.982	589.272	229.782	929.787	222.799	924.479	230.919	148.206	225.686	145.379	233.51	487.647	226.747	483.18	234.861	
-11.1883	-283.412	324.123	-282.318	-522.34	-276.659	-184.435	-275.267	-7.33864	-291.216	329.436	-290.443	-519.512	-284.486	-179.969	-283.381	-2.19801	-55.949	-500.334	64.1812	-56.0952	-504.2	-2.6355	-56.8337	-508.071	64.7852	-56.9741	-511.927	-1.44968	-57.8144	-503.177	65.6197	-58.0478	-507.183	0.23113	-0.191155	0.953959	0.1691	-0.217567	0.961286	0.23113	0.062261	0.970929	0.1691	0.0386456	0.984841	0.23113	0.062261	0.970929	0.1691	0.0386456	0.984841	13.3901	3.5696	9.74282	2.21478	13.3901	3.5696	9.74282	2.21478	229.624	102.976	267.298	90.5933	1281.02	574.485	1491.2	505.402	1390.15	534.824	1	1	1
"
 tid_9904_time_14:23:49:314 DPETW@ "GAZE_LOG_CALI: 593.459	222.052	589.637	229.873	930.112	222.784	924.848	230.891	148.715	225.761	145.912	233.576	488.042	226.759	483.632	234.799	
-10.8235	-283.322	324.492	-282.345	-521.807	-276.593	-183.984	-275.328	-7.0013	-291.146	329.761	-290.457	-519.004	-284.41	-179.573	-283.37	-2.12708	-55.9526	-500.505	64.2652	-56.1132	-504.283	-2.5633	-56.837	-508.243	64.8704	-56.9922	-512.01	-1.38345	-57.8197	-503.349	65.694	-58.0569	-507.26	0.230039	-0.191589	0.954136	0.166806	-0.215634	0.962122	0.230039	0.0618881	0.971212	0.166806	0.0407291	0.985148	0.230039	0.0618881	0.971212	0.166806	0.0407291	0.985148	13.3254	3.5482	9.61019	2.33425	13.3254	3.5482	9.61019	2.33425	229.188	102.755	266.296	91.5281	1278.6	573.25	1485.61	510.617	1385.68	537.376	1	1	1
"
 tid_9904_time_14:23:49:336 DPETW@ "GAZE_LOG_CALI: 594.097	222.009	590.29	229.743	930.672	222.658	925.319	230.69	149.314	225.688	146.474	233.498	488.664	226.568	484.306	234.539	
-10.1704	-283.452	324.964	-282.546	-521.244	-276.671	-183.31	-275.589	-6.3627	-291.19	330.321	-290.583	-518.404	-284.483	-178.951	-283.561	-1.99806	-55.9627	-500.412	64.3855	-56.1823	-504.493	-2.43233	-56.8474	-508.15	64.9922	-57.0621	-512.22	-1.25697	-57.8267	-503.311	65.8142	-58.096	-507.326	0.231581	-0.19295	0.953488	0.16216	-0.203982	0.965451	0.231581	0.0604053	0.970938	0.16216	0.0528456	0.985348	0.231581	0.0604053	0.970938	0.16216	0.0528455	0.985348	13.4151	3.46308	9.34545	3.02924	13.4151	3.46308	9.34545	3.02924	230.056	102.072	264.256	97.089	1283.43	569.439	1474.23	541.64	1381.05	552.763	1	1	1
"
 tid_9904_time_14:23:49:358 DPETW@ "GAZE_LOG_CALI: 594.441	221.723	590.605	229.464	930.869	222.392	925.54	230.493	149.819	225.366	147.044	233.224	488.976	226.35	484.632	234.404	
-9.85501	-283.731	325.185	-282.743	-520.674	-276.945	-182.983	-275.724	-6.01853	-291.475	330.518	-290.85	-517.899	-284.805	-178.64	-283.778	-1.93755	-56.0464	-500.674	64.4431	-56.2273	-504.602	-2.37063	-56.932	-508.412	65.0507	-57.1075	-512.328	-1.18977	-57.9061	-503.479	65.8687	-58.1575	-507.441	0.228624	-0.188607	0.95507	0.161494	-0.207286	0.964859	0.228624	0.0650099	0.971342	0.161494	0.049501	0.985631	0.228624	0.0650099	0.971342	0.161494	0.049501	0.985631	13.2446	3.72742	9.30514	2.83736	13.2446	3.72742	9.30514	2.83736	228.732	104.097	263.996	95.4474	1276.05	580.737	1472.78	532.482	1376.24	554.308	1	1	1
"
 tid_9904_time_14:23:49:380 DPETW@ "GAZE_LOG_CALI: 594.78	221.446	590.932	229.203	931.057	222.165	925.758	230.303	150.133	225.114	147.408	232.839	489.361	226.126	485.072	234.206	
-9.52847	-283.992	325.403	-282.934	-520.31	-277.33	-182.543	-275.922	-5.67972	-291.752	330.706	-291.077	-517.585	-285.057	-178.255	-284.003	-1.87304	-56.114	-500.71	64.5154	-56.291	-504.828	-2.30507	-57.0006	-508.448	65.1238	-57.1718	-512.554	-1.12275	-57.9558	-503.455	65.9323	-58.2258	-507.644	0.226542	-0.183029	0.95665	0.158955	-0.207215	0.965295	0.226542	0.0708068	0.971424	0.158955	0.0496824	0.986035	0.226542	0.0708068	0.971424	0.158955	0.0496824	0.986035	13.1271	4.06033	9.15763	2.84777	13.1271	4.06033	9.15763	2.84777	227.81	106.754	262.881	95.4126	1270.91	595.561	1466.56	532.288	1369.58	562.85	1	1	1
"
 tid_9904_time_14:23:49:401 DPETW@ "GAZE_LOG_CALI: 595.001	221.245	591.212	229.043	931.28	222.023	926.001	230.155	150.557	224.973	147.787	232.699	489.659	226.001	485.338	234.012	
-9.24785	-284.152	325.646	-283.082	-519.931	-277.47	-182.278	-276.115	-5.45861	-291.953	330.93	-291.219	-517.161	-285.198	-177.957	-284.127	-1.81868	-56.1553	-500.815	64.5668	-56.3277	-504.854	-2.24976	-57.0424	-508.553	65.176	-57.2091	-512.58	-1.07922	-58.0128	-503.656	65.9869	-58.2614	-507.723	0.228287	-0.189249	0.955024	0.161058	-0.208998	0.964562	0.228287	0.064378	0.971463	0.161058	0.0477707	0.985788	0.228287	0.064378	0.971463	0.161058	0.0477707	0.985788	13.2242	3.69114	9.27902	2.7381	13.2242	3.69114	9.27902	2.7381	228.706	103.659	263.94	94.4803	1275.9	578.294	1472.47	527.087	1376.31	549.984	1	1	1
"
 tid_9904_time_14:23:49:423 DPETW@ "GAZE_LOG_CALI: 595.32	221.402	591.479	229.179	931.577	222.271	926.2	230.337	150.995	225.187	148.295	232.887	489.996	226.196	485.655	234.25	
-8.9809	-284.016	325.845	-282.9	-519.422	-277.282	-181.961	-275.878	-5.13928	-291.796	331.226	-290.971	-516.722	-284.983	-177.62	-283.932	-1.7667	-56.1501	-501.055	64.6215	-56.299	-504.97	-2.19676	-57.0366	-508.793	65.2314	-57.1796	-512.696	-1.01627	-57.9895	-503.775	66.0516	-58.2217	-507.763	0.22521	-0.181797	0.957199	0.160542	-0.203979	0.965722	0.22521	0.0721389	0.971636	0.160542	0.052919	0.985609	0.22521	0.0721389	0.971636	0.160542	0.052919	0.985609	13.0498	4.13685	9.25146	3.03345	13.0498	4.13685	9.25146	3.03345	227.342	107.275	263.787	96.903	1268.3	598.467	1471.62	540.603	1370.44	568.934	1	1	1
"
 tid_9904_time_14:23:49:446 DPETW@ "GAZE_LOG_CALI: 595.732	221.741	591.852	229.478	931.803	222.633	926.493	230.719	151.427	225.458	148.677	233.233	490.366	226.652	486.097	234.57	
-8.60797	-283.717	326.139	-282.517	-519.04	-276.936	-181.518	-275.558	-4.72746	-291.457	331.452	-290.609	-516.29	-284.712	-177.249	-283.476	-1.69345	-56.0876	-501.066	64.6995	-56.2463	-505.125	-2.12235	-56.9732	-508.804	65.3104	-57.1259	-512.851	-0.934959	-57.9318	-503.799	66.1157	-58.1565	-507.909	0.226953	-0.183215	0.956517	0.157512	-0.201584	0.966723	0.226953	0.0705928	0.971344	0.157512	0.0554912	0.985957	0.226953	0.0705928	0.971344	0.157512	0.0554912	0.985957	13.1512	4.04803	9.07659	3.18105	13.1512	4.04803	9.07659	3.18105	228.278	106.616	262.445	98.1212	1273.52	594.789	1464.13	547.399	1369.11	570.74	1	1	1
"
 tid_9904_time_14:23:49:468 DPETW@ "GAZE_LOG_CALI: 596.121	222.122	592.344	229.951	932.202	223.123	926.928	231.284	152.031	225.86	149.285	233.54	490.829	227.105	486.529	235.181	
-8.11636	-283.244	326.573	-281.953	-518.432	-276.628	-181.086	-274.947	-4.33805	-291.077	331.852	-290.119	-515.686	-284.31	-176.787	-283.024	-1.59735	-56.0244	-501.189	64.7856	-56.1297	-505.128	-2.02464	-56.9087	-508.927	65.3979	-57.0074	-512.854	-0.858215	-57.8787	-504.014	66.2041	-58.0703	-507.979	0.226847	-0.18865	0.955485	0.159527	-0.210303	0.964533	0.226847	0.0650758	0.971754	0.159527	0.046502	0.986098	0.226847	0.0650758	0.971754	0.159527	0.046502	0.986098	13.1399	3.73121	9.18948	2.66533	13.1399	3.73121	9.18948	2.66533	228.312	104.038	263.472	94.0174	1273.71	580.408	1469.86	524.504	1373.76	549.92	1	1	1
"
 tid_9904_time_14:23:49:489 DPETW@ "GAZE_LOG_CALI: 596.575	222.411	592.689	230.235	932.67	223.42	927.396	231.56	152.502	226.139	149.72	233.888	491.229	227.43	487.097	235.493	
-7.77066	-282.96	327.042	-281.677	-517.996	-276.28	-180.518	-274.634	-3.88429	-290.788	332.32	-289.821	-515.214	-284.031	-176.386	-282.699	-1.52944	-55.9718	-501.278	64.8918	-56.0826	-505.231	-1.9556	-56.8552	-509.016	65.5056	-56.9594	-512.957	-0.768066	-57.8241	-504.03	66.2886	-58	-507.91	0.227651	-0.185743	0.955863	0.15021	-0.199627	0.96829	0.227651	0.0679816	0.971367	0.15021	0.0577867	0.986964	0.227651	0.0679816	0.971367	0.15021	0.0577867	0.986964	13.1899	3.89807	8.65365	3.31278	13.1899	3.89807	8.65365	3.31278	228.827	105.458	259.166	99.3121	1276.58	588.329	1445.83	554.042	1361.21	571.186	1	1	1
"
 tid_9904_time_14:23:49:512 DPETW@ "GAZE_LOG_CALI: 597.402	222.684	593.395	230.479	933.452	223.672	928.13	231.867	153.278	226.402	150.522	234.158	492.061	227.701	487.73	235.748	
-7.06473	-282.716	327.776	-281.37	-517.194	-276.01	-179.885	-274.379	-3.05706	-290.514	333.102	-289.569	-514.438	-283.768	-175.554	-282.427	-1.39058	-55.9318	-501.375	65.0245	-56.0153	-505.129	-1.81448	-56.8144	-509.113	65.6405	-56.8912	-512.855	-0.604416	-57.7654	-503.983	66.4516	-57.9535	-507.961	0.225908	-0.177544	0.957833	0.159886	-0.209397	0.964671	0.225908	0.0764114	0.971147	0.159886	0.0474129	0.985996	0.225908	0.0764114	0.971147	0.159886	0.0474129	0.985996	13.0952	4.38232	9.21073	2.71758	13.0952	4.38232	9.21073	2.71758	228.193	109.47	263.896	94.5604	1273.04	610.712	1472.22	527.534	1373.32	568.266	1	1	1
"
 tid_9904_time_14:23:49:534 DPETW@ "GAZE_LOG_CALI: 598.054	222.744	594.16	230.541	934.07	223.835	928.709	232.003	153.926	226.468	151.167	234.207	492.654	227.801	488.422	235.859	
-6.29952	-282.653	328.355	-281.234	-516.549	-275.96	-179.193	-274.268	-2.40551	-290.454	333.721	-289.406	-513.789	-283.701	-174.961	-282.327	-1.23956	-55.9075	-501.256	65.1546	-56.0037	-505.247	-1.66119	-56.7899	-508.994	65.7725	-56.8792	-512.973	-0.475761	-57.753	-503.985	66.572	-57.925	-507.942	0.226339	-0.183892	0.956532	0.153749	-0.201088	0.967432	0.226339	0.0699432	0.971534	0.153749	0.0561536	0.986513	0.226339	0.0699433	0.971534	0.153749	0.0561536	0.986513	13.1143	4.01073	8.85832	3.21906	13.1143	4.01073	8.85832	3.21906	228.482	106.447	261.13	98.6342	1274.66	593.848	1456.79	550.26	1365.73	572.042	1	1	1
"
 tid_9904_time_14:23:49:555 DPETW@ "GAZE_LOG_CALI: 598.815	222.663	594.874	230.488	934.844	223.831	929.493	232.018	154.716	226.437	152.04	234.177	493.419	227.912	489.227	235.92	
-5.58578	-282.706	329.14	-281.219	-515.675	-275.991	-178.388	-274.207	-1.64439	-290.535	334.495	-289.411	-512.999	-283.733	-174.197	-282.216	-1.09942	-55.9337	-501.419	65.3135	-55.9988	-505.271	-1.5187	-56.8163	-509.158	65.9338	-56.8742	-512.997	-0.324677	-57.7671	-504.011	66.7254	-57.9131	-507.932	0.222396	-0.17709	0.958738	0.151362	-0.198645	0.968313	0.222396	0.0770835	0.971904	0.151362	0.0587418	0.986732	0.222396	0.0770835	0.971904	0.151362	0.0587418	0.986731	12.8888	4.42094	8.72102	3.36759	12.8888	4.42094	8.72102	3.36759	226.757	109.749	260.16	99.8419	1265.03	612.269	1451.38	556.998	1358.21	584.634	1	1	1
"
 tid_9904_time_14:23:49:577 DPETW@ "GAZE_LOG_CALI: 599.49	222.45	595.383	230.304	935.4	223.699	930.135	231.937	155.314	226.187	152.536	233.867	494.021	227.749	489.702	235.718	
-5.07605	-282.89	329.782	-281.299	-515.179	-276.301	-177.913	-274.409	-0.968555	-290.749	335.051	-289.543	-512.401	-283.983	-173.594	-282.379	-0.999201	-55.9815	-501.411	65.4193	-56.0084	-505.105	-1.41692	-56.8649	-509.149	66.0414	-56.8843	-512.831	-0.190979	-57.8045	-503.937	66.843	-57.9483	-507.983	0.225499	-0.172832	0.958791	0.159453	-0.211656	0.964249	0.225499	0.0812108	0.970853	0.159453	0.0451223	0.986174	0.225499	0.0812108	0.970853	0.159453	0.0451223	0.986174	13.0762	4.65816	9.18456	2.5862	13.0762	4.65816	9.18456	2.5862	228.435	111.693	264.077	93.4942	1274.39	623.115	1473.23	521.585	1374.32	571.723	1	1	1
"
 tid_9904_time_14:23:49:599 DPETW@ "GAZE_LOG_CALI: 599.73	222.179	595.755	230.037	935.811	223.571	930.455	231.747	155.671	225.983	152.995	233.628	494.4	227.559	490.169	235.572	
-4.70429	-283.157	330.102	-281.49	-514.72	-276.54	-177.446	-274.555	-0.728706	-291.019	335.463	-289.671	-512.043	-284.187	-173.215	-282.569	-0.925859	-56.041	-501.497	65.5023	-56.0583	-505.253	-1.34235	-56.9251	-509.235	66.1256	-56.9346	-512.979	-0.143707	-57.8653	-504.057	66.9211	-57.9766	-507.952	0.222064	-0.174192	0.959346	0.153137	-0.200575	0.967636	0.222064	0.08004	0.971741	0.153137	0.056702	0.986577	0.222064	0.08004	0.971741	0.153137	0.056702	0.986577	12.8723	4.59086	8.82308	3.25053	12.8723	4.59086	8.82308	3.25053	226.805	111.03	261.19	98.8341	1265.3	619.417	1457.13	551.376	1361.21	585.396	1	1	1
"
 tid_9904_time_14:23:49:621 DPETW@ "GAZE_LOG_CALI: 600.323	221.883	596.302	229.642	936.28	223.442	930.959	231.529	156.207	225.654	153.411	233.426	494.898	227.398	490.563	235.389	
-4.15732	-283.553	330.607	-281.708	-514.304	-276.742	-177.052	-274.738	-0.135766	-291.315	335.931	-289.8	-511.508	-284.516	-172.717	-282.731	-0.817997	-56.0853	-501.366	65.5881	-56.086	-505.144	-1.2329	-56.9703	-509.104	66.2128	-56.9629	-512.869	-0.0264206	-57.921	-504.003	67.0187	-58.0089	-507.982	0.226457	-0.178446	0.957536	0.159179	-0.206597	0.965391	0.226457	0.0754625	0.971094	0.159179	0.0503037	0.985967	0.226457	0.0754625	0.971094	0.159179	0.0503037	0.985967	13.1266	4.3278	9.17093	2.88341	13.1266	4.3278	9.17093	2.88341	229.028	108.872	264.138	95.8438	1277.7	607.373	1473.57	534.694	1376.38	570.128	1	1	1
"
 tid_9904_time_14:23:49:643 DPETW@ "GAZE_LOG_CALI: 600.588	221.845	596.487	229.635	936.537	223.475	931.261	231.661	156.529	225.618	153.671	233.347	495.126	227.473	490.87	235.431	
-3.97205	-283.559	330.908	-281.576	-514.043	-276.821	-176.745	-274.696	0.12899	-291.354	336.189	-289.767	-511.185	-284.551	-172.489	-282.656	-0.781557	-56.1022	-501.442	65.6489	-56.0695	-505.152	-1.19582	-56.9874	-509.181	66.2746	-56.9462	-512.877	0.0262146	-57.9348	-504.06	67.0662	-57.9947	-507.952	0.228455	-0.177123	0.957307	0.155311	-0.2057	0.966212	0.228455	0.0766818	0.97053	0.155311	0.0513832	0.986528	0.228455	0.0766818	0.97053	0.155311	0.0513832	0.986528	13.2459	4.39786	8.94675	2.94534	13.2459	4.39786	8.94675	2.94534	230.089	109.438	262.346	96.3512	1283.62	610.533	1463.58	537.524	1373.96	573.585	1	1	1
"
 tid_9904_time_14:23:49:664 DPETW@ "GAZE_LOG_CALI: 600.7	222.091	596.653	229.915	936.746	223.678	931.373	231.87	156.646	225.877	153.919	233.523	495.331	227.754	491.093	235.757	
-3.80631	-283.28	331.021	-281.367	-513.796	-276.645	-176.522	-274.37	0.241559	-291.108	336.398	-289.564	-511.068	-284.293	-172.284	-282.374	-0.749107	-56.0666	-501.527	65.6858	-56.0287	-505.264	-1.1628	-56.9511	-509.265	66.3119	-56.9045	-512.989	0.0478668	-57.886	-504.07	67.1074	-57.946	-507.951	0.223551	-0.172621	0.959285	0.15281	-0.200039	0.967798	0.223551	0.0815422	0.971275	0.15281	0.057262	0.986595	0.223551	0.0815422	0.971275	0.15281	0.057262	0.986595	12.9616	4.67722	8.80435	3.28267	12.9616	4.67722	8.80435	3.28267	227.743	111.727	261.224	99.1236	1270.53	623.305	1457.32	552.991	1363.92	588.148	1	1	1
"
 tid_9904_time_14:23:49:686 DPETW@ "GAZE_LOG_CALI: 600.835	222.426	596.765	230.29	936.855	224.129	931.524	232.306	156.797	226.262	154.106	233.958	495.39	228.197	491.237	236.109	
-3.69453	-282.905	331.171	-280.931	-513.608	-276.21	-176.378	-274.018	0.376348	-290.772	336.507	-289.113	-510.917	-283.907	-172.225	-281.931	-0.727075	-55.9949	-501.601	65.7149	-55.9495	-505.257	-1.14036	-56.8781	-509.339	66.3414	-56.8241	-512.982	0.0747528	-57.816	-504.084	67.1224	-57.8509	-507.9	0.221943	-0.1713	0.959895	0.148969	-0.195838	0.969255	0.221943	0.0829763	0.971523	0.148969	0.0616963	0.986915	0.221943	0.0829763	0.971523	0.148969	0.0616963	0.986915	12.8683	4.75966	8.58364	3.53719	12.8683	4.75966	8.58364	3.53719	226.999	112.454	259.432	101.274	1266.38	627.359	1447.32	564.986	1356.85	596.173	1	1	1
"
 tid_9904_time_14:23:49:708 DPETW@ "GAZE_LOG_CALI: 600.999	222.829	597.022	230.612	936.939	224.479	931.609	232.734	156.995	226.598	154.23	234.283	495.531	228.493	491.328	236.474	
-3.43735	-282.583	331.256	-280.502	-513.484	-275.885	-176.287	-273.653	0.54044	-290.369	336.591	-288.763	-510.719	-283.571	-172.083	-281.635	-0.676338	-55.9163	-501.468	65.7327	-55.8714	-505.264	-1.08895	-56.7985	-509.207	66.3595	-56.7448	-512.99	0.107735	-57.7461	-504.114	67.147	-57.7931	-507.96	0.225065	-0.178211	0.957907	0.151527	-0.2017	0.967655	0.225065	0.0757856	0.971392	0.151527	0.0556201	0.986887	0.225065	0.0757856	0.971392	0.151527	0.0556201	0.986887	13.0449	4.34636	8.72903	3.18844	13.0449	4.34636	8.72903	3.18844	228.515	109.164	260.656	98.5025	1274.84	609.003	1454.15	549.526	1364.49	579.265	1	1	1
"
 tid_9904_time_14:23:49:730 DPETW@ "GAZE_LOG_CALI: 601.224	222.965	597.212	230.713	937.108	224.592	931.775	232.839	157.199	226.767	154.407	234.437	495.811	228.647	491.488	236.598	
-3.2467	-282.481	331.422	-280.397	-513.307	-275.73	-176.127	-273.529	0.76576	-290.233	336.76	-288.65	-510.515	-283.403	-171.803	-281.481	-0.639065	-55.8898	-501.457	65.7649	-55.8482	-505.26	-1.0511	-56.7717	-509.196	66.3922	-56.7213	-512.986	0.151947	-57.7138	-504.097	67.1956	-57.7786	-508.068	0.225977	-0.176974	0.957922	0.157729	-0.207587	0.965417	0.225977	0.0769849	0.971086	0.157729	0.0493544	0.986248	0.225977	0.0769849	0.971086	0.157729	0.0493545	0.986248	13.0999	4.41528	9.08626	2.82895	13.0999	4.41528	9.08626	2.82895	229.017	109.77	263.644	95.604	1277.64	612.387	1470.82	533.355	1374.73	572.263	1	1	1
"
 tid_9904_time_14:23:49:752 DPETW@ "GAZE_LOG_CALI: 601.495	222.978	597.411	230.665	937.387	224.612	932.021	232.852	157.474	226.779	154.604	234.399	496.07	228.676	491.755	236.556	
-3.04763	-282.529	331.669	-280.385	-513.11	-275.768	-175.86	-273.57	1.03607	-290.22	337.039	-288.63	-510.239	-283.39	-171.544	-281.452	-0.599353	-55.8975	-501.45	65.8166	-55.853	-505.277	-1.01077	-56.7795	-509.189	66.4447	-56.726	-513.003	0.205589	-57.7118	-504.102	67.2488	-57.7718	-508.051	0.228912	-0.175458	0.957504	0.156904	-0.204065	0.966302	0.228912	0.0783406	0.97029	0.156904	0.0529858	0.986191	0.228912	0.0783406	0.97029	0.156904	0.0529858	0.986192	13.2746	4.49319	9.04005	3.03728	13.2746	4.49319	9.04005	3.03728	230.531	110.435	263.316	97.3007	1286.09	616.095	1468.99	542.821	1377.73	579.229	1	1	1
"
 tid_9904_time_14:23:49:774 DPETW@ "GAZE_LOG_CALI: 601.698	222.949	597.576	230.652	937.697	224.555	932.251	232.819	157.64	226.774	154.863	234.385	496.293	228.537	491.918	236.496	
-2.88269	-282.542	331.899	-280.418	-512.851	-275.783	-175.697	-273.631	1.23984	-290.249	337.35	-288.686	-510.073	-283.395	-171.321	-281.591	-0.567252	-55.9112	-501.549	65.8535	-55.8548	-505.209	-0.978084	-56.7932	-509.288	66.4823	-56.728	-512.935	0.246033	-57.7108	-504.063	67.2991	-57.7812	-507.962	0.224829	-0.168527	0.959714	0.158658	-0.204564	0.965909	0.224829	0.0856075	0.97063	0.158658	0.0524022	0.985942	0.224829	0.0856075	0.97063	0.158658	0.0524022	0.985942	13.0415	4.91096	9.1417	3.0038	13.0415	4.91096	9.1417	3.0038	228.617	113.828	264.185	97.0454	1275.41	635.022	1473.84	541.397	1374.62	588.209	1	1	1
"
 tid_9904_time_14:23:49:796 DPETW@ "GAZE_LOG_CALI: 601.859	222.805	597.668	230.522	937.775	224.377	932.382	232.631	157.754	226.59	155.013	234.29	496.3	228.397	492.073	236.379	
-2.79081	-282.672	332.03	-280.606	-512.701	-275.877	-175.541	-273.748	1.40058	-290.393	337.428	-288.865	-509.959	-283.579	-171.315	-281.731	-0.549323	-55.9399	-501.609	65.8828	-55.8881	-505.238	-0.959821	-56.8223	-509.348	66.512	-56.7618	-512.963	0.277657	-57.7383	-504.019	67.3051	-57.8048	-507.89	0.223115	-0.165152	0.9607	0.151363	-0.199053	0.968229	0.223115	0.0891232	0.970709	0.151363	0.0583252	0.986756	0.223115	0.0891232	0.970709	0.151363	0.0583252	0.986756	12.9445	5.11317	8.72086	3.34369	12.9445	5.11317	8.72086	3.34369	227.827	115.448	260.736	99.763	1271	644.062	1454.59	556.558	1362.8	600.31	1	1	1
"
 tid_9904_time_14:23:49:818 DPETW@ "GAZE_LOG_CALI: 601.815	222.651	597.662	230.385	937.752	224.202	932.371	232.416	157.768	226.408	154.999	234.153	496.349	228.252	492.096	236.206	
-2.7971	-282.81	332.019	-280.821	-512.715	-276.014	-175.518	-273.921	1.35711	-290.547	337.404	-289.04	-509.945	-283.761	-171.266	-281.876	-0.550701	-55.9663	-501.602	65.8851	-55.9301	-505.269	-0.961223	-56.8491	-509.341	66.5142	-56.8044	-512.994	0.269081	-57.7782	-504.077	67.3102	-57.8456	-507.967	0.224277	-0.16937	0.959695	0.153224	-0.200417	0.967655	0.224277	0.0847888	0.97083	0.153224	0.0568593	0.986554	0.224277	0.0847888	0.97083	0.153224	0.0568593	0.986554	13.008	4.86388	8.82821	3.25956	13.008	4.86388	8.82821	3.25956	228.359	113.368	261.629	99.0331	1273.97	632.455	1459.57	552.486	1366.77	592.471	1	1	1
"
 tid_9904_time_14:23:49:840 DPETW@ "GAZE_LOG_CALI: 601.679	222.412	597.575	230.186	937.753	223.903	932.295	232.035	157.596	226.225	154.879	233.879	496.203	227.962	491.969	235.921	
-2.88391	-283.009	331.943	-281.202	-512.835	-276.288	-175.646	-274.206	1.22055	-290.787	337.405	-289.339	-510.117	-283.944	-171.412	-282.166	-0.567759	-56.0094	-501.57	65.8632	-55.9909	-505.219	-0.978572	-56.893	-509.309	66.492	-56.8663	-512.944	0.242119	-57.816	-504.04	67.2905	-57.8871	-507.814	0.222493	-0.168234	0.96031	0.150911	-0.19294	0.969536	0.222493	0.086045	0.97113	0.150911	0.0645691	0.986436	0.222493	0.086045	0.97113	0.150911	0.0645691	0.986436	12.9042	4.93612	8.698	3.70211	12.9042	4.93612	8.698	3.70211	227.456	113.911	260.52	102.601	1268.93	635.489	1453.39	572.391	1361.16	603.94	1	1	1
"
 tid_9904_time_14:23:49:862 DPETW@ "GAZE_LOG_CALI: 601.623	222.303	597.558	230.13	937.717	223.779	932.27	231.958	157.593	226.127	154.782	233.8	496.177	227.856	491.923	235.821	
-2.90064	-283.065	331.918	-281.28	-512.931	-276.368	-175.692	-274.306	1.16439	-290.895	337.369	-289.463	-510.121	-284.042	-171.438	-282.272	-0.570658	-56.0135	-501.486	65.8555	-56.0066	-505.202	-0.981586	-56.8972	-509.225	66.4843	-56.8822	-512.927	0.230957	-57.8425	-504.093	67.2847	-57.9115	-507.826	0.226318	-0.176432	0.957941	0.152043	-0.195507	0.968845	0.226318	0.0775135	0.970964	0.152043	0.06191	0.986433	0.226318	0.0775135	0.970964	0.152044	0.06191	0.986433	13.1206	4.44566	8.76231	3.54945	13.1206	4.44566	8.76231	3.54945	229.26	109.896	261.041	101.342	1279	613.087	1456.29	565.367	1367.65	589.227	1	1	1
"
 tid_9904_time_14:23:49:884 DPETW@ "GAZE_LOG_CALI: 601.649	222.525	597.562	230.308	937.755	223.988	932.358	232.119	157.704	226.304	154.923	234.046	496.263	228.064	492.01	235.996	
-2.89734	-282.887	332.006	-281.118	-512.791	-276.121	-175.605	-274.131	1.19095	-290.673	337.408	-289.254	-510.009	-283.866	-171.352	-282.064	-0.570061	-55.9867	-501.622	65.8727	-55.9726	-505.197	-0.980869	-56.8698	-509.361	66.5018	-56.8477	-512.922	0.236214	-57.8128	-504.179	67.2989	-57.8754	-507.876	0.225122	-0.174418	0.958592	0.152976	-0.197228	0.968349	0.225122	0.0796275	0.971071	0.152976	0.0601198	0.9864	0.225122	0.0796274	0.971071	0.152976	0.0601198	0.986399	13.0522	4.56715	8.81549	3.44669	13.0522	4.56715	8.81549	3.44669	228.716	110.893	261.498	100.538	1275.96	618.652	1458.85	560.884	1367.4	589.768	1	1	1
"
 tid_9904_time_14:23:49:906 DPETW@ "GAZE_LOG_CALI: 601.918	223.082	597.961	230.796	937.914	224.552	932.594	232.765	157.925	226.904	155.17	234.607	496.438	228.522	492.226	236.473	
-2.49767	-282.399	332.242	-280.472	-512.543	-275.56	-175.388	-273.654	1.45973	-290.116	337.567	-288.69	-509.788	-283.265	-171.177	-281.606	-0.491666	-55.8667	-501.474	65.9172	-55.859	-505.179	-0.901379	-56.7482	-509.214	66.5469	-56.7323	-512.904	0.289322	-57.6925	-504.132	67.3327	-57.7746	-507.888	0.224472	-0.17803	0.95808	0.151599	-0.201101	0.967769	0.224472	0.0760058	0.971512	0.151599	0.056228	0.986841	0.224472	0.0760057	0.971512	0.151599	0.056228	0.986841	13.0101	4.35901	8.73355	3.22333	13.0101	4.35901	8.73355	3.22333	228.414	109.312	260.868	98.8184	1274.28	609.829	1455.33	551.288	1364.8	580.559	1	1	1
"
 tid_9904_time_14:23:49:928 DPETW@ "GAZE_LOG_CALI: 602.206	223.463	598.276	231.29	938.338	224.938	932.893	233.127	158.218	227.275	155.425	234.992	496.865	228.93	492.476	236.866	
-2.1828	-281.904	332.541	-280.11	-512.288	-275.175	-175.139	-273.261	1.74738	-289.734	337.991	-288.303	-509.495	-282.894	-170.75	-281.197	-0.429664	-55.7734	-501.416	65.97	-55.7785	-505.13	-0.838462	-56.6535	-509.155	66.6007	-56.6507	-512.856	0.346298	-57.6185	-504.138	67.4181	-57.6963	-507.898	0.225876	-0.183975	0.956626	0.15926	-0.203717	0.965989	0.225876	0.0698868	0.971646	0.15926	0.0532413	0.9858	0.225876	0.0698868	0.971646	0.15926	0.0532413	0.9858	13.087	4.00748	9.17708	3.05194	13.087	4.00748	9.17708	3.05194	229.118	106.521	264.588	97.5347	1278.21	594.257	1476.08	544.127	1378.13	567.979	1	1	1
"
 tid_9904_time_14:23:49:950 DPETW@ "GAZE_LOG_CALI: 602.875	223.673	598.745	231.401	938.861	225.244	933.498	233.484	158.758	227.435	156.026	235.188	497.395	229.257	493.105	237.259	
-1.71354	-281.793	333.147	-279.753	-511.687	-274.979	-174.51	-272.868	2.41723	-289.525	338.514	-287.998	-508.955	-282.734	-170.22	-280.871	-0.337053	-55.7575	-501.546	66.0934	-55.7064	-505.154	-0.74429	-56.6372	-509.286	66.726	-56.5774	-512.879	0.478859	-57.5671	-504.009	67.5234	-57.6338	-507.905	0.222563	-0.169207	0.960122	0.154915	-0.205208	0.96638	0.222563	0.0850567	0.971201	0.154915	0.0519023	0.986563	0.222563	0.0850567	0.971201	0.154915	0.0519023	0.986563	12.9072	4.87928	8.92401	2.97512	12.9072	4.87928	8.92401	2.97512	227.726	113.698	262.625	96.9545	1270.44	634.3	1465.13	540.89	1367.78	587.595	3	1	1
"