
 tid_12848_time_13:59:15:926 DPETW@ "GAZE_LOG_CALI: 651.473	511.111	652.116	516.151	919.161	499.339	918.523	504.507	306.671	501.82	308.037	506.744	572.716	492.286	572.66	497.396	
38.0209	-8.24131	304.627	-19.8977	-367.765	2.00739	-102.88	-7.34184	37.378	-13.2811	305.266	-25.0696	-369.134	-2.92027	-102.824	-12.4521	9.20836	-2.87517	-617.662	73.7774	-5.16924	-618.294	9.00413	-2.91183	-625.459	74.3929	-5.23491	-626.069	9.09412	-4.10585	-620.476	74.2941	-6.45075	-621.322	0.0175581	-0.232969	0.972326	-0.0201609	-0.248062	0.968534	0.0175581	0.0266257	0.999491	-0.0201609	0.0110655	0.999736	0.0175581	0.0266257	0.999491	-0.0201609	0.0110655	0.999736	1.00642	1.52572	-1.15529	0.63402	1.00642	1.52572	-1.15529	0.63402	141.543	108.4	184.467	96.7278	789.639	604.742	1029.1	539.625	909.372	572.183	1	0	0
"
 tid_12848_time_13:59:15:948 DPETW@ "GAZE_LOG_CALI: 656.178	514.841	657.622	519.791	924.417	502.42	924.526	507.578	310.094	505.552	312.141	510.483	576.739	495.276	577.294	500.461	
43.5267	-4.60072	310.64	-16.8254	-363.654	5.74971	-98.2454	-4.27651	42.0824	-9.55086	310.531	-21.9874	-365.704	0.815411	-98.8005	-9.46196	10.5044	-1.96894	-615.552	74.9816	-4.40493	-616.227	10.316	-1.99413	-623.35	75.6143	-4.46107	-624.001	10.2056	-3.18285	-618.547	75.3479	-5.68889	-619.452	-0.022314	-0.24019	0.970469	-0.0564428	-0.260175	0.96391	-0.022314	0.0191698	0.999567	-0.0564428	-0.00183143	0.998404	-0.022314	0.0191698	0.999567	-0.0564428	-0.00183143	0.998404	-1.27884	1.09842	-3.23566	-0.104933	-1.27884	1.09842	-3.23566	-0.104933	119.146	105.356	164.139	90.3324	664.69	587.759	915.701	503.946	790.196	545.852	1	0	0
"
 tid_12848_time_13:59:15:971 DPETW@ "GAZE_LOG_CALI: 657.181	514.897	658.542	519.825	925.652	502.469	925.675	507.601	310.913	505.545	312.97	510.491	577.669	495.333	578.176	500.618	
44.4465	-4.56678	311.791	-16.8026	-362.822	5.75788	-97.3624	-4.11973	43.0855	-9.49557	311.768	-21.938	-364.883	0.808354	-97.8695	-9.40549	10.724	-1.96271	-615.429	75.2107	-4.3796	-615.826	10.5383	-1.98783	-623.227	75.8467	-4.43545	-623.599	10.444	-3.17499	-618.286	75.5929	-5.67116	-619	-0.018564	-0.233552	0.972167	-0.0532258	-0.259078	0.964389	-0.018564	0.026021	0.999489	-0.0532258	-0.000647858	0.998582	-0.018564	0.026021	0.999489	-0.0532258	-0.000647858	0.998582	-1.06406	1.49106	-3.05106	-0.0371195	-1.06406	1.49106	-3.05106	-0.0371195	121.596	109.46	166.31	91.165	678.36	610.656	927.812	508.591	803.086	559.624	1	0	0
"
 tid_12848_time_13:59:15:993 DPETW@ "GAZE_LOG_CALI: 657.999	514.696	659.329	519.592	926.624	502.336	926.652	507.597	311.6	505.389	313.594	510.373	578.403	495.231	578.942	500.528	
45.2334	-4.7997	312.771	-16.8068	-362.197	5.63904	-96.5968	-4.20994	43.9037	-9.69614	312.742	-22.0713	-364.196	0.652264	-97.1353	-9.50699	10.9092	-2.00396	-615.198	75.4087	-4.38825	-615.514	10.7259	-2.02962	-622.995	76.0476	-4.44424	-623.288	10.6391	-3.21675	-618.095	75.7859	-5.69592	-618.646	-0.0172053	-0.235396	0.971747	-0.0543521	-0.259987	0.964081	-0.0172053	0.0241319	0.999561	-0.0543521	-0.00160529	0.998521	-0.0172053	0.0241319	0.999561	-0.0543521	-0.00160529	0.99852	-0.986125	1.38279	-3.11568	-0.0919762	-0.986125	1.38279	-3.11568	-0.0919762	122.595	108.351	165.857	90.6688	683.934	604.47	925.281	505.823	804.608	555.147	1	0	0
"
 tid_12848_time_13:59:16:16 DPETW@ "GAZE_LOG_CALI: 658.608	514.212	659.994	519.078	927.372	501.875	927.36	507.259	311.916	504.88	314.016	509.804	578.93	494.844	579.588	500.046	
45.8986	-5.31369	313.48	-17.1453	-361.775	5.07033	-95.9504	-4.69156	44.5128	-10.1805	313.492	-22.5327	-363.878	0.142681	-96.6092	-9.89439	11.0627	-2.13347	-614.849	75.5696	-4.48634	-615.43	10.8813	-2.1608	-622.646	76.2106	-4.54359	-623.204	10.7793	-3.3351	-617.664	75.9276	-5.7957	-618.321	-0.0199182	-0.229349	0.97314	-0.0560624	-0.248019	0.967132	-0.0199182	0.0303327	0.999341	-0.0560624	0.0107436	0.99837	-0.0199182	0.0303327	0.999341	-0.0560624	0.0107436	0.99837	-1.14183	1.7382	-3.21401	0.615578	-1.14183	1.7382	-3.21401	0.615578	121.145	111.988	165.005	97.9265	675.845	624.756	920.531	546.312	798.188	585.534	1	0	0
"
 tid_12848_time_13:59:16:37 DPETW@ "GAZE_LOG_CALI: 659.05	513.8	660.388	518.776	927.974	501.767	927.916	507.073	312.212	504.572	314.23	509.525	579.292	494.621	579.967	499.98	
46.2931	-5.61564	314.037	-17.3312	-361.561	4.79113	-95.571	-4.75754	44.9546	-10.5922	314.095	-22.6411	-363.582	-0.165891	-96.2467	-10.117	11.1534	-2.20265	-614.576	75.6715	-4.51458	-615.167	10.973	-2.23088	-622.374	76.314	-4.57221	-622.94	10.8818	-3.42121	-617.461	76.0299	-5.83246	-617.966	-0.0180391	-0.235468	0.971715	-0.0552886	-0.245233	0.967886	-0.0180391	0.0240539	0.999548	-0.0552886	0.0136306	0.998377	-0.0180391	0.0240539	0.999548	-0.0552886	0.0136306	0.998377	-1.03392	1.37832	-3.16971	0.781002	-1.03392	1.37832	-3.16971	0.781002	122.359	108.256	165.583	99.6774	682.617	603.939	923.753	556.08	803.185	580.01	1	0	0
"
 tid_12848_time_13:59:16:59 DPETW@ "GAZE_LOG_CALI: 659.183	514.095	660.581	519.102	928.224	502.059	928.188	507.402	312.132	504.844	314.243	509.837	579.405	494.925	579.969	500.322	
46.4857	-5.2897	314.309	-17.0013	-361.547	5.10269	-95.5692	-4.41591	45.0882	-10.2977	314.345	-22.3487	-363.662	0.10643	-96.1335	-9.81354	11.1945	-2.12483	-614.308	75.6866	-4.43064	-614.761	11.0145	-2.15207	-622.106	76.3298	-4.48724	-622.534	10.9085	-3.35087	-617.134	76.0648	-5.75811	-617.757	-0.0207223	-0.234368	0.971927	-0.0535299	-0.256739	0.964997	-0.0207223	0.0251712	0.999468	-0.0535299	0.00176856	0.998565	-0.0207223	0.0251712	0.999468	-0.05353	0.00176856	0.998565	-1.18776	1.44236	-3.06851	0.101331	-1.18776	1.44236	-3.06851	0.101331	120.814	109.059	166.668	92.8242	673.997	608.419	929.808	517.847	801.902	563.133	1	0	0
"
 tid_12848_time_13:59:16:83 DPETW@ "GAZE_LOG_CALI: 659.377	514.936	660.845	519.95	928.504	502.883	928.621	508.302	312.158	505.592	314.244	510.652	579.453	495.796	580.179	501.101	
46.7502	-4.4424	314.743	-16.1009	-361.546	5.91834	-95.359	-3.63666	45.2814	-9.45658	314.626	-21.5243	-363.637	0.855321	-96.0853	-8.9423	11.2508	-1.92295	-613.9	75.7486	-4.22529	-614.414	11.0714	-1.94762	-621.698	76.3929	-4.27929	-622.187	10.9508	-3.15679	-616.872	76.0885	-5.54906	-617.396	-0.0242372	-0.242972	0.96973	-0.0613113	-0.255717	0.964806	-0.0242372	0.0162921	0.999573	-0.0613113	0.00270659	0.998115	-0.0242372	0.0162921	0.999573	-0.0613113	0.00270659	0.998115	-1.38901	0.933511	-3.5151	0.155076	-1.38901	0.933511	-3.5151	0.155076	118.798	104.094	162.118	93.6711	662.748	580.717	904.424	522.572	783.586	551.645	1	0	0
"
 tid_12848_time_13:59:16:105 DPETW@ "GAZE_LOG_CALI: 659.47	515.998	660.91	520.982	928.68	503.865	928.773	509.325	312.152	506.598	314.19	511.665	579.558	496.758	580.249	502.086	
46.8151	-3.41016	314.895	-15.0773	-361.6	6.93206	-95.2895	-2.65186	45.3747	-8.39443	314.802	-20.541	-363.642	1.86169	-95.9802	-7.98039	11.263	-1.67567	-613.709	75.7687	-3.98188	-614.281	11.0837	-1.69718	-621.507	76.4135	-4.03278	-622.054	10.9706	-2.9053	-616.711	76.1168	-5.31197	-617.283	-0.022873	-0.244238	0.969446	-0.0599417	-0.258505	0.964148	-0.022873	0.0149952	0.999626	-0.0599417	-0.000156865	0.998202	-0.022873	0.0149952	0.999626	-0.0599417	-0.000156865	0.998202	-1.31079	0.859195	-3.43647	-0.00898768	-1.31079	0.859195	-3.43647	-0.00898768	119.621	103.615	162.958	92.2456	667.343	578.045	909.108	514.62	788.225	546.333	1	0	0
"
 tid_12848_time_13:59:16:127 DPETW@ "GAZE_LOG_CALI: 659.496	517.349	660.847	522.393	928.636	505.074	928.756	510.443	312.039	507.915	314.123	513.079	579.443	497.992	580.161	503.342	
46.752	-1.99888	314.878	-13.9585	-361.667	8.34744	-95.3779	-1.39562	45.4004	-7.04321	314.758	-19.3314	-363.756	3.17938	-96.0957	-6.74631	11.2478	-1.33467	-613.68	75.7494	-3.69441	-614.156	11.0683	-1.35181	-621.478	76.394	-3.74165	-621.929	10.973	-2.58102	-616.482	76.0908	-5.01457	-617.157	-0.0185136	-0.238914	0.970864	-0.0612618	-0.257254	0.9644	-0.0185136	0.0205052	0.999618	-0.0612618	0.00111681	0.998121	-0.0185136	0.0205052	0.999618	-0.0612618	0.00111681	0.998121	-1.06104	1.17495	-3.51224	0.0639886	-1.06104	1.17495	-3.51224	0.0639886	122.186	107.219	162.155	93.3143	681.649	598.156	904.632	520.582	793.141	559.369	1	0	0
"
 tid_12848_time_13:59:16:150 DPETW@ "GAZE_LOG_CALI: 659.476	518.125	660.826	523.145	928.633	505.66	928.791	511.178	311.909	508.816	314.044	513.829	579.503	498.559	580.175	503.982	
46.7309	-1.24715	314.913	-13.223	-361.746	9.09816	-95.3629	-0.75569	45.3811	-6.26695	314.755	-18.7455	-363.886	4.08109	-96.0355	-6.17895	11.2405	-1.15338	-613.59	75.7531	-3.52818	-614.118	11.0609	-1.16818	-621.388	76.3978	-3.5733	-621.891	10.9649	-2.37716	-616.31	76.1011	-4.87525	-617.245	-0.0183912	-0.231592	0.972639	-0.061372	-0.269315	0.961095	-0.0183912	0.0280364	0.999438	-0.061372	-0.0113883	0.99805	-0.0183912	0.0280364	0.999438	-0.061372	-0.0113883	0.99805	-1.05421	1.60658	-3.5188	-0.652517	-1.05421	1.60658	-3.5188	-0.652517	122.25	111.881	162.091	86.0727	682.006	624.164	904.272	480.182	793.139	552.173	1	0	0
"
 tid_12848_time_13:59:16:172 DPETW@ "GAZE_LOG_CALI: 659.39	518.277	660.782	523.366	928.607	505.778	928.742	511.271	311.863	508.985	313.982	514.036	579.469	498.66	580.212	504.055	
46.687	-1.02632	314.864	-13.1298	-361.809	9.30546	-95.3268	-0.682809	45.295	-6.1154	314.729	-18.6267	-363.932	4.25056	-96.0693	-6.07821	11.2298	-1.10175	-613.552	75.7571	-3.50878	-614.247	11.0501	-1.1159	-621.35	76.4017	-3.55364	-622.021	10.9453	-2.33849	-616.365	76.0932	-4.84858	-617.234	-0.0204041	-0.238165	0.97101	-0.0620936	-0.260646	0.963436	-0.0204041	0.0212663	0.999566	-0.0620936	-0.00240906	0.998067	-0.0204041	0.0212663	0.999566	-0.0620936	-0.00240906	0.998067	-1.16942	1.21856	-3.56	-0.138029	-1.16942	1.21856	-3.56	-0.138029	121.049	107.93	161.659	91.3815	675.306	602.122	901.865	509.799	788.586	555.961	1	0	0
"
 tid_12848_time_13:59:16:195 DPETW@ "GAZE_LOG_CALI: 657.414	517.982	659.758	523.369	926.043	505.491	927.199	511.048	310.175	508.928	313.182	514.104	576.887	498.478	578.819	503.777	
45.6624	-1.02309	313.318	-13.3533	-362.611	9.37268	-96.72	-0.961087	43.319	-6.41056	312.16	-18.9143	-365.623	4.19298	-98.6524	-6.25967	10.9893	-1.09443	-613.878	75.4117	-3.5719	-614.463	10.8065	-1.10848	-621.676	76.0517	-3.61755	-622.236	10.4745	-2.38419	-616.783	75.4666	-4.90768	-617.194	-0.0655105	-0.251719	0.965581	-0.111726	-0.246344	0.962721	-0.0655105	0.00676878	0.997829	-0.111726	0.0112202	0.993676	-0.0655105	0.00676878	0.997829	-0.111726	0.0112202	0.993676	-3.75625	0.387825	-6.41523	0.642886	-3.75625	0.387825	-6.41523	0.642886	94.009	99.2781	131.562	99.3779	524.458	553.853	733.96	554.41	629.209	554.131	1	0	0
"
 tid_12848_time_13:59:16:217 DPETW@ "GAZE_LOG_CALI: 656.608	517.258	659.292	522.608	925.359	504.527	926.744	510.276	309.426	508.089	312.581	513.364	576.235	497.636	578.478	503.139	
45.1965	-1.78439	312.862	-14.1255	-363.213	8.63235	-97.0606	-1.59897	42.5125	-7.13402	311.475	-19.879	-366.373	3.35367	-99.3038	-7.10223	10.8733	-1.27591	-613.682	75.3237	-3.7435	-614.642	10.689	-1.29229	-621.479	75.9624	-3.79133	-622.415	10.2816	-2.57475	-616.862	75.3073	-5.12793	-617.244	-0.0847154	-0.266645	0.960065	-0.121728	-0.248363	0.960988	-0.0847154	-0.00907601	0.996364	-0.121728	0.00882202	0.992524	-0.0847154	-0.00907601	0.996364	-0.121728	0.00882202	0.992524	-4.85986	-0.520024	-6.99213	0.505471	-4.85986	-0.520024	-6.99213	0.505471	82.4405	89.7426	125.414	97.7421	459.919	500.656	699.657	545.283	577.467	519.569	1	0	0
"
 tid_12848_time_13:59:16:240 DPETW@ "GAZE_LOG_CALI: 656.288	516.468	658.981	521.751	925.005	503.717	926.444	509.501	309.09	507.25	312.294	512.554	575.898	496.82	578.193	502.367	
44.8857	-2.64073	312.561	-14.901	-363.5	7.82209	-97.3461	-2.37105	42.1929	-7.92456	311.12	-20.689	-366.71	2.51419	-99.6408	-7.91866	10.7995	-1.47729	-613.72	75.2548	-3.93092	-614.668	10.6142	-1.49626	-621.517	75.8926	-3.98114	-622.441	10.2038	-2.7727	-616.845	75.2255	-5.32589	-617.278	-0.0844463	-0.26261	0.9612	-0.124055	-0.250102	0.960239	-0.0844463	-0.00488496	0.996416	-0.124055	0.00694841	0.992251	-0.0844463	-0.00488496	0.996416	-0.124055	0.00694841	0.992251	-4.84424	-0.279889	-7.12639	0.398118	-4.84424	-0.279889	-7.12639	0.398118	82.5296	92.0258	123.938	96.4351	460.416	513.394	691.425	537.992	573.581	522.316	1	0	0
"
 tid_12848_time_13:59:16:263 DPETW@ "GAZE_LOG_CALI: 655.617	515.982	658.169	521.348	924.391	503.343	925.878	508.916	308.296	506.856	311.43	512.075	575.24	496.295	577.548	501.895	
44.0734	-3.04399	311.995	-15.4871	-364.366	7.34245	-97.9904	-2.84243	41.5212	-8.40973	310.505	-21.0633	-367.506	2.11965	-100.299	-8.44339	10.6024	-1.58453	-613.641	75.104	-4.05856	-614.551	10.4147	-1.60487	-621.439	75.74	-4.11042	-622.325	10.0383	-2.87932	-616.656	75.0688	-5.43514	-617.211	-0.0758208	-0.256748	0.9635	-0.126038	-0.248764	0.960329	-0.0758208	0.0013729	0.99712	-0.126038	0.00826383	0.991991	-0.0758208	0.0013729	0.99712	-0.126038	0.00826383	0.991991	-4.34839	0.0786616	-7.24097	0.473488	-4.34839	0.0786616	-7.24097	0.473488	87.4937	95.658	122.601	97.1254	488.11	533.657	683.965	541.843	585.224	536.571	1	0	0
"
 tid_12848_time_13:59:16:285 DPETW@ "GAZE_LOG_CALI: 654.842	515.786	657.402	521.132	923.674	502.95	925.083	508.679	307.396	506.571	310.558	511.759	574.369	495.984	576.809	501.568	
43.3069	-3.26018	311.198	-15.7236	-365.24	7.02645	-98.7303	-3.17	40.7463	-8.60602	309.787	-21.4563	-368.407	1.83454	-101.17	-8.75399	10.4158	-1.64924	-613.467	74.9218	-4.12793	-614.624	10.2256	-1.67042	-621.264	75.5554	-4.18067	-622.398	9.84821	-2.93776	-616.458	74.8664	-5.5193	-616.97	-0.0756993	-0.254244	0.964173	-0.122315	-0.237644	0.96362	-0.0756993	0.00396557	0.997123	-0.122315	0.019857	0.992293	-0.0756993	0.00396557	0.997123	-0.122315	0.019857	0.992293	-4.34144	0.227211	-7.02711	1.1378	-4.34144	0.227211	-7.02711	1.1378	87.3909	97.1778	124.654	103.955	487.536	542.136	695.42	579.943	591.478	561.039	1	0	0
"
 tid_12848_time_13:59:16:307 DPETW@ "GAZE_LOG_CALI: 653.902	515.842	656.499	521.247	922.847	502.964	924.273	508.728	306.488	506.749	309.558	511.863	573.434	495.935	575.832	501.585	
42.4039	-3.14488	310.387	-15.6746	-366.241	7.13019	-99.7068	-3.15319	39.8069	-8.55053	308.959	-21.4428	-369.317	2.01296	-102.106	-8.80357	10.1964	-1.62345	-613.301	74.6952	-4.11938	-614.372	10.0033	-1.6443	-621.099	75.3262	-4.17204	-622.147	9.62157	-2.9104	-616.494	74.6458	-5.52321	-616.803	-0.0796794	-0.264244	0.961159	-0.12251	-0.243284	0.962187	-0.0796794	-0.00647363	0.996799	-0.12251	0.0140384	0.992368	-0.0796794	-0.00647363	0.996799	-0.12251	0.0140384	0.992368	-4.57023	-0.370914	-7.03767	0.804368	-4.57023	-0.370914	-7.03767	0.804368	84.804	91.0517	124.344	100.552	473.105	507.959	693.689	560.962	582.182	532.701	1	0	0
"
 tid_12848_time_13:59:16:329 DPETW@ "GAZE_LOG_CALI: 653.316	516.312	655.831	521.599	922.37	503.561	923.776	509.291	305.789	507.117	308.798	512.38	572.823	496.453	575.153	502.137	
41.7356	-2.79301	309.889	-15.1107	-367.003	7.64773	-100.386	-2.60078	39.2207	-8.08018	308.48	-20.8448	-370.018	2.38122	-102.717	-8.28505	10.0327	-1.51901	-613.157	74.5405	-3.98351	-614.085	9.83754	-1.53853	-620.955	75.1698	-4.03446	-621.859	9.47729	-2.80875	-616.31	74.5046	-5.3867	-616.59	-0.0746007	-0.263039	0.961897	-0.121384	-0.246754	0.961446	-0.0746007	-0.00511925	0.9972	-0.121384	0.0104949	0.99255	-0.0746007	-0.00511925	0.9972	-0.121384	0.0104949	0.99255	-4.27834	-0.293313	-6.97235	0.601325	-4.27834	-0.293313	-6.97235	0.601325	87.6779	91.9967	124.902	98.6427	489.138	513.231	696.803	550.308	592.076	530.433	1	0	0
"
 tid_12848_time_13:59:16:351 DPETW@ "GAZE_LOG_CALI: 652.762	517.108	655.292	522.503	921.862	504.428	923.287	510.117	305.064	507.844	308.22	513.213	572.269	497.363	574.542	503.053	
41.197	-1.88882	309.398	-14.2847	-367.582	8.48191	-100.997	-1.68474	38.6662	-7.28378	307.972	-19.977	-370.743	3.10838	-103.271	-7.37547	9.90234	-1.30995	-613.077	74.3983	-3.77262	-613.883	9.70544	-1.32678	-620.875	75.026	-3.82089	-621.657	9.33956	-2.62387	-616.033	74.3716	-5.17114	-616.506	-0.0728	-0.258089	0.963374	-0.121994	-0.25168	0.960091	-0.0728	4.51803e-05	0.997347	-0.121994	0.00538564	0.992516	-0.0728	4.51803e-05	0.997347	-0.121994	0.00538564	0.992516	-4.17483	0.00258864	-7.00729	0.308576	-4.17483	0.00258864	-7.00729	0.308576	88.6216	95.2845	124.409	95.8554	494.402	531.573	694.054	534.758	593.507	532.087	1	0	0
"
 tid_12848_time_13:59:16:373 DPETW@ "GAZE_LOG_CALI: 652.585	517.912	655.146	523.339	921.891	505.354	923.272	511.048	304.821	508.574	307.895	513.974	572.141	498.301	574.391	503.983	
41.0506	-1.05311	309.383	-13.3526	-367.908	9.24279	-101.149	-0.754352	38.4892	-6.48037	308.001	-19.0508	-370.987	3.83897	-103.399	-6.43663	9.86339	-1.11749	-612.785	74.3682	-3.54686	-613.664	9.66589	-1.13186	-620.582	74.9958	-3.59225	-621.439	9.29548	-2.43797	-615.918	74.3487	-4.94335	-616.258	-0.0762456	-0.268853	0.960159	-0.120007	-0.250551	0.960636	-0.0762456	-0.0111844	0.997026	-0.120007	0.00661685	0.992751	-0.0762456	-0.0111844	0.997026	-0.120007	0.00661685	0.992751	-4.37307	-0.640834	-6.89268	0.37912	-4.37307	-0.640834	-6.89268	0.37912	86.5424	88.8908	125.598	96.8646	482.803	495.904	700.686	540.388	589.739	515.086	1	0	0
"
 tid_12848_time_13:59:16:396 DPETW@ "GAZE_LOG_CALI: 652.764	518.493	655.271	523.845	922.151	506.105	923.469	511.752	304.823	509.273	307.822	514.565	572.219	499.095	574.46	504.711	
41.1753	-0.547066	309.581	-12.6484	-367.98	9.8346	-101.079	-0.0262468	38.6688	-5.89888	308.261	-18.2994	-370.985	4.53911	-103.32	-5.64293	9.88785	-0.984951	-612.491	74.3915	-3.37301	-613.465	9.69056	-0.997619	-620.289	75.0196	-3.41619	-621.24	9.3344	-2.28188	-615.649	74.3779	-4.7541	-615.984	-0.073774	-0.266014	0.961142	-0.117498	-0.24499	0.962379	-0.073774	-0.00818756	0.997241	-0.117498	0.01244	0.992995	-0.073774	-0.00818756	0.997241	-0.117498	0.01244	0.992995	-4.23093	-0.469118	-6.74824	0.712779	-4.23093	-0.469118	-6.74824	0.712779	88.0602	90.8763	127.151	100.551	491.27	506.981	709.35	560.953	599.964	533.44	1	0	0
"
 tid_12848_time_13:59:16:419 DPETW@ "GAZE_LOG_CALI: 652.866	518.435	655.416	523.812	922.426	506.214	923.837	511.897	304.907	509.251	307.972	514.57	572.35	499.174	574.592	504.823	
41.3208	-0.580025	309.949	-12.5031	-367.83	9.83997	-100.947	0.0852411	38.7701	-5.95729	308.536	-18.19	-370.902	4.5166	-103.189	-5.56434	9.92266	-0.988123	-612.504	74.4372	-3.34018	-613.114	9.72583	-1.00083	-620.301	75.0662	-3.38297	-620.888	9.35813	-2.29151	-615.629	74.4181	-4.72963	-615.762	-0.0756351	-0.265492	0.961142	-0.121381	-0.2522	0.960032	-0.0756351	-0.00768398	0.997106	-0.121381	0.00486776	0.992594	-0.0756351	-0.00768398	0.997106	-0.121381	0.00486776	0.992594	-4.33785	-0.440264	-6.97192	0.278903	-4.33785	-0.440264	-6.97192	0.278903	86.9859	91.1676	124.897	96.1655	485.277	508.606	696.775	536.488	589.319	519.968	1	0	0
"
 tid_12848_time_13:59:16:441 DPETW@ "GAZE_LOG_CALI: 653.171	518.298	655.671	523.619	922.667	506.16	924.127	511.874	305.027	509.121	308.186	514.433	572.466	499.116	574.829	504.828	
41.5757	-0.773204	310.241	-12.5264	-367.616	9.70199	-100.71	0.0898496	39.0754	-6.0937	308.778	-18.2444	-370.781	4.38622	-103.074	-5.62196	9.98303	-1.02769	-612.444	74.4977	-3.34183	-613.04	9.78696	-1.04091	-620.242	75.1276	-3.38464	-620.814	9.42754	-2.32278	-615.357	74.4539	-4.74175	-615.578	-0.0709833	-0.253167	0.964815	-0.123591	-0.248979	0.960591	-0.0709833	0.00517182	0.997464	-0.123591	0.00812423	0.9923	-0.0709833	0.00517182	0.997464	-0.123591	0.00812423	0.9923	-4.07052	0.296325	-7.09965	0.465489	-4.07052	0.296325	-7.09965	0.465489	89.8235	98.7609	123.63	98.1222	501.107	550.967	689.708	547.404	595.407	549.186	1	0	0
"
 tid_12848_time_13:59:16:464 DPETW@ "GAZE_LOG_CALI: 653.118	517.828	655.842	523.117	922.473	505.648	924.237	511.41	304.857	508.678	308.219	513.743	572.239	498.73	574.85	504.285	
41.7467	-1.27516	310.35	-12.9907	-367.583	9.0116	-100.689	-0.453185	39.0229	-6.56417	308.583	-18.7562	-370.951	3.94375	-103.301	-6.00819	10.0211	-1.17101	-612.242	74.5084	-3.46255	-612.907	9.82548	-1.18608	-620.039	75.1386	-3.50692	-620.681	9.41273	-2.43275	-615.177	74.4015	-4.85027	-615.535	-0.0819572	-0.247545	0.965404	-0.137268	-0.250176	0.95842	-0.0819572	0.010755	0.996578	-0.137268	0.00640589	0.990513	-0.0819572	0.010755	0.996578	-0.137268	0.00640589	0.990513	-4.70134	0.616226	-7.88992	0.367033	-4.70134	0.616226	-7.88992	0.367033	83.3382	101.983	115.374	97.0214	464.927	568.944	643.649	541.263	552.927	553.343	1	0	0
"
 tid_12848_time_13:59:16:486 DPETW@ "GAZE_LOG_CALI: 653.136	516.958	655.966	522.268	922.707	504.834	924.438	510.54	304.819	507.858	308.127	512.931	572.351	497.935	574.879	503.521	
41.8703	-2.12375	310.552	-13.8618	-367.675	8.19887	-100.66	-1.21703	39.041	-7.43381	308.819	-19.5711	-370.989	3.1225	-103.189	-6.80308	10.0457	-1.37048	-611.925	74.5269	-3.65813	-612.665	9.8503	-1.38812	-619.723	75.1576	-3.70503	-620.44	9.41533	-2.637	-615.111	74.4374	-5.04362	-615.364	-0.0906656	-0.26032	0.961256	-0.135906	-0.252625	0.957972	-0.0906656	-0.0026581	0.995878	-0.135906	0.00392437	0.990714	-0.0906656	-0.0026581	0.995878	-0.135906	0.00392437	0.990714	-5.20192	-0.152298	-7.81107	0.22485	-5.20192	-0.152298	-7.81107	0.22485	78.1973	93.9212	116.26	95.4114	436.247	523.968	648.593	532.281	538.03	522.322	1	0	0
"
 tid_12848_time_13:59:16:510 DPETW@ "GAZE_LOG_CALI: 653.094	516.51	655.87	521.713	922.664	504.412	924.424	510.123	304.744	507.346	307.946	512.509	572.181	497.501	574.777	503.112	
41.7745	-2.67918	310.538	-14.2784	-367.857	7.77706	-100.763	-1.62547	38.9987	-7.8823	308.775	-19.993	-371.064	2.61034	-103.359	-7.23722	10.0201	-1.48792	-611.811	74.5076	-3.75682	-612.527	9.82429	-1.50708	-619.608	75.1381	-3.80499	-620.301	9.40471	-2.75308	-615.065	74.4043	-5.14585	-615.172	-0.0887083	-0.263433	0.96059	-0.137117	-0.250551	0.958344	-0.0887083	-0.00583729	0.996041	-0.137117	0.00602449	0.990536	-0.0887083	-0.00583729	0.996041	-0.137117	0.0060245	0.990537	-5.08939	-0.334454	-7.8812	0.34518	-5.08939	-0.334454	-7.8812	0.34518	79.3525	91.9533	115.527	96.6017	442.692	512.989	644.5	538.921	539.111	519.988	1	0	0
"
 tid_12848_time_13:59:16:532 DPETW@ "GAZE_LOG_CALI: 652.984	516.289	655.72	521.557	922.691	504.239	924.402	509.846	304.479	507.128	307.693	512.324	572.147	497.268	574.56	502.85	
41.6242	-2.83531	310.516	-14.5561	-368.11	7.59199	-100.979	-1.888	38.889	-8.1035	308.803	-20.1667	-371.33	2.39225	-103.392	-7.4703	9.98168	-1.52891	-611.655	74.4673	-3.82045	-612.245	9.78533	-1.5486	-619.452	75.0976	-3.86946	-620.019	9.37457	-2.80552	-614.835	74.4003	-5.19441	-615.086	-0.0855188	-0.261686	0.961357	-0.135255	-0.257004	0.956899	-0.0855188	-0.00395194	0.996329	-0.135255	-0.000583619	0.990811	-0.0855188	-0.00395194	0.996329	-0.135255	-0.000583619	0.990811	-4.9059	-0.22643	-7.77336	-0.0334389	-4.9059	-0.22643	-7.77336	-0.0334389	81.2315	93.0717	116.657	92.6757	453.174	519.229	650.809	517.019	547.464	511.889	1	0	0
"
 tid_12848_time_13:59:16:554 DPETW@ "GAZE_LOG_CALI: 653.113	516.532	655.883	521.777	922.894	504.61	924.567	510.255	304.415	507.332	307.698	512.54	572.151	497.543	574.576	503.252	
41.7879	-2.6146	310.681	-14.1463	-368.105	7.80761	-100.963	-1.4856	39.0172	-7.86002	309.006	-19.7955	-371.394	2.59632	-103.389	-7.1955	10.0172	-1.47597	-611.412	74.4793	-3.72141	-612.017	9.8212	-1.49499	-619.209	75.11	-3.76917	-619.791	9.40115	-2.75035	-614.544	74.4127	-5.11395	-614.782	-0.0866139	-0.258853	0.962026	-0.133229	-0.256958	0.957195	-0.0866139	-0.00104232	0.996241	-0.133229	-0.000462115	0.991085	-0.0866139	-0.00104232	0.996241	-0.133229	-0.000462115	0.991085	-4.96884	-0.0597206	-7.65622	-0.0264772	-4.96884	-0.0597206	-7.65622	-0.0264772	80.6337	94.9093	117.924	92.9041	449.839	529.48	657.874	518.293	549.934	518.516	1	0	0
"
 tid_12848_time_13:59:16:576 DPETW@ "GAZE_LOG_CALI: 653.377	517.062	656.119	522.375	923.239	505.284	924.897	510.888	304.602	507.939	307.901	513.094	572.424	498.288	574.826	503.854	
42.0237	-2.01755	311.011	-13.5131	-367.902	8.36263	-100.714	-0.883724	39.282	-7.33023	309.351	-19.1213	-371.207	3.20386	-103.116	-6.45027	10.0728	-1.33724	-611.36	74.5432	-3.57191	-611.891	9.87751	-1.35447	-619.158	75.1748	-3.61776	-619.665	9.46301	-2.61228	-614.423	74.4824	-4.94131	-614.674	-0.0843193	-0.255864	0.963028	-0.132926	-0.254069	0.958008	-0.0843193	0.00210433	0.996437	-0.132926	0.00253917	0.991123	-0.0843193	0.00210433	0.996437	-0.132926	0.00253917	0.991123	-4.83689	0.120569	-7.63873	0.145484	-4.83689	0.120569	-7.63873	0.145484	82.0591	96.9207	118.183	94.8683	457.791	540.701	659.32	529.251	555.855	531.31	1	0	0
"
 tid_12848_time_13:59:16:600 DPETW@ "GAZE_LOG_CALI: 653.785	517.47	656.395	522.699	923.489	505.798	925.279	511.537	304.955	508.284	308.331	513.497	572.701	498.828	575.229	504.485	
42.2998	-1.69332	311.395	-12.864	-367.471	8.76587	-100.31	-0.252641	39.6898	-6.92221	309.601	-18.6063	-370.853	3.54923	-102.839	-5.91004	10.1428	-1.24971	-611.59	74.6384	-3.41769	-611.918	9.94845	-1.26581	-619.388	75.2712	-3.46156	-619.692	9.5596	-2.52069	-614.348	74.5471	-4.81378	-614.71	-0.0746564	-0.24093	0.967667	-0.138919	-0.259399	0.955727	-0.0746564	0.0177306	0.997052	-0.138919	-0.00319953	0.990299	-0.0746564	0.0177306	0.997052	-0.138919	-0.00319953	0.990299	-4.28215	1.01594	-7.98537	-0.18332	-4.28215	1.01594	-7.98537	-0.18332	87.8573	106.192	114.636	91.5966	490.138	592.423	639.532	510.999	563.874	550.426	1	0	0
"
 tid_12848_time_13:59:16:622 DPETW@ "GAZE_LOG_CALI: 654.36	518.058	657.148	523.44	924.294	506.704	925.935	512.375	305.535	508.931	308.797	514.1	573.372	499.724	575.855	505.317	
43.0528	-0.952285	312.052	-12.0256	-367.004	9.36878	-99.6841	0.57923	40.265	-6.33437	310.407	-17.7003	-370.272	4.19601	-102.168	-5.01367	10.3161	-1.08719	-611.159	74.7897	-3.21591	-611.866	10.1239	-1.1012	-618.957	75.4245	-3.25719	-619.64	9.69844	-2.37101	-614.352	74.7165	-4.59392	-614.508	-0.0887285	-0.264809	0.96021	-0.132322	-0.249811	0.959211	-0.0887285	-0.00726551	0.996029	-0.132322	0.00696298	0.991182	-0.0887286	-0.00726551	0.996029	-0.132322	0.00696298	0.991182	-5.0906	-0.416287	-7.60395	0.398953	-5.0906	-0.416287	-7.60395	0.398953	79.6862	91.6717	118.788	97.8548	444.553	511.418	662.694	545.912	550.076	523.852	1	0	0
"
 tid_12848_time_13:59:16:645 DPETW@ "GAZE_LOG_CALI: 654.885	518.076	657.576	523.4	924.761	506.734	926.48	512.479	305.997	508.94	309.285	514.136	573.831	499.753	576.384	505.377	
43.481	-0.992325	312.598	-11.921	-366.515	9.40504	-99.155	0.63975	40.7896	-6.31564	310.876	-17.6702	-369.809	4.2059	-101.708	-4.98547	10.4203	-1.08726	-611.254	74.9183	-3.19549	-611.851	10.2294	-1.10127	-619.052	75.5548	-3.23651	-619.625	9.8231	-2.36682	-614.269	74.8283	-4.58639	-614.502	-0.0818433	-0.254914	0.963494	-0.135863	-0.252438	0.958027	-0.0818433	0.00314215	0.99664	-0.135863	0.00411955	0.990719	-0.0818433	0.00314215	0.99664	-0.135863	0.00411955	0.990719	-4.69455	0.180032	-7.80859	0.236033	-4.69455	0.180032	-7.80859	0.236033	83.8891	97.8062	116.775	96.1883	468.001	545.641	651.463	536.615	557.604	538.264	1	0	0
"
 tid_12848_time_13:59:16:668 DPETW@ "GAZE_LOG_CALI: 655.18	517.931	657.856	523.229	925.067	506.487	926.762	512.18	306.193	508.756	309.524	513.792	574.034	499.517	576.534	505.113	
43.7603	-1.16298	312.88	-12.2207	-366.275	9.06116	-99.005	0.375023	41.0842	-6.46084	311.182	-17.9168	-369.612	4.02177	-101.506	-5.22089	10.4862	-1.14886	-611.204	74.9624	-3.26227	-611.656	10.2962	-1.16367	-619.001	75.5996	-3.30415	-619.429	9.89209	-2.40591	-614.121	74.8836	-4.64331	-614.346	-0.0799884	-0.245904	0.965988	-0.134966	-0.252432	0.958156	-0.0799884	0.012491	0.996718	-0.134966	0.00415814	0.990841	-0.0799884	0.012491	0.996718	-0.134966	0.00415814	0.990841	-4.58826	0.715703	-7.75675	0.238245	-4.58826	0.715703	-7.75675	0.238245	85.0622	103.289	117.391	96.1954	474.545	576.227	654.902	536.655	564.129	555.654	1	0	0
"
 tid_12848_time_13:59:16:690 DPETW@ "GAZE_LOG_CALI: 655.122	517.515	657.89	522.714	925.137	506.016	926.831	511.666	306.168	508.277	309.549	513.531	574.097	499.063	576.601	504.644	
43.7943	-1.67825	312.949	-12.7351	-366.25	8.79931	-98.9383	-0.0937559	41.0263	-6.87748	311.252	-18.3887	-369.638	3.54183	-101.442	-5.6749	10.4933	-1.2421	-611.208	74.9793	-3.38043	-611.661	10.3033	-1.25811	-619.006	75.6167	-3.42383	-619.435	9.87952	-2.51437	-614.167	74.9002	-4.75507	-614.348	-0.0844691	-0.250382	0.964455	-0.135015	-0.250841	0.958566	-0.0844691	0.00776935	0.996396	-0.135015	0.00580108	0.990827	-0.0844691	0.00776935	0.996396	-0.135015	0.00580108	0.990827	-4.84565	0.445155	-7.7596	0.332379	-4.84565	0.445155	-7.7596	0.332379	82.4045	100.405	117.382	97.0555	459.719	560.138	654.851	541.453	555.773	548.81	1	0	0
"
 tid_12848_time_13:59:16:713 DPETW@ "GAZE_LOG_CALI: 654.956	516.939	657.624	522.286	924.883	505.189	926.627	510.856	306	507.792	309.332	512.914	573.892	498.277	576.429	503.896	
43.5284	-2.10623	312.745	-13.5449	-366.468	8.18241	-99.11	-0.842155	40.8601	-7.45323	310.998	-19.2157	-369.806	3.05698	-101.647	-6.46124	10.4317	-1.36805	-611.272	74.9372	-3.56822	-611.717	10.241	-1.38568	-619.069	75.5741	-3.61403	-619.491	9.83923	-2.64256	-614.172	74.8487	-4.95068	-614.424	-0.0792032	-0.247794	0.96557	-0.137137	-0.252698	0.957777	-0.0792032	0.0105567	0.996803	-0.137137	0.00380331	0.990545	-0.0792032	0.0105567	0.996803	-0.137137	0.00380331	0.990545	-4.54302	0.604866	-7.88228	0.217914	-4.54302	0.604866	-7.88228	0.217914	85.4748	101.912	116.053	95.6697	476.847	568.547	647.435	533.722	560.967	549.573	1	0	0
"
 tid_12848_time_13:59:16:736 DPETW@ "GAZE_LOG_CALI: 654.569	516.665	657.349	521.888	924.526	504.7	926.317	510.43	305.648	507.406	308.922	512.631	573.5	497.696	576.007	503.381	
43.2538	-2.50358	312.434	-13.9713	-366.878	7.89864	-99.5319	-1.35717	40.4735	-7.72667	310.641	-19.7057	-370.159	2.67025	-102.039	-7.04179	10.3623	-1.44986	-611.071	74.8428	-3.681	-611.557	10.1707	-1.46855	-618.869	75.4786	-3.72827	-619.331	9.74722	-2.72285	-614.219	74.7567	-5.08002	-614.376	-0.0875982	-0.259478	0.961768	-0.139192	-0.26061	0.955358	-0.0875982	-0.00171258	0.996154	-0.139192	-0.00446504	0.990255	-0.0875982	-0.00171258	0.996154	-0.139192	-0.00446504	0.990255	-5.02546	-0.0981234	-8.00115	-0.255829	-5.02546	-0.0981234	-8.00115	-0.255829	80.4243	94.6268	114.737	90.6808	448.671	527.904	640.093	505.89	539.2	509.876	1	0	0
"
 tid_12848_time_13:59:16:758 DPETW@ "GAZE_LOG_CALI: 653.977	516.468	656.683	521.664	924.156	504.384	925.865	509.988	305.023	507.228	308.359	512.492	572.957	497.445	575.458	503.039	
42.588	-2.72801	311.981	-14.4134	-367.443	7.76001	-100.081	-1.69914	39.8814	-7.9246	310.27	-20.0212	-370.785	2.49245	-102.583	-7.29319	10.2049	-1.49429	-611.224	74.7164	-3.77489	-611.408	10.0113	-1.51354	-619.022	75.3507	-3.82339	-619.182	9.60374	-2.76861	-614.168	74.6359	-5.14695	-614.116	-0.0810246	-0.249508	0.964977	-0.135273	-0.250473	0.958626	-0.0810246	0.00874843	0.996674	-0.135273	0.00617234	0.990789	-0.0810246	0.00874843	0.996674	-0.135273	0.00617234	0.990789	-4.64764	0.501254	-7.77454	0.353652	-4.64764	0.501254	-7.77454	0.353652	84.1681	100.731	117.007	96.954	469.557	561.96	652.759	540.887	559.944	549.815	1	0	0
"
 tid_12848_time_13:59:16:782 DPETW@ "GAZE_LOG_CALI: 653.353	516.724	656.104	522.057	923.544	504.545	925.235	510.242	304.294	507.522	307.551	512.662	572.318	497.485	574.752	503.149	
42.0084	-2.33536	311.35	-14.1595	-368.252	7.93062	-100.787	-1.58888	39.2575	-7.66862	309.657	-19.8605	-371.515	2.78671	-103.222	-7.25272	10.061	-1.42683	-610.861	74.5502	-3.73115	-611.279	9.86541	-1.44523	-618.659	75.1825	-3.77909	-619.054	9.45085	-2.70223	-614.001	74.4826	-5.12295	-614.065	-0.0856111	-0.259584	0.961918	-0.13425	-0.257761	0.956836	-0.0856111	-0.00177592	0.996327	-0.13425	-0.00133091	0.990947	-0.0856111	-0.00177592	0.996327	-0.13425	-0.00133091	0.990947	-4.91118	-0.101753	-7.71526	-0.0762557	-4.91118	-0.101753	-7.71526	-0.0762557	81.3204	94.6666	117.475	92.5693	453.67	528.126	655.368	516.426	550.51	516.762	1	0	0
"
 tid_12848_time_13:59:16:804 DPETW@ "GAZE_LOG_CALI: 652.992	517.271	655.696	522.511	923.335	504.958	924.948	510.63	303.854	508.06	307.215	513.283	571.867	497.934	574.388	503.572	
41.6003	-1.88113	311.062	-13.7716	-368.589	8.55176	-101.152	-1.16591	38.8964	-7.12161	309.447	-19.4471	-371.956	3.32432	-103.673	-6.80464	9.96472	-1.29811	-610.959	74.4665	-3.63341	-611.161	9.76792	-1.31484	-618.756	75.0979	-3.68011	-618.935	9.36236	-2.57125	-613.866	74.3876	-5.01657	-613.699	-0.0800664	-0.248043	0.965435	-0.1303	-0.24519	0.960679	-0.0800664	0.010282	0.996737	-0.1303	0.0118063	0.991404	-0.0800664	0.010282	0.996737	-0.1303	0.0118063	0.991404	-4.59262	0.589125	-7.48745	0.676465	-4.59262	0.589125	-7.48745	0.676465	84.5109	101.896	119.785	100.499	471.469	568.46	668.257	560.664	569.863	564.562	1	0	0
"
 tid_12848_time_13:59:16:828 DPETW@ "GAZE_LOG_CALI: 652.699	517.957	655.424	523.242	923.06	505.521	924.769	511.274	303.366	508.748	306.717	513.892	571.491	498.451	574.004	504.149	
41.3285	-1.15022	310.884	-13.1265	-369.088	9.16111	-101.535	-0.588601	38.6032	-6.43483	309.172	-18.8842	-372.445	4.01285	-104.049	-6.28761	9.89417	-1.1372	-610.606	74.3851	-3.48529	-610.841	9.69635	-1.15187	-618.404	75.0158	-3.53011	-618.616	9.28697	-2.40474	-613.568	74.3023	-4.8855	-613.542	-0.081674	-0.249958	0.964806	-0.134634	-0.25573	0.957328	-0.081674	0.00826953	0.996625	-0.134634	0.000758812	0.990895	-0.081674	0.00826953	0.996625	-0.134634	0.000758812	0.990895	-4.68496	0.473815	-7.73744	0.0434767	-4.68496	0.473815	-7.73744	0.0434767	83.5079	100.953	117.124	94.1649	465.874	563.199	653.414	525.327	557.762	541.744	1	0	0
"
 tid_12848_time_13:59:16:850 DPETW@ "GAZE_LOG_CALI: 652.474	518.704	655.259	524.018	922.986	506.266	924.672	511.871	303.127	509.419	306.491	514.618	571.306	499.229	573.737	504.769	
41.164	-0.373784	310.786	-12.5298	-369.314	9.88797	-101.802	0.0313741	38.3789	-5.68775	309.098	-18.1379	-372.685	4.68481	-104.234	-5.50908	9.85337	-0.956881	-610.501	74.33	-3.33816	-610.583	9.65498	-0.969228	-618.298	74.9602	-3.38111	-618.358	9.23312	-2.23372	-613.526	74.2634	-4.70051	-613.367	-0.0851448	-0.25521	0.963129	-0.133788	-0.253303	0.958091	-0.0851448	0.00276235	0.996365	-0.133788	0.00330001	0.991004	-0.0851448	0.00276235	0.996365	-0.133788	0.00330001	0.991005	-4.88437	0.158271	-7.68856	0.189077	-4.88437	0.158271	-7.68856	0.189077	81.4069	97.9027	117.609	95.8841	454.153	546.18	656.116	534.918	552.656	537.247	1	0	0
"
 tid_12848_time_13:59:16:872 DPETW@ "GAZE_LOG_CALI: 652.43	519.194	655.159	524.526	922.955	506.651	924.67	512.45	303.044	509.985	306.36	515.254	571.231	499.72	573.626	505.34	
41.0632	0.134096	310.784	-11.9505	-369.445	10.5237	-101.913	0.602396	38.334	-5.19824	309.066	-17.7528	-372.768	5.25078	-104.309	-5.01823	9.82785	-0.819668	-610.456	74.309	-3.1994	-610.415	9.62912	-0.830245	-618.253	74.9391	-3.24057	-618.189	9.22117	-2.10629	-613.465	74.2472	-4.59442	-613.298	-0.0820464	-0.256632	0.96302	-0.135088	-0.264306	0.954931	-0.0820464	0.00136015	0.996628	-0.135088	-0.00814509	0.9908	-0.0820464	0.00136015	0.996628	-0.135088	-0.00814509	0.9908	-4.7062	0.0779308	-7.76395	-0.466685	-4.7062	0.0779308	-7.76395	-0.466685	83.2259	97.2196	116.816	89.2684	464.3	542.369	651.695	498.01	554.058	514.704	1	0	0
"
 tid_12848_time_13:59:16:895 DPETW@ "GAZE_LOG_CALI: 652.231	519.457	655.093	524.729	922.897	506.929	924.593	512.614	302.92	510.256	306.262	515.476	571.087	499.915	573.539	505.567	
40.9979	0.337041	310.707	-11.7856	-369.543	10.7462	-102.001	0.829431	38.1358	-4.93481	309.008	-17.4747	-372.892	5.52226	-104.453	-4.82333	9.81162	-0.768662	-610.4	74.2882	-3.15235	-610.397	9.61266	-0.778582	-618.197	74.9181	-3.19291	-618.172	9.17481	-2.04221	-613.575	74.2173	-4.53667	-613.167	-0.0909897	-0.262596	0.960606	-0.134014	-0.256984	0.957079	-0.0909897	-0.00502497	0.995839	-0.134014	-0.000517488	0.990979	-0.0909897	-0.00502497	0.995839	-0.134014	-0.000517488	0.990979	-5.22061	-0.287911	-7.70161	-0.0296499	-5.22061	-0.287911	-7.70161	-0.0296499	77.8857	93.5087	117.448	93.8476	434.509	521.667	655.218	523.557	540.194	516.342	1	0	0
"
 tid_12848_time_13:59:16:917 DPETW@ "GAZE_LOG_CALI: 652.122	519.503	654.953	524.819	922.822	506.916	924.52	512.608	302.715	510.325	306.098	515.527	570.898	499.886	573.425	505.592	
40.8574	0.427313	310.633	-11.7917	-369.707	10.797	-102.115	0.854213	38.0266	-4.8891	308.933	-17.4873	-373.097	5.59162	-104.643	-4.85196	9.77734	-0.751875	-610.364	74.2629	-3.14989	-610.33	9.57793	-0.761579	-618.161	74.8925	-3.19043	-618.104	9.14596	-2.02813	-613.436	74.1787	-4.54065	-612.995	-0.0879599	-0.257901	0.962159	-0.13387	-0.253207	0.958105	-0.0879599	-8.83639e-05	0.996124	-0.13387	0.00339629	0.990993	-0.0879599	-8.83639e-05	0.996124	-0.13387	0.00339629	0.990993	-5.04625	-0.00506288	-7.69334	0.194593	-5.04625	-0.00506288	-7.69334	0.194593	79.6602	96.4537	117.517	96.1904	444.408	538.096	655.606	536.627	546.921	533.277	1	0	0
"
 tid_12848_time_13:59:16:940 DPETW@ "GAZE_LOG_CALI: 651.809	519.346	654.468	524.622	922.505	506.685	924.189	512.438	302.267	510.067	305.625	515.391	570.535	499.566	573.057	505.356	
40.3721	0.230472	310.302	-11.9626	-370.182	10.6613	-102.483	0.6179	37.7134	-5.04602	308.616	-17.719	-373.546	5.33362	-105.005	-5.17236	9.66141	-0.792221	-610.379	74.1769	-3.19887	-610.275	9.46051	-0.802445	-618.176	74.8056	-3.24004	-618.049	9.06813	-2.07805	-613.227	74.0942	-4.60708	-612.925	-0.0765538	-0.248872	0.965506	-0.132921	-0.255453	0.957641	-0.0765538	0.00949962	0.99702	-0.132921	0.00110716	0.991126	-0.0765538	0.00949962	0.99702	-0.132921	0.00110716	0.991126	-4.39071	0.544297	-7.63843	0.0634354	-4.39071	0.544297	-7.63843	0.0634354	86.3259	102.073	118.013	94.7978	481.595	569.447	658.372	528.858	569.133	547.995	1	0	0
"
 tid_12848_time_13:59:16:963 DPETW@ "GAZE_LOG_CALI: 651.31	519.226	654.069	524.557	922.038	506.446	923.757	512.266	301.862	510.043	305.245	515.265	570.085	499.435	572.532	505.041	
39.9732	0.164553	309.87	-12.1346	-370.563	10.5348	-103.008	0.303365	37.215	-5.16626	308.148	-17.9583	-373.952	5.30892	-105.455	-5.30256	9.56673	-0.815719	-610.397	74.0566	-3.25712	-610.134	9.36462	-0.826246	-618.194	74.6838	-3.29906	-617.908	8.95009	-2.09627	-613.363	73.9846	-4.65215	-612.948	-0.0827054	-0.253386	0.963823	-0.134746	-0.260777	0.955949	-0.0827054	0.00470345	0.996563	-0.134746	-0.00447318	0.99087	-0.0827054	0.00470345	0.996563	-0.134746	-0.00447318	0.99087	-4.74414	0.269489	-7.74401	-0.256295	-4.74414	0.269489	-7.74401	-0.256295	82.5734	99.2143	116.809	91.4661	460.661	553.497	651.652	510.271	553.044	527.66	1	0	0
"
 tid_12848_time_13:59:16:985 DPETW@ "GAZE_LOG_CALI: 650.896	519.281	653.531	524.513	921.526	506.404	923.219	512.103	301.384	510.067	304.703	515.282	569.554	499.297	572.059	504.968	
39.4359	0.120912	309.331	-12.297	-371.106	10.5525	-103.481	0.230637	36.8002	-5.1109	307.635	-18	-374.431	5.33373	-105.986	-5.44064	9.43726	-0.819333	-610.394	73.9393	-3.28623	-610.232	9.23348	-0.829907	-618.191	74.5649	-3.32853	-618.007	8.84959	-2.08677	-613.254	73.8578	-4.67414	-612.915	-0.0751355	-0.245995	0.966355	-0.133067	-0.253198	0.958219	-0.0751355	0.0124978	0.997095	-0.133067	0.00343481	0.991101	-0.0751355	0.0124978	0.997095	-0.133067	0.00343481	0.991101	-4.30934	0.716092	-7.64689	0.1968	-4.30934	0.716092	-7.64689	0.1968	86.9394	103.813	117.693	96.1043	485.017	579.154	656.584	536.147	570.664	557.467	1	0	0
"
 tid_12848_time_13:59:17:8 DPETW@ "GAZE_LOG_CALI: 650.118	519.484	653.03	524.83	920.851	506.518	922.674	512.358	300.828	510.299	304.223	515.516	568.985	499.499	571.47	505.203	
38.9346	0.438177	308.785	-12.0417	-371.587	10.7868	-104.07	0.465395	36.0222	-4.90758	306.958	-17.8855	-374.988	5.56527	-106.555	-5.23884	9.3183	-0.753662	-610.407	73.8	-3.22767	-610.159	9.113	-0.763388	-618.205	74.4239	-3.26922	-617.934	8.66702	-2.03578	-613.575	73.7134	-4.63762	-613.067	-0.0924944	-0.263886	0.960109	-0.13917	-0.268026	0.953307	-0.0924944	-0.0064002	0.995693	-0.13917	-0.0121594	0.990194	-0.0924944	-0.0064002	0.995693	-0.13917	-0.0121594	0.990194	-5.30723	-0.366707	-8.00041	-0.696698	-5.30723	-0.366707	-8.00041	-0.696698	76.4872	92.7076	113.863	86.9221	426.707	517.197	635.217	484.921	523.391	490.843	1	0	0
"
 tid_12848_time_13:59:17:30 DPETW@ "GAZE_LOG_CALI: 649.694	520.142	652.408	525.472	920.418	507.042	922.055	512.728	300.19	510.905	303.645	516.132	568.421	499.876	570.922	505.6	
38.3129	1.07985	308.165	-11.6715	-372.166	11.4031	-104.618	0.862487	35.598	-4.25035	306.525	-17.3611	-375.627	6.17212	-107.12	-4.86248	9.17074	-0.603315	-610.452	73.6634	-3.13662	-610.259	8.96355	-0.6111	-618.249	74.2855	-3.177	-618.034	8.56025	-1.88311	-613.246	73.5847	-4.52825	-612.86	-0.0778852	-0.24565	0.966224	-0.129946	-0.250564	0.959339	-0.0778852	0.0127973	0.99688	-0.129946	0.00626941	0.991501	-0.0778852	0.0127973	0.99688	-0.129946	0.00626941	0.991501	-4.46738	0.733249	-7.46664	0.359213	-4.46738	0.733249	-7.46664	0.359213	85.0268	104.189	119.287	97.9246	474.347	581.252	665.48	546.302	569.914	563.777	2	0	0
"
 tid_12848_time_13:59:17:53 DPETW@ "GAZE_LOG_CALI: 649.256	520.546	652.108	525.9	920.002	507.438	921.783	513.2	299.974	511.279	303.404	516.533	568.15	500.364	570.595	506.024	
38.0124	1.50789	307.892	-11.1998	-372.407	11.8038	-104.945	1.28659	35.1607	-3.84641	306.108	-16.9654	-375.843	6.54628	-107.391	-4.37355	9.09978	-0.50414	-610.537	73.5873	-3.02908	-610.166	8.8917	-0.510644	-618.334	74.2085	-3.06808	-617.941	8.45978	-1.7903	-613.563	73.5097	-4.42334	-613.074	-0.0871098	-0.258078	0.962189	-0.137017	-0.265729	0.954261	-0.0871098	-0.000251159	0.996199	-0.137017	-0.0096934	0.990521	-0.0871098	-0.000251159	0.996199	-0.137017	-0.0096934	0.990521	-4.99736	-0.0143904	-7.87563	-0.5554	-4.99736	-0.0143904	-7.87563	-0.5554	79.4601	96.555	114.945	88.5802	443.292	538.661	641.253	494.171	536.893	509.158	1	1	1
"
 tid_12848_time_13:59:17:76 DPETW@ "GAZE_LOG_CALI: 649.08	521.034	651.898	526.414	919.71	507.806	921.463	513.624	299.783	511.83	303.195	517.004	567.94	500.77	570.432	506.478	
37.8021	2.02157	307.572	-10.7749	-372.616	12.2756	-105.108	1.74008	34.9845	-3.35758	305.816	-16.5968	-376.035	7.09798	-107.601	-3.96813	9.05004	-0.386085	-610.522	73.5378	-2.92483	-610.388	8.84132	-0.391066	-618.319	74.1582	-2.96247	-618.163	8.41691	-1.66489	-613.534	73.4529	-4.33095	-613.182	-0.0853952	-0.256302	0.962817	-0.135281	-0.262509	0.9554	-0.0853952	0.00162669	0.996346	-0.135281	-0.00628838	0.990787	-0.0853952	0.00162669	0.996346	-0.135281	-0.00628838	0.990787	-4.89876	0.0932023	-7.775	-0.3603	-4.89876	0.0932023	-7.775	-0.3603	80.4297	97.7849	115.914	90.6458	448.701	545.522	646.658	505.695	543.463	519.938	1	1	1
"
 tid_12848_time_13:59:17:99 DPETW@ "GAZE_LOG_CALI: 648.98	521.237	651.814	526.543	919.666	508.059	921.369	513.729	299.814	512.068	303.16	517.269	567.875	501.06	570.369	506.656	
37.7189	2.15054	307.477	-10.67	-372.652	12.5404	-105.171	1.91878	34.8846	-3.15506	305.772	-16.3433	-376.004	7.33607	-107.666	-3.67767	9.03022	-0.338808	-610.603	73.5207	-2.89103	-610.436	8.82127	-0.343179	-618.4	74.1408	-2.92824	-618.211	8.39546	-1.61212	-613.727	73.4383	-4.26522	-613.149	-0.0875973	-0.261044	0.961344	-0.132981	-0.25309	0.95826	-0.0875973	-0.00333536	0.99615	-0.132981	0.00354944	0.991112	-0.0875973	-0.00333536	0.99615	-0.132981	0.00354944	0.991112	-5.02543	-0.191102	-7.64196	0.203368	-5.02543	-0.191102	-7.64196	0.203368	79.0894	94.8755	117.28	96.5073	441.224	529.291	654.28	538.395	544.219	529.163	1	1	1
"
 tid_12848_time_13:59:17:121 DPETW@ "GAZE_LOG_CALI: 648.956	521.263	651.733	526.554	919.54	508.117	921.27	513.762	299.817	512.077	303.192	517.245	567.832	501.015	570.341	506.677	
37.6375	2.16171	307.378	-10.6371	-372.619	12.5169	-105.2	1.9398	34.8607	-3.12863	305.645	-16.2855	-376.001	7.34487	-107.709	-3.72293	9.01371	-0.340283	-610.766	73.5094	-2.885	-610.534	8.80461	-0.344672	-618.563	74.1292	-2.92212	-618.309	8.39019	-1.60796	-613.767	73.4227	-4.26459	-613.273	-0.0832596	-0.2538	0.963667	-0.13433	-0.255259	0.957496	-0.0832596	0.00426351	0.996519	-0.13433	0.00125659	0.990936	-0.0832596	0.0042635	0.996519	-0.13433	0.00125659	0.990936	-4.776	0.244282	-7.71988	0.071997	-4.776	0.244282	-7.71988	0.071997	81.6435	99.3261	116.44	95.1269	455.473	554.12	649.597	530.694	550.033	539.106	1	1	1
"
 tid_12848_time_13:59:17:145 DPETW@ "GAZE_LOG_CALI: 648.951	521.104	651.711	526.454	919.425	507.864	921.226	513.652	299.816	511.921	303.198	517.087	567.84	500.847	570.341	506.528	
37.6159	2.06222	307.334	-10.7473	-372.613	12.3587	-105.199	1.79017	34.8551	-3.28769	305.53	-16.5386	-376.002	7.18905	-107.701	-3.89079	9.00937	-0.37124	-610.806	73.5072	-2.91652	-610.608	8.80023	-0.376028	-618.603	74.1269	-2.95404	-618.383	8.38906	-1.64596	-613.774	73.4171	-4.31651	-613.46	-0.0820598	-0.253449	0.963862	-0.137629	-0.264189	0.954601	-0.0820598	0.00465253	0.996617	-0.137629	-0.00811866	0.990451	-0.0820598	0.00465253	0.996617	-0.137629	-0.00811866	0.990451	-4.70702	0.266571	-7.91095	-0.46517	-4.70702	0.266571	-7.91095	-0.46517	82.351	99.5154	114.43	89.5068	459.42	555.177	638.382	499.341	544.907	521.889	1	1	1
"
 tid_12848_time_13:59:17:167 DPETW@ "GAZE_LOG_CALI: 648.662	520.849	651.427	526.147	919.232	507.522	920.902	513.344	299.476	511.569	302.9	516.741	567.575	500.425	570.085	506.185	
37.331	1.75484	307.01	-11.0554	-372.912	12.0128	-105.456	1.44694	34.5668	-3.54355	305.336	-16.8808	-376.342	6.83619	-107.965	-4.31297	8.94082	-0.449988	-610.788	73.4418	-2.9954	-610.708	8.73079	-0.455792	-618.585	74.0606	-3.03393	-618.483	8.31848	-1.71962	-613.701	73.3584	-4.40832	-613.359	-0.0814609	-0.249697	0.964891	-0.131218	-0.256826	0.957508	-0.0814609	0.00854336	0.99664	-0.131218	-0.000253901	0.991354	-0.0814609	0.00854336	0.99664	-0.131218	-0.000253901	0.991353	-4.67272	0.489504	-7.53998	-0.0145474	-4.67272	0.489504	-7.53998	-0.0145474	82.64	101.744	118.234	94.0769	461.032	567.608	659.605	524.836	558.636	543.976	1	1	1
"
 tid_12848_time_13:59:17:189 DPETW@ "GAZE_LOG_CALI: 648.233	520.633	651.1	525.955	918.778	507.297	920.528	513.046	299.176	511.367	302.539	516.548	567.2	500.251	569.623	505.834	
37.0049	1.56301	306.635	-11.3538	-373.274	11.8187	-105.917	1.09603	34.1371	-3.7587	304.882	-17.1066	-376.643	6.63478	-108.341	-4.48654	8.86208	-0.496654	-610.731	73.3366	-3.07324	-610.578	8.65102	-0.50306	-618.528	73.9542	-3.11278	-618.353	8.21795	-1.7706	-613.887	73.2628	-4.45756	-613.469	-0.0896549	-0.262408	0.960783	-0.135212	-0.263	0.955274	-0.0896549	-0.00479762	0.995961	-0.135212	-0.00679514	0.990793	-0.0896549	-0.00479762	0.995961	-0.135212	-0.00679514	0.990793	-5.14381	-0.274885	-7.77106	-0.389336	-5.14381	-0.274885	-7.77106	-0.389336	77.6847	93.8221	115.731	90.1495	433.388	523.415	645.64	502.926	533.652	505.268	1	1	1
"
 tid_12848_time_13:59:17:212 DPETW@ "GAZE_LOG_CALI: 647.655	520.622	650.418	525.874	918.156	507.162	919.909	512.84	298.544	511.304	301.934	516.493	566.519	500.067	569.096	505.7	
36.3228	1.48171	306.014	-11.56	-373.88	11.7645	-106.444	0.962869	33.5593	-3.7703	304.259	-17.2416	-377.277	6.57093	-109.022	-4.67128	8.70051	-0.513538	-610.837	73.2044	-3.11509	-610.716	8.4874	-0.52016	-618.634	73.8202	-3.15516	-618.491	8.07872	-1.7801	-613.786	73.1022	-4.49618	-613.378	-0.081318	-0.2507	0.964643	-0.134587	-0.251394	0.958482	-0.081318	0.00751087	0.99666	-0.134587	0.00524496	0.990888	-0.081318	0.00751087	0.99666	-0.134587	0.00524496	0.990888	-4.66446	0.430345	-7.73487	0.300515	-4.66446	0.430345	-7.73487	0.300515	82.4796	101.058	115.959	97.2239	460.137	563.785	646.911	542.393	551.951	551.05	1	1	1
"
 tid_12848_time_13:59:17:235 DPETW@ "GAZE_LOG_CALI: 647.017	520.772	649.836	526.161	917.542	507.212	919.287	512.885	297.974	511.455	301.377	516.638	565.996	500.169	568.428	505.684	
35.7401	1.76888	305.392	-11.5151	-374.438	11.9098	-107.112	0.946267	32.9217	-3.62015	303.644	-17.1912	-377.847	6.72279	-109.545	-4.56868	8.56161	-0.462223	-610.864	73.0463	-3.11199	-610.635	8.34673	-0.468184	-618.661	73.6601	-3.15203	-618.41	7.92596	-1.74446	-613.886	72.9697	-4.47911	-613.508	-0.0848287	-0.257304	0.9626	-0.134687	-0.2589	0.956468	-0.0848287	0.00060223	0.996395	-0.134687	-0.00252615	0.990885	-0.0848287	0.00060223	0.996395	-0.134687	-0.00252615	0.990885	-4.86618	0.0345053	-7.74053	-0.144738	-4.86618	0.0345053	-7.74053	-0.144738	80.2461	97.0162	115.75	92.6322	447.677	541.234	645.747	516.777	542.706	523.665	1	1	1
"
 tid_12848_time_13:59:17:257 DPETW@ "GAZE_LOG_CALI: 646.262	521.276	649.084	526.573	916.819	507.577	918.658	513.353	297.123	512.018	300.55	517.291	565.239	500.461	567.703	506.167	
34.9881	2.18105	304.761	-11.0466	-375.267	12.5624	-107.838	1.42921	32.1659	-3.11599	302.919	-16.8263	-378.701	7.2855	-110.302	-4.27722	8.37942	-0.335059	-610.74	72.8772	-2.99782	-610.486	8.16215	-0.339381	-618.537	73.489	-3.0364	-618.262	7.74205	-1.61618	-613.728	72.7884	-4.40029	-613.444	-0.0841274	-0.255686	0.963093	-0.138572	-0.269776	0.9529	-0.0841274	0.00229321	0.996452	-0.138572	-0.013955	0.990254	-0.0841274	0.00229321	0.996452	-0.138572	-0.013955	0.990254	-4.82586	0.131392	-7.96602	-0.799586	-4.82586	0.131392	-7.96602	-0.799586	80.4865	98.1727	113.235	85.9912	449.018	547.686	631.715	479.728	534.615	505.945	1	1	1
"
 tid_12848_time_13:59:17:280 DPETW@ "GAZE_LOG_CALI: 645.805	521.786	648.583	527.157	916.431	507.931	918.144	513.663	296.672	512.465	300.038	517.659	564.697	500.886	567.276	506.515	
34.4876	2.7651	304.247	-10.7364	-375.78	12.9308	-108.265	1.7776	31.7096	-2.60567	302.53	-16.4713	-379.153	7.73361	-110.845	-3.85211	8.25969	-0.221309	-610.706	72.7683	-2.91968	-610.6	8.04087	-0.224163	-618.502	73.3786	-2.95725	-618.376	7.63248	-1.50101	-613.722	72.6666	-4.30515	-613.203	-0.0822609	-0.257188	0.962854	-0.132028	-0.249945	0.959217	-0.0822609	0.00078027	0.99661	-0.132028	0.00683554	0.991223	-0.0822609	0.00078027	0.996611	-0.132028	0.00683553	0.991222	-4.71854	0.0447062	-7.58697	0.39165	-4.71854	0.0447062	-7.58697	0.39165	81.4772	97.3982	117.072	98.3878	454.545	543.365	653.122	548.886	551.72	543.347	1	1	1
"
 tid_12848_time_13:59:17:302 DPETW@ "GAZE_LOG_CALI: 645.451	522.226	648.287	527.598	916.072	508.336	917.906	514.015	296.204	512.967	299.626	518.215	564.291	501.204	566.844	506.822	
34.1918	3.20639	304.008	-10.3842	-376.192	13.4876	-108.697	2.08484	31.355	-2.16634	302.171	-16.0664	-379.621	8.23529	-111.251	-3.53379	8.18613	-0.101892	-610.527	72.6761	-2.83974	-610.305	7.9663	-0.103206	-618.324	73.2856	-2.87629	-618.081	7.54495	-1.38759	-613.543	72.5711	-4.21791	-613.127	-0.0848147	-0.258541	0.96227	-0.137851	-0.258866	0.956026	-0.0848147	-0.000677302	0.996396	-0.137851	-0.00260733	0.99045	-0.0848147	-0.000677303	0.996396	-0.137851	-0.00260733	0.990449	-4.86537	-0.0388066	-7.92356	-0.149389	-4.86537	-0.0388066	-7.92356	-0.149389	79.8937	96.6994	113.494	92.9354	445.711	539.467	633.162	518.468	534.896	523.018	1	1	1
"
 tid_12848_time_13:59:17:324 DPETW@ "GAZE_LOG_CALI: 645.142	522.932	648.019	528.348	915.886	508.823	917.687	514.551	295.828	513.675	299.32	518.829	564.024	501.758	566.546	507.412	
33.9237	3.95621	303.789	-9.8479	-376.499	14.1016	-108.995	2.6744	31.0466	-1.46016	301.985	-15.5796	-379.998	8.94379	-111.518	-2.9797	8.12194	0.0613825	-610.446	72.6086	-2.70444	-610.18	7.90125	0.0621745	-618.243	73.2173	-2.73926	-617.956	7.46957	-1.21716	-613.429	72.5114	-4.09192	-613.003	-0.0863433	-0.255891	0.962842	-0.13621	-0.261011	0.955678	-0.0863433	0.00203057	0.996263	-0.13621	-0.00476918	0.990669	-0.0863433	0.00203057	0.996263	-0.13621	-0.00476918	0.990668	-4.95328	0.116343	-7.82869	-0.273255	-4.95328	0.116343	-7.82869	-0.273255	78.9211	98.4814	114.43	91.8173	440.285	549.408	638.385	512.231	534.941	525.083	1	1	1
"
 tid_12848_time_13:59:17:348 DPETW@ "GAZE_LOG_CALI: 645.116	523.246	648.017	528.59	915.942	509.147	917.75	514.791	295.812	514.036	299.226	519.224	564.056	502.028	566.502	507.599	
33.921	4.19828	303.852	-9.6069	-376.593	14.4972	-109.04	2.86139	31.0201	-1.14576	302.041	-15.2546	-380.014	9.3057	-111.486	-2.71014	8.11872	0.137789	-610.316	72.6042	-2.65253	-610.015	7.89794	0.139568	-618.112	73.2131	-2.6867	-617.791	7.46323	-1.13562	-613.441	72.5204	-4.02005	-612.967	-0.08941	-0.262273	0.960843	-0.137092	-0.263891	0.95476	-0.08941	-0.00465143	0.995984	-0.137092	-0.00778934	0.990528	-0.08941	-0.00465143	0.995984	-0.137092	-0.00778934	0.990528	-5.12972	-0.266508	-7.87983	-0.446301	-5.12972	-0.266508	-7.87983	-0.446301	77.0989	94.6381	113.911	90.1182	430.119	527.967	635.489	502.751	526.606	507.167	1	1	1
"
 tid_12848_time_13:59:17:371 DPETW@ "GAZE_LOG_CALI: 648.611	523.149	649.952	528.52	919.411	508.901	919.279	514.81	298.875	513.693	301.024	519.157	567.531	501.78	568.126	507.542	
35.8568	4.12791	305.383	-9.58838	-374.792	14.43	-107.415	2.80486	34.5149	-1.24287	305.516	-15.501	-376.945	8.9619	-108.01	-2.95808	8.57916	0.122907	-610.134	72.9893	-2.65618	-610.178	8.36425	0.124494	-617.931	73.6028	-2.69038	-617.954	8.29561	-1.18504	-612.839	73.3596	-4.07645	-613.003	-0.0130525	-0.249028	0.968408	-0.0472477	-0.269311	0.961894	-0.0130525	0.0101004	0.999864	-0.0472477	-0.0111778	0.998821	-0.0130525	0.0101004	0.999864	-0.0472477	-0.0111778	0.998821	-0.747913	0.578722	-2.70827	-0.640454	-0.747913	0.578722	-2.70827	-0.640454	122.757	103.37	167.861	88.1144	684.837	576.681	936.461	491.573	810.649	534.127	1	1	1
"
 tid_12848_time_13:59:17:393 DPETW@ "GAZE_LOG_CALI: 655.65	522.673	653.544	528.397	925.331	508.988	921.825	514.773	306.132	513.292	304.584	518.82	573.592	501.754	570.862	507.497	
39.4489	4.00487	307.934	-9.62524	-371.225	14.0929	-104.678	2.76002	41.5544	-1.7189	311.447	-15.414	-369.673	8.56064	-101.947	-2.98375	9.43836	0.0710786	-610.13	73.6356	-2.6645	-610.481	9.2345	0.0719963	-617.927	74.2571	-2.69878	-618.256	9.99215	-1.28429	-613.272	74.8159	-4.06484	-613.271	0.154375	-0.276352	0.948577	0.107481	-0.262781	0.95885	0.154375	-0.0214261	0.98778	0.107481	-0.00565839	0.994191	0.154375	-0.0214261	0.98778	0.107481	-0.00565839	0.994191	8.8826	-1.22772	6.17024	-0.324204	8.8826	-1.22772	6.17024	-0.324204	223.343	84.5988	259.954	91.2611	1245.99	471.96	1450.23	509.127	1353.52	482.328	1	1	1
"
 tid_12848_time_13:59:17:416 DPETW@ "GAZE_LOG_CALI: 656.284	522.457	653.635	528.012	925.949	508.666	922.178	514.417	306.858	513.067	304.694	518.594	574.26	501.452	571.229	507.256	
39.54	3.61974	308.288	-9.98139	-371.115	13.8671	-104.311	2.51867	42.189	-1.93539	312.066	-15.737	-368.946	8.33566	-101.28	-3.28598	9.45994	-0.00199117	-610.174	73.7239	-2.73593	-610.515	9.25638	-0.00201688	-617.971	74.3465	-2.77113	-618.29	10.1468	-1.33707	-613.423	74.9747	-4.14008	-613.356	0.184637	-0.276845	0.943009	0.121768	-0.265334	0.956436	0.184637	-0.0233426	0.982529	0.121768	-0.00874949	0.99252	0.184637	-0.0233426	0.98253	0.121768	-0.00874949	0.99252	10.6429	-1.33756	6.99443	-0.501315	10.6429	-1.33756	6.99443	-0.501315	241.998	83.2986	268.623	89.3439	1350.06	464.706	1498.59	498.432	1436.8	465.495	1	1	1
"
 tid_12848_time_13:59:17:438 DPETW@ "GAZE_LOG_CALI: 655.873	522.161	653.311	527.602	925.692	508.267	922.085	513.928	306.34	512.693	304.349	518.305	574.007	501.009	571.11	506.669	
39.2158	3.21031	308.195	-10.4712	-371.46	13.5769	-104.43	1.93193	41.7772	-2.23074	311.808	-16.1356	-369.466	7.96089	-101.533	-3.72876	9.38157	-0.0861982	-610.147	73.6973	-2.86512	-610.476	9.17699	-0.0873111	-617.945	74.3196	-2.90198	-618.251	10.0453	-1.41812	-613.261	74.9138	-4.24183	-613.361	0.175554	-0.269063	0.946988	0.116402	-0.262472	0.957893	0.175554	-0.0147959	0.984359	0.116402	-0.00560726	0.993186	0.175554	-0.0147959	0.984359	0.116402	-0.00560726	0.993186	10.112	-0.847776	6.68462	-0.321274	10.112	-0.847776	6.68462	-0.321274	236.27	88.3626	265.36	91.0934	1318.11	492.957	1480.39	508.192	1407.71	489.406	1	1	1
"
 tid_12848_time_13:59:17:460 DPETW@ "GAZE_LOG_CALI: 655.513	521.884	652.962	527.407	925.362	507.915	921.741	513.627	305.93	512.452	303.954	517.976	573.694	500.688	570.766	506.418	
38.8666	3.01462	307.849	-10.772	-371.856	13.2484	-104.774	1.68038	41.4173	-2.50766	311.477	-16.4882	-369.876	7.72024	-101.845	-4.05029	9.29745	-0.149536	-610.071	73.6149	-2.93172	-610.476	9.09176	-0.151467	-617.869	74.2361	-2.96945	-618.251	9.95755	-1.48076	-613.185	74.8375	-4.32356	-613.384	0.17509	-0.268823	0.947142	0.118203	-0.266147	0.956658	0.17509	-0.0145248	0.984445	0.118203	-0.00947732	0.992944	0.17509	-0.0145248	0.984445	0.118203	-0.00947732	0.992944	10.085	-0.832239	6.78869	-0.543018	10.085	-0.832239	6.78869	-0.543018	235.882	88.4847	266.358	88.7341	1315.94	493.638	1485.96	495.03	1410.11	482.166	1	1	1
"
 tid_12848_time_13:59:17:483 DPETW@ "GAZE_LOG_CALI: 655.037	521.727	652.497	527.331	925.069	507.635	921.447	513.385	305.503	512.363	303.546	517.778	573.396	500.429	570.551	506.246	
38.402	2.93912	307.555	-11.0148	-372.265	13.0498	-104.989	1.50816	40.942	-2.6652	311.184	-16.7686	-370.304	7.63059	-102.144	-4.30864	9.18781	-0.182846	-610.149	73.5586	-2.98221	-610.591	8.98074	-0.185207	-617.946	74.179	-3.02058	-618.366	9.84466	-1.51106	-613.248	74.7663	-4.38877	-613.38	0.17427	-0.267452	0.947681	0.112857	-0.262917	0.958195	0.17427	-0.0130608	0.984611	0.112857	-0.00595924	0.993593	0.17427	-0.0130608	0.984611	0.112857	-0.00595924	0.993593	10.0371	-0.748351	6.48017	-0.341441	10.0371	-0.748351	6.48017	-0.341441	235.275	89.3079	263.101	90.7415	1312.55	498.231	1467.79	506.229	1397.73	492.072	1	1	1
"
 tid_12848_time_13:59:17:505 DPETW@ "GAZE_LOG_CALI: 654.715	521.845	652.233	527.399	924.858	507.749	921.263	513.511	305.058	512.471	303.28	517.951	573.222	500.505	570.303	506.331	
38.1377	3.00748	307.371	-10.8878	-372.531	13.2231	-105.237	1.59295	40.6198	-2.5466	310.972	-16.6543	-370.75	7.73932	-102.317	-4.23249	9.12433	-0.154075	-610.144	73.5025	-2.95661	-610.49	8.91644	-0.156064	-617.941	74.1223	-2.99466	-618.265	9.76396	-1.48374	-613.063	74.7217	-4.36631	-613.429	0.165342	-0.259015	0.951616	0.118389	-0.27092	0.955294	0.165342	-0.00389279	0.986229	0.118389	-0.0144406	0.992862	0.165342	-0.00389279	0.986229	0.118389	-0.0144406	0.992862	9.51716	-0.223041	6.79982	-0.827411	9.51716	-0.223041	6.79982	-0.827411	229.71	94.8237	266.361	85.7643	1281.51	529.002	1485.97	478.462	1390.66	494.326	1	1	1
"
 tid_12848_time_13:59:17:527 DPETW@ "GAZE_LOG_CALI: 654.726	522.048	652.184	527.575	924.893	507.946	921.282	513.638	304.95	512.596	303.134	518.19	573.116	500.681	570.289	506.442	
38.0881	3.1832	307.39	-10.7616	-372.678	13.4628	-105.251	1.70401	40.6302	-2.34445	311.008	-16.4569	-370.858	7.86442	-102.424	-4.05697	9.10987	-0.104403	-610.001	73.5013	-2.92796	-610.446	8.90174	-0.105751	-617.799	74.1211	-2.96564	-618.221	9.76402	-1.4441	-612.879	74.7046	-4.3201	-613.222	0.166769	-0.258845	0.951413	0.111953	-0.259893	0.959126	0.166769	-0.00378165	0.985989	0.111953	-0.00279714	0.99371	0.166769	-0.00378165	0.985989	0.111953	-0.00279714	0.99371	9.60008	-0.216673	6.42795	-0.160265	9.60008	-0.216673	6.42795	-0.160265	230.551	94.9755	262.486	92.7054	1286.2	529.849	1464.35	517.185	1379.88	517.347	1	1	1
"
 tid_12848_time_13:59:17:550 DPETW@ "GAZE_LOG_CALI: 654.78	522.258	652.199	527.691	925.024	508.113	921.471	513.85	304.978	512.802	303.146	518.366	573.167	500.887	570.323	506.655	
38.1031	3.29893	307.579	-10.5491	-372.666	13.6383	-105.218	1.91768	40.6848	-2.13363	311.139	-16.29	-370.83	8.07069	-102.373	-3.85094	9.11351	-0.0694567	-609.992	73.5184	-2.87581	-610.213	8.90542	-0.0703536	-617.79	74.1387	-2.91283	-617.988	9.77662	-1.39375	-612.836	74.7211	-4.27428	-613.098	0.167511	-0.254459	0.952466	0.113991	-0.266459	0.957082	0.167511	0.000728056	0.98587	0.113991	-0.00966834	0.993435	0.167511	0.000728056	0.98587	0.113991	-0.00966834	0.993435	9.64313	0.0417145	6.54573	-0.553963	9.64313	0.0417145	6.54573	-0.553963	231.009	97.7045	263.704	88.749	1288.75	545.074	1471.15	495.113	1385.19	513.109	1	1	1
"
 tid_12848_time_13:59:17:572 DPETW@ "GAZE_LOG_CALI: 654.839	522.556	652.342	528.041	925.269	508.381	921.65	514.099	305.028	513.063	303.243	518.536	573.354	501.125	570.47	506.856	
38.2465	3.64946	307.759	-10.2997	-372.568	13.8091	-105.07	2.11862	40.744	-1.83645	311.385	-16.022	-370.78	8.33125	-102.186	-3.61264	9.14708	-0.00695921	-609.919	73.5555	-2.82146	-610.163	8.9394	-0.00704909	-617.717	74.1763	-2.85779	-617.938	9.79051	-1.3265	-612.82	74.7695	-4.21253	-613.011	0.165525	-0.256608	0.952236	0.115315	-0.263334	0.957788	0.165525	-0.00140703	0.986205	0.115315	-0.00646761	0.993308	0.165525	-0.00140703	0.986205	0.115315	-0.00646761	0.993308	9.52773	-0.0806168	6.62191	-0.370569	9.52773	-0.0806168	6.62191	-0.370569	229.815	96.5101	264.53	90.7096	1282.09	538.41	1475.76	506.051	1383.91	515.597	1	1	1
"
 tid_12848_time_13:59:17:595 DPETW@ "GAZE_LOG_CALI: 654.969	522.85	652.474	528.419	925.454	508.722	921.95	514.423	305.012	513.464	303.299	518.884	573.523	501.443	570.612	507.246	
38.3783	4.02696	308.059	-9.976	-372.513	14.1573	-104.928	2.50851	40.8741	-1.54165	311.57	-15.681	-370.796	8.7328	-102.017	-3.29539	9.17723	0.0800165	-609.796	73.5985	-2.73475	-609.924	8.9699	0.0810502	-617.593	74.2201	-2.76997	-617.699	9.81757	-1.24226	-612.611	74.8107	-4.13288	-612.983	0.162259	-0.253306	0.953681	0.119465	-0.275643	0.953808	0.162259	0.002156	0.986746	0.119465	-0.0193876	0.992649	0.162259	0.002156	0.986746	0.119465	-0.0193876	0.992649	9.33805	0.12353	6.86253	-1.1109	9.33805	0.12353	6.86253	-1.1109	227.827	98.7528	267.053	83.2034	1271	550.922	1489.84	464.175	1386.75	498.926	1	1	1
"
 tid_12848_time_13:59:17:617 DPETW@ "GAZE_LOG_CALI: 655.085	523.303	652.596	528.761	925.685	509.111	922.151	514.833	305.117	513.83	303.319	519.363	573.631	501.837	570.727	507.604	
38.5002	4.36938	308.261	-9.56589	-372.492	14.6359	-104.814	2.86626	40.9896	-1.0887	311.801	-15.2913	-370.691	9.09952	-101.908	-2.90067	9.20356	0.178392	-609.648	73.6308	-2.6421	-609.794	8.99652	0.180697	-617.445	74.2529	-2.67613	-617.569	9.84541	-1.14345	-612.585	74.8438	-4.03715	-612.801	0.166187	-0.259227	0.951411	0.118346	-0.272581	0.954827	0.166187	-0.00415094	0.986086	0.118346	-0.0161655	0.992841	0.166187	-0.00415094	0.986085	0.118346	-0.0161655	0.992841	9.56629	-0.237832	6.79757	-0.926253	9.56629	-0.237832	6.79757	-0.926253	230.243	95.1245	266.398	85.2395	1284.48	530.681	1486.18	475.534	1392.43	493.483	1	1	1
"
 tid_12848_time_13:59:17:639 DPETW@ "GAZE_LOG_CALI: 655.192	523.541	652.747	529.026	925.84	509.378	922.334	515.113	305.179	514.06	303.395	519.57	573.757	502.103	570.848	507.869	
38.652	4.63397	308.444	-9.28519	-372.416	14.8437	-104.692	3.13184	41.0964	-0.85133	311.957	-15.024	-370.629	9.32882	-101.782	-2.63476	9.23806	0.234953	-609.535	73.6634	-2.57616	-609.702	9.03142	0.237989	-617.332	74.2861	-2.60935	-617.477	9.86996	-1.08711	-612.516	74.8758	-3.97254	-612.759	0.165581	-0.261657	0.950852	0.119211	-0.275563	0.953863	0.165581	-0.00664237	0.986174	0.119211	-0.0192952	0.992681	0.165581	-0.00664237	0.986174	0.119211	-0.0192952	0.992681	9.53122	-0.380583	6.84786	-1.1056	9.53122	-0.380583	6.84786	-1.1056	229.892	93.7235	266.946	83.4743	1282.52	522.865	1489.24	465.686	1393.78	483.412	1	1	1
"
 tid_12848_time_13:59:17:662 DPETW@ "GAZE_LOG_CALI: 655.643	523.857	652.995	529.382	926.074	509.713	922.332	515.482	305.43	514.461	303.527	519.954	574.041	502.462	570.987	508.297	
38.8993	4.98987	308.442	-8.91562	-372.284	15.2274	-104.553	3.55991	41.5481	-0.534675	312.191	-14.6892	-370.377	9.73011	-101.498	-2.27606	9.2944	0.323542	-609.361	73.6875	-2.48112	-609.904	9.08843	0.327725	-617.159	74.3103	-2.51308	-617.679	9.97321	-1.00005	-612.225	74.9409	-3.88913	-612.831	0.170644	-0.256085	0.951473	0.12417	-0.270958	0.954549	0.170644	-0.00109999	0.985332	0.12417	-0.0146701	0.992153	0.170644	-0.00109999	0.985332	0.12417	-0.0146701	0.992153	9.82529	-0.0630247	7.13357	-0.840566	9.82529	-0.0630247	7.13357	-0.840566	233.031	97.161	269.972	86.2456	1300.03	542.042	1506.12	481.147	1410.91	501.548	1	1	1
"
 tid_12848_time_13:59:17:685 DPETW@ "GAZE_LOG_CALI: 655.193	524.121	652.674	529.623	925.846	509.874	922.199	515.596	305.252	514.692	303.314	520.276	573.759	502.623	570.727	508.428	
38.5788	5.23096	308.309	-8.80213	-372.497	15.5501	-104.813	3.69017	41.0971	-0.271366	311.962	-14.528	-370.556	9.9613	-101.781	-2.11489	9.22018	0.391081	-609.515	73.6325	-2.45147	-609.713	9.0133	0.396135	-617.312	74.2548	-2.48305	-617.488	9.87185	-0.94113	-612.616	74.8755	-3.85006	-612.743	0.173161	-0.269713	0.947244	0.124717	-0.274678	0.953414	0.173161	-0.0153582	0.984774	0.124717	-0.0185568	0.992019	0.173161	-0.0153582	0.984774	0.124717	-0.0185568	0.992019	9.97282	-0.879992	7.16565	-1.06329	9.97282	-0.879992	7.16565	-1.06329	234.546	88.6684	270.229	84.0227	1308.48	494.663	1507.55	468.746	1418.93	467.129	1	1	1
"
 tid_12848_time_13:59:17:706 DPETW@ "GAZE_LOG_CALI: 655.088	524.206	652.455	529.669	925.649	509.931	922.06	515.644	305.033	514.797	303.197	520.336	573.616	502.682	570.607	508.439	
38.3594	5.27729	308.17	-8.75412	-372.615	15.6104	-104.933	3.70198	40.9922	-0.186404	311.765	-14.4707	-370.775	10.0667	-101.923	-2.05598	9.17	0.403921	-609.665	73.6025	-2.44452	-609.739	8.96252	0.40914	-617.462	74.2244	-2.47601	-617.514	9.8437	-0.918244	-612.446	74.8377	-3.83665	-612.819	0.167442	-0.25223	0.95307	0.12451	-0.276229	0.952993	0.167442	0.00303736	0.985877	0.12451	-0.0201642	0.992014	0.167442	0.00303736	0.985877	0.12451	-0.0201642	0.992014	9.63917	0.174028	7.15389	-1.1554	9.63917	0.174028	7.15389	-1.1554	230.992	99.6309	270.079	83.0697	1288.66	555.821	1506.72	463.43	1405.23	499.792	1	1	1
"
 tid_12848_time_13:59:17:729 DPETW@ "GAZE_LOG_CALI: 654.912	524.233	652.317	529.662	925.403	509.899	921.728	515.589	305.009	514.774	303.046	520.394	573.418	502.64	570.478	508.415	
38.2217	5.26966	307.837	-8.80841	-372.766	15.6684	-105.062	3.67805	40.8162	-0.159121	311.518	-14.5033	-370.799	10.0442	-102.122	-2.09798	9.13611	0.409815	-609.653	73.5596	-2.45509	-610.045	8.92819	0.415111	-617.45	74.1805	-2.4867	-617.82	9.80491	-0.917938	-612.673	74.7871	-3.84626	-612.894	0.17409	-0.264705	0.948485	0.117873	-0.264194	0.95724	0.17409	-0.0101994	0.984677	0.117873	-0.00743966	0.993001	0.17409	-0.0101994	0.984677	0.117873	-0.00743966	0.993001	10.0262	-0.584391	6.76955	-0.426265	10.0262	-0.584391	6.76955	-0.426265	235.051	91.7312	266.069	90.5218	1311.3	511.75	1484.34	505.003	1405.49	498.369	1	1	1
"
 tid_12848_time_13:59:17:751 DPETW@ "GAZE_LOG_CALI: 654.894	524.204	652.204	529.655	925.306	509.864	921.612	515.517	304.94	514.77	303.04	520.36	573.378	502.531	570.436	508.384	
38.1083	5.26282	307.721	-8.88115	-372.772	15.6343	-105.104	3.6468	40.7982	-0.188357	311.421	-14.5379	-370.868	10.0402	-102.162	-2.20672	9.11165	0.405074	-609.808	73.5448	-2.46795	-610.149	8.90348	0.410307	-617.606	74.1655	-2.49972	-617.924	9.79974	-0.921911	-612.592	74.7741	-3.86408	-612.977	0.170232	-0.253034	0.952363	0.117774	-0.264021	0.957299	0.170232	0.00207727	0.985402	0.117774	-0.00725731	0.993014	0.170232	0.00207727	0.985402	0.117774	-0.00725731	0.993014	9.80135	0.119019	6.76384	-0.415817	9.80135	0.119019	6.76384	-0.415817	232.671	99.0226	266.005	90.5898	1298.03	552.427	1483.99	505.383	1396.36	522.068	1	1	1
"
 tid_12848_time_13:59:17:773 DPETW@ "GAZE_LOG_CALI: 654.954	524.053	652.288	529.604	925.38	509.613	921.611	515.409	305.105	514.635	303.177	520.224	573.51	502.373	570.506	508.219	
38.1922	5.21155	307.72	-8.98858	-372.635	15.4979	-105.034	3.482	40.8587	-0.339482	311.495	-14.7889	-370.703	9.90456	-102.03	-2.36454	9.13361	0.382753	-609.88	73.5578	-2.50097	-610.261	8.92575	0.387697	-617.677	74.1785	-2.53316	-618.037	9.81635	-0.956454	-612.757	74.8029	-3.91371	-613.068	0.172007	-0.259604	0.950273	0.120182	-0.265749	0.956522	0.172007	-0.00480945	0.985084	0.120182	-0.00912806	0.99271	0.172007	-0.00480945	0.985084	0.120182	-0.00912806	0.99271	9.90464	-0.275562	6.9029	-0.523007	9.90464	-0.275562	6.9029	-0.523007	233.798	94.8672	267.479	89.4177	1304.31	529.245	1492.21	498.843	1405.47	504.733	1	1	1
"
 tid_12848_time_13:59:17:796 DPETW@ "GAZE_LOG_CALI: 655.142	523.652	652.47	529.338	925.485	509.175	921.835	514.946	305.298	514.245	303.436	519.755	573.723	501.909	570.705	507.732	
38.3746	4.94629	307.944	-9.45215	-372.375	15.0282	-104.836	2.99456	41.0471	-0.739573	311.6	-15.2272	-370.509	9.51474	-101.817	-2.8285	9.17894	0.294927	-610.004	73.6076	-2.61475	-610.229	8.9717	0.298736	-617.802	74.229	-2.64841	-618.005	9.86175	-1.05143	-612.772	74.8483	-4.02323	-613.229	0.168468	-0.255559	0.952002	0.123654	-0.274527	0.953596	0.168468	-0.00045456	0.985707	0.123654	-0.0183643	0.992155	0.168468	-0.00045456	0.985707	0.123654	-0.0183643	0.992155	9.69879	-0.0260444	7.10424	-1.05226	9.69879	-0.0260444	7.10424	-1.05226	231.682	97.3517	269.62	83.8363	1292.51	543.106	1504.16	467.706	1406.3	494.963	1	1	1
"
 tid_12848_time_13:59:17:818 DPETW@ "GAZE_LOG_CALI: 655.279	523.415	652.66	528.871	925.663	508.865	922.061	514.603	305.481	513.92	303.566	519.497	573.908	501.608	570.963	507.445	
38.5646	4.47942	308.171	-9.79602	-372.245	14.7709	-104.577	2.70722	41.1841	-0.977064	311.779	-15.5372	-370.326	9.18936	-101.631	-3.1296	9.22276	0.208239	-609.924	73.6682	-2.69039	-610.281	9.01606	0.210928	-617.721	74.2903	-2.72502	-618.056	9.89584	-1.11919	-612.846	74.8932	-4.09682	-613.248	0.171506	-0.259295	0.950448	0.119705	-0.27236	0.95472	0.171506	-0.00446598	0.985173	0.119705	-0.0159798	0.992681	0.171506	-0.00446598	0.985173	0.119705	-0.0159798	0.992681	9.8755	-0.255883	6.87597	-0.915612	9.8755	-0.255883	6.87597	-0.915612	233.579	94.8905	267.306	85.1671	1303.09	529.375	1491.25	475.13	1405.31	491.491	1	1	1
"
 tid_12848_time_13:59:17:840 DPETW@ "GAZE_LOG_CALI: 655.328	523.248	652.734	528.773	925.784	508.724	922.14	514.526	305.736	513.812	303.67	519.403	574.055	501.462	571.116	507.315	
38.6388	4.38091	308.25	-9.87273	-372.14	14.6762	-104.424	2.57751	41.2325	-1.144	311.9	-15.6788	-370.07	9.08118	-101.485	-3.27567	9.24117	0.185217	-609.972	73.7009	-2.71549	-610.398	9.03472	0.187609	-617.77	74.3233	-2.75044	-618.173	9.91265	-1.15248	-613.154	74.9275	-4.13165	-613.293	0.179674	-0.274258	0.944722	0.118283	-0.270415	0.95545	0.179674	-0.0204003	0.983515	0.118283	-0.0139125	0.992882	0.179674	-0.0204003	0.983515	0.118283	-0.0139125	0.992882	10.3529	-1.16893	6.79366	-0.797152	10.3529	-1.16893	6.79366	-0.797152	238.667	85.3126	266.495	86.3377	1331.48	475.942	1486.72	481.661	1420.37	463.708	1	1	1
"
 tid_12848_time_13:59:17:862 DPETW@ "GAZE_LOG_CALI: 655.244	523.317	652.694	528.804	925.732	508.688	922.116	514.461	305.68	513.856	303.61	519.45	574.017	501.441	571.054	507.307	
38.5989	4.4118	308.225	-9.93723	-372.201	14.723	-104.486	2.56906	41.1484	-1.07497	311.849	-15.7145	-370.127	9.12485	-101.523	-3.29654	9.23119	0.194452	-609.94	73.6883	-2.72406	-610.342	9.0246	0.196964	-617.737	74.3107	-2.75912	-618.117	9.8934	-1.13901	-613.189	74.9175	-4.13862	-613.313	0.180272	-0.277208	0.943746	0.120532	-0.274	0.954147	0.180272	-0.0235033	0.983336	0.120532	-0.0177124	0.992551	0.180272	-0.0235033	0.983336	0.120532	-0.0177124	0.992551	10.3885	-1.34676	6.92391	-1.0149	10.3885	-1.34676	6.92391	-1.0149	239.029	83.4708	267.832	84.0896	1333.5	465.667	1494.18	469.119	1426.59	450.178	1	1	1
"
 tid_12848_time_13:59:17:886 DPETW@ "GAZE_LOG_CALI: 655.161	523.519	652.518	529.001	925.597	508.796	921.964	514.55	305.482	514.038	303.49	519.59	573.774	501.546	570.818	507.397	
38.4226	4.60894	308.073	-9.84854	-372.322	14.8634	-104.722	2.65961	41.0651	-0.872815	311.713	-15.6071	-370.325	9.30676	-101.765	-3.1915	9.1904	0.234854	-610.017	73.6366	-2.7023	-610.218	8.98331	0.237887	-617.815	74.2583	-2.73708	-617.993	9.87062	-1.0927	-613.014	74.8649	-4.11222	-613.146	0.175361	-0.262967	0.948734	0.119528	-0.270965	0.955139	0.175361	-0.00845659	0.984468	0.119528	-0.0145235	0.992725	0.175361	-0.00845659	0.984468	0.119528	-0.0145235	0.992725	10.1001	-0.484533	6.86558	-0.832162	10.1001	-0.484533	6.86558	-0.832162	235.943	92.5034	267.158	86.0363	1316.28	516.058	1490.42	479.979	1412.4	486.144	1	1	1
"
 tid_12848_time_13:59:17:910 DPETW@ "GAZE_LOG_CALI: 654.977	523.73	652.372	529.346	925.348	509	921.699	514.709	305.186	514.328	303.323	519.847	573.603	501.69	570.597	507.584	
38.2768	4.95422	307.808	-9.68906	-372.489	15.1205	-104.943	2.84673	40.8812	-0.661813	311.463	-15.4025	-370.621	9.59751	-101.936	-3.04808	9.15575	0.306839	-609.969	73.5804	-2.66115	-610.276	8.9482	0.310801	-617.766	74.2014	-2.6954	-618.051	9.82341	-1.03229	-612.846	74.8187	-4.07114	-613.258	0.169124	-0.259535	0.950809	0.12284	-0.273768	0.953919	0.169124	-0.00460424	0.985584	0.12284	-0.0175476	0.992271	0.169124	-0.00460423	0.985584	0.12284	-0.0175476	0.992271	9.73697	-0.263804	7.0571	-1.00545	9.73697	-0.263804	7.0571	-1.00545	232.057	94.8936	269.105	84.2637	1294.6	529.392	1501.28	470.09	1406.37	488.575	1	1	1
"
 tid_12848_time_13:59:17:934 DPETW@ "GAZE_LOG_CALI: 654.616	524.249	652.057	529.714	925.038	509.339	921.42	515.087	304.861	514.777	302.864	520.366	573.228	502.077	570.296	507.873	
37.9611	5.3219	307.528	-9.31148	-372.949	15.6401	-105.244	3.13517	40.5208	-0.142641	311.153	-15.0637	-370.947	10.0472	-102.312	-2.66122	9.07647	0.412601	-609.753	73.5087	-2.58141	-610.232	8.86782	0.417931	-617.55	74.1288	-2.61464	-618.007	9.73792	-0.915951	-612.883	74.7311	-3.98335	-613.148	0.176434	-0.270477	0.946421	0.118467	-0.26921	0.955767	0.176434	-0.0163091	0.984177	0.118467	-0.0126663	0.992877	0.176434	-0.0163091	0.984177	0.118467	-0.0126663	0.992877	10.1635	-0.934485	6.80419	-0.725744	10.1635	-0.934485	6.80419	-0.725744	236.462	88.05	266.395	87.2518	1319.18	491.213	1486.16	486.76	1412.45	475.923	1	1	1
"
 tid_12848_time_13:59:17:957 DPETW@ "GAZE_LOG_CALI: 654.223	524.858	651.662	530.401	924.759	509.87	921.161	515.58	304.554	515.402	302.526	520.942	572.948	502.601	570.025	508.441	
37.5669	6.00916	307.268	-8.81773	-373.288	16.2161	-105.516	3.70366	40.1277	0.465521	310.873	-14.5322	-371.255	10.6721	-102.591	-2.13686	8.98324	0.563739	-609.827	73.4434	-2.45413	-610.205	8.77342	0.571021	-617.624	74.0627	-2.48572	-617.981	9.64502	-0.76778	-613.003	74.6631	-3.85633	-613.143	0.178287	-0.273854	0.945102	0.118559	-0.270673	0.955343	0.178287	-0.0199122	0.983777	0.118559	-0.0141891	0.992846	0.178287	-0.0199122	0.983777	0.118559	-0.0141891	0.992846	10.2721	-1.14096	6.80964	-0.813001	10.2721	-1.14096	6.80964	-0.813001	237.54	86.0169	266.386	86.4806	1325.19	479.871	1486.12	482.458	1416.4	466.723	1	1	1
"
 tid_12848_time_13:59:17:979 DPETW@ "GAZE_LOG_CALI: 654.222	525.216	651.631	530.707	924.771	510.162	921.133	515.899	304.302	515.746	302.496	521.301	572.908	502.908	569.989	508.68	
37.5354	6.31538	307.241	-8.49904	-373.317	16.5759	-105.552	3.94227	40.1268	0.823497	310.885	-14.2401	-371.507	11.017	-102.632	-1.82956	8.97575	0.643568	-609.825	73.435	-2.3873	-610.191	8.76583	0.651881	-617.622	74.0542	-2.41803	-617.966	9.63923	-0.683094	-612.62	74.656	-3.78367	-613.063	0.166361	-0.25428	0.952715	0.11743	-0.266466	0.956664	0.166361	0.000965029	0.986064	0.11743	-0.00978306	0.993033	0.166361	0.000965029	0.986064	0.11743	-0.00978306	0.993033	9.57631	0.0552921	6.74415	-0.560537	9.57631	0.0552921	6.74415	-0.560537	230.168	98.587	265.697	89.1612	1284.06	549.997	1482.27	497.412	1388.34	516.897	1	1	1
"
 tid_12848_time_13:59:18:2 DPETW@ "GAZE_LOG_CALI: 654.37	525.268	651.852	530.797	924.921	510.33	921.266	516.046	304.518	515.771	302.621	521.396	573.126	502.987	570.198	508.803	
37.7562	6.40492	307.374	-8.35204	-373.192	16.6711	-105.342	4.06575	40.2746	0.875988	311.036	-14.0718	-371.291	11.0412	-102.414	-1.75082	9.02614	0.665622	-609.687	73.4805	-2.35504	-610.304	8.81682	0.674222	-617.484	74.1002	-2.38535	-618.079	9.67607	-0.673719	-612.726	74.7046	-3.75428	-613.164	0.171192	-0.268556	0.94793	0.117638	-0.26645	0.956643	0.171192	-0.0140624	0.985137	0.117638	-0.00977331	0.993008	0.171192	-0.0140624	0.985137	0.117638	-0.00977331	0.993008	9.85813	-0.805743	6.75613	-0.559979	9.85813	-0.805743	6.75613	-0.559979	233.177	89.6664	265.881	89.168	1300.85	500.231	1483.3	497.451	1400.09	488.064	1	1	1
"
 tid_12848_time_13:59:18:24 DPETW@ "GAZE_LOG_CALI: 654.545	525.322	652.099	530.759	925.173	510.355	921.522	516.05	304.822	515.848	302.877	521.403	573.324	503.076	570.41	508.847	
38.0036	6.36671	307.63	-8.34752	-372.936	16.6777	-105.13	4.10915	40.4497	0.929517	311.288	-14.0465	-370.986	11.1184	-102.215	-1.66161	9.08534	0.662127	-609.704	73.5341	-2.34886	-610.242	8.87679	0.670682	-617.501	74.1546	-2.3791	-618.017	9.72137	-0.657783	-612.918	74.7557	-3.73985	-613.091	0.174272	-0.27412	0.945774	0.116814	-0.264421	0.957307	0.174272	-0.0199951	0.984495	0.116814	-0.00764135	0.993124	0.174272	-0.0199951	0.984494	0.116814	-0.00764135	0.993124	10.0383	-1.14571	6.70846	-0.437821	10.0383	-1.14571	6.70846	-0.437821	235.148	86.1058	265.432	90.4543	1311.84	480.367	1480.79	504.627	1405.24	480.482	1	1	1
"
 tid_12848_time_13:59:18:47 DPETW@ "GAZE_LOG_CALI: 654.976	525.239	652.378	530.697	925.423	510.233	921.82	515.998	305.07	515.83	303.226	521.364	573.678	502.95	570.64	508.795	
38.2822	6.30501	307.928	-8.39951	-372.586	16.6392	-104.9	4.05784	40.8809	0.846813	311.538	-14.1686	-370.738	11.101	-101.862	-1.78823	9.15384	0.650638	-609.809	73.5937	-2.3607	-610.144	8.94621	0.659043	-617.607	74.215	-2.39109	-617.92	9.81985	-0.669415	-612.661	74.8352	-3.77037	-613.248	0.168173	-0.255722	0.95201	0.126313	-0.280908	0.951386	0.168173	-0.000610545	0.985757	0.126313	-0.0250995	0.991673	0.168173	-0.000610545	0.985757	0.126313	-0.0250995	0.991673	9.68161	-0.0349817	7.2589	-1.43825	9.68161	-0.0349817	7.2589	-1.43825	231.459	97.6571	271.217	80.1069	1291.26	544.81	1513.07	446.9	1411.3	483.789	1	1	1
"
 tid_12848_time_13:59:18:69 DPETW@ "GAZE_LOG_CALI: 655.18	525.201	652.572	530.679	925.696	510.209	922.092	515.88	305.381	515.702	303.491	521.285	573.952	502.882	571.087	508.629	
38.4761	6.28743	308.201	-8.51758	-372.32	16.5593	-104.453	3.89184	41.0848	0.808605	311.812	-14.1927	-370.426	10.9727	-101.587	-1.85593	9.20187	0.639346	-609.92	73.6908	-2.39526	-610.408	8.9949	0.647603	-617.717	74.3131	-2.42609	-618.183	9.87234	-0.689297	-612.812	74.9013	-3.78119	-613.247	0.170083	-0.259142	0.950746	0.114154	-0.263004	0.958018	0.170083	-0.00424097	0.985421	0.114154	-0.00608869	0.993445	0.170083	-0.00424098	0.985421	0.114154	-0.00608869	0.993444	9.79272	-0.242991	6.55493	-0.348858	9.79272	-0.242991	6.55493	-0.348858	232.701	95.4481	264.01	91.2859	1298.19	532.486	1472.86	509.266	1391.12	513.519	1	1	1
"
 tid_12848_time_13:59:18:91 DPETW@ "GAZE_LOG_CALI: 655.356	525.171	652.809	530.674	925.87	510.22	922.249	515.888	305.501	515.699	303.663	521.302	574.134	502.92	571.245	508.642	
38.7137	6.28182	308.358	-8.50983	-372.147	16.5771	-104.296	3.90475	41.2602	0.779002	311.987	-14.1818	-370.306	10.9699	-101.406	-1.81765	9.25707	0.640844	-609.826	73.7288	-2.39265	-610.414	9.05077	0.649122	-617.624	74.3515	-2.42344	-618.189	9.91282	-0.693033	-612.737	74.9449	-3.77518	-613.265	0.167686	-0.261078	0.950642	0.115439	-0.262965	0.957874	0.167686	-0.00613731	0.985821	0.115439	-0.00608882	0.993296	0.167686	-0.00613731	0.985821	0.115439	-0.00608882	0.993296	9.6535	-0.351644	6.62907	-0.348866	9.6535	-0.351644	6.62907	-0.348866	231.269	94.3427	264.821	91.2863	1290.2	526.319	1477.38	509.268	1389.52	510.198	1	1	1
"
 tid_12848_time_13:59:18:114 DPETW@ "GAZE_LOG_CALI: 655.363	525.247	652.887	530.691	925.915	510.281	922.312	515.976	305.724	515.708	303.723	521.282	574.22	503.011	571.276	508.706	
38.7913	6.29921	308.422	-8.42188	-372.088	16.5564	-104.264	3.96857	41.2678	0.854748	312.032	-14.1204	-370.083	10.9785	-101.32	-1.72661	9.27503	0.640452	-609.804	73.7383	-2.37427	-610.37	9.06896	0.648725	-617.601	74.3612	-2.40482	-618.145	9.91975	-0.682876	-613.059	74.9631	-3.75703	-613.326	0.176929	-0.27692	0.944464	0.119393	-0.268215	0.955932	0.176929	-0.0230387	0.983954	0.119393	-0.0116628	0.992779	0.176929	-0.0230387	0.983954	0.119393	-0.0116628	0.992779	10.1937	-1.32014	6.85755	-0.668242	10.1937	-1.32014	6.85755	-0.668242	237.003	84.2295	267.206	88.0104	1322.19	469.9	1490.69	490.993	1417.32	465.83	1	1	1
"
 tid_12848_time_13:59:18:136 DPETW@ "GAZE_LOG_CALI: 655.352	525.263	652.86	530.685	925.859	510.342	922.298	516.028	305.751	515.726	303.74	521.287	574.242	503.033	571.285	508.792	
38.7641	6.29311	308.408	-8.3699	-372.071	16.5613	-104.255	4.05482	41.2565	0.870739	311.976	-14.0596	-370.056	10.9969	-101.297	-1.70437	9.26981	0.640422	-609.865	73.7389	-2.35776	-610.4	9.0637	0.648694	-617.662	74.3618	-2.3881	-618.175	9.91837	-0.678736	-613.11	74.9639	-3.74766	-613.441	0.177406	-0.275537	0.944778	0.121348	-0.274016	0.954039	0.177406	-0.0216218	0.9839	0.121348	-0.0177555	0.992451	0.177406	-0.0216218	0.9839	0.121348	-0.0177555	0.992451	10.2211	-1.23893	6.97099	-1.01737	10.2211	-1.23893	6.97099	-1.01737	237.3	85.0594	268.392	84.4036	1323.85	474.529	1497.31	470.871	1422.54	456.577	1	1	1
"
 tid_12848_time_13:59:18:159 DPETW@ "GAZE_LOG_CALI: 655.268	525.211	652.685	530.659	925.759	510.423	922.161	516.113	305.672	515.716	303.649	521.291	574.18	503.117	571.247	508.86	
38.5895	6.26729	308.27	-8.28433	-372.162	16.5657	-104.294	4.12285	41.1724	0.818554	311.875	-13.9783	-370.135	10.9862	-101.359	-1.6209	9.22964	0.637975	-609.992	73.7235	-2.33985	-610.544	9.02305	0.646213	-617.789	74.3461	-2.36996	-618.319	9.89783	-0.686388	-613.123	74.9463	-3.72816	-613.495	0.177409	-0.270258	0.946302	0.118917	-0.269066	0.955752	0.177409	-0.016128	0.984005	0.118917	-0.0125309	0.992825	0.177409	-0.016128	0.984005	0.118917	-0.0125309	0.992825	10.2202	-0.924109	6.83016	-0.717985	10.2202	-0.924109	6.83016	-0.717985	237.271	88.3105	266.926	87.4826	1323.69	492.666	1489.13	488.048	1416.4	477.154	1	1	1
"
 tid_12848_time_13:59:18:182 DPETW@ "GAZE_LOG_CALI: 655.17	525.222	652.496	530.655	925.599	510.486	922.004	516.136	305.531	515.731	303.524	521.314	574.013	503.114	571.063	508.936	
38.401	6.26302	308.113	-8.26185	-372.287	16.5883	-104.477	4.19896	41.0743	0.829662	311.715	-13.9152	-370.276	11.0012	-101.527	-1.62343	9.18624	0.640208	-610.08	73.6809	-2.32804	-610.502	8.97912	0.648474	-617.878	74.3029	-2.35799	-618.277	9.87352	-0.683331	-613.055	74.9065	-3.72099	-613.485	0.175962	-0.262015	0.948886	0.120279	-0.271608	0.954862	0.175962	-0.00749753	0.984368	0.120279	-0.0152169	0.992624	0.175962	-0.00749753	0.984368	0.120279	-0.0152169	0.992623	10.1349	-0.429581	6.90901	-0.871896	10.1349	-0.429581	6.90901	-0.871896	236.338	93.4556	267.701	85.9113	1318.48	521.37	1493.45	479.282	1415.04	488.534	1	1	1
"
 tid_12848_time_13:59:18:204 DPETW@ "GAZE_LOG_CALI: 655.092	525.247	652.403	530.643	925.491	510.425	921.814	516.179	305.253	515.767	303.402	521.34	573.905	503.171	570.898	508.953	
38.307	6.25056	307.923	-8.2183	-372.409	16.6151	-104.642	4.21605	40.997	0.855419	311.607	-13.9761	-370.554	11.0372	-101.634	-1.56648	9.16306	0.641758	-610.038	73.6396	-2.32105	-610.537	8.95563	0.650045	-617.836	74.2611	-2.35091	-618.312	9.84969	-0.675979	-612.759	74.8802	-3.72149	-613.48	0.167983	-0.249141	0.953787	0.122329	-0.270812	0.954828	0.167983	0.00620635	0.98577	0.122329	-0.0144566	0.992384	0.167983	0.00620635	0.98577	0.122329	-0.0144566	0.992384	9.67074	0.3556	7.02729	-0.828329	9.67074	0.3556	7.02729	-0.828329	231.391	101.662	268.896	86.3573	1290.88	567.149	1500.12	481.77	1401.59	516.697	1	1	1
"
 tid_12848_time_13:59:18:228 DPETW@ "GAZE_LOG_CALI: 654.977	525.185	652.373	530.628	925.443	510.352	921.76	516.12	305.27	515.743	303.362	521.301	573.873	503.13	570.88	508.9	
38.2773	6.23579	307.869	-8.27705	-372.45	16.5758	-104.661	4.16298	40.8818	0.793407	311.559	-14.0496	-370.538	11.0138	-101.666	-1.60786	9.15531	0.635204	-610.029	73.633	-2.33465	-610.587	8.94777	0.643407	-617.826	74.2544	-2.36468	-618.362	9.82536	-0.686346	-612.952	74.8715	-3.73549	-613.503	0.171157	-0.259342	0.950498	0.121339	-0.269537	0.955315	0.171157	-0.00449789	0.985234	0.121339	-0.013099	0.992525	0.171157	-0.00449789	0.985234	0.121339	-0.013099	0.992525	9.85517	-0.257711	6.96999	-0.750537	9.85517	-0.257711	6.96999	-0.750537	233.333	95.2614	268.297	87.1369	1301.72	531.444	1496.78	486.119	1407	498.703	1	1	1
"
 tid_12848_time_13:59:18:250 DPETW@ "GAZE_LOG_CALI: 655.058	525.111	652.433	530.593	925.482	510.338	921.863	516.062	305.344	515.659	303.469	521.188	573.971	503.091	571.012	508.804	
38.3376	6.20094	307.972	-8.33514	-372.342	16.4626	-104.528	4.06709	40.9622	0.719431	311.598	-14.0641	-370.464	10.9296	-101.568	-1.6469	9.17152	0.617615	-610.091	73.6632	-2.35317	-610.633	8.96422	0.625589	-617.888	74.2849	-2.38344	-618.408	9.84428	-0.705339	-612.948	74.8915	-3.74233	-613.587	0.169549	-0.256411	0.951581	0.120251	-0.269364	0.955501	0.169549	-0.00138721	0.985521	0.120251	-0.0128837	0.99266	0.169549	-0.00138721	0.985521	0.120251	-0.0128837	0.99266	9.76159	-0.0794812	6.90718	-0.738204	9.76159	-0.0794812	6.90718	-0.738204	232.368	97.0876	267.678	87.2351	1296.33	541.633	1493.32	486.667	1401.74	505.149	1	1	1
"
 tid_12848_time_13:59:18:272 DPETW@ "GAZE_LOG_CALI: 655.167	525.011	652.557	530.524	925.617	510.324	922.047	515.934	305.41	515.559	303.594	521.114	574.089	503.028	571.192	508.711	
38.4615	6.13191	308.156	-8.46395	-372.217	16.3883	-104.348	3.9737	41.0712	0.619271	311.733	-14.0775	-370.397	10.8292	-101.451	-1.7094	9.20094	0.600566	-610.099	73.7069	-2.37964	-610.63	8.99402	0.60832	-617.896	74.3292	-2.41026	-618.405	9.86964	-0.729398	-612.885	74.9211	-3.75126	-613.562	0.166476	-0.254331	0.952681	0.116974	-0.265027	0.95712	0.166476	0.000906989	0.986045	0.116974	-0.00827555	0.9931	0.166476	0.000906989	0.986045	0.116974	-0.00827555	0.9931	9.58298	0.0519666	6.71773	-0.47416	9.58298	0.0519666	6.71773	-0.47416	230.509	98.4396	265.747	89.945	1285.96	549.175	1482.55	501.785	1389.37	518.798	1	1	1
"
 tid_12848_time_13:59:18:294 DPETW@ "GAZE_LOG_CALI: 655.332	524.859	652.857	530.345	925.875	510.096	922.234	515.71	305.813	515.492	303.833	520.97	574.33	502.844	571.331	508.583	
38.7612	5.95302	308.343	-8.68737	-371.978	16.2449	-104.209	3.84576	41.2368	0.466803	311.991	-14.3057	-369.994	10.7618	-101.209	-1.89362	9.27138	0.562033	-610.011	73.7436	-2.42143	-610.568	9.06534	0.569291	-617.808	74.3664	-2.45258	-618.343	9.91508	-0.755717	-613.243	74.981	-3.80068	-613.55	0.17597	-0.274389	0.945381	0.122512	-0.268748	0.955387	0.17597	-0.020357	0.984185	0.122512	-0.0123184	0.992391	0.17597	-0.020357	0.984185	0.122512	-0.0123184	0.992391	10.1372	-1.16645	7.03766	-0.70581	10.1372	-1.16645	7.03766	-0.70581	236.433	85.7028	269.11	87.5194	1319.01	478.119	1501.31	488.253	1421.14	468.631	1	1	1
"
 tid_12848_time_13:59:18:317 DPETW@ "GAZE_LOG_CALI: 655.626	524.713	653.085	530.259	926.086	509.96	922.405	515.615	305.987	515.37	304.12	520.743	574.525	502.689	571.553	508.51	
38.9892	5.86696	308.515	-8.78321	-371.69	16.0177	-103.987	3.77229	41.5306	0.321171	312.203	-14.4416	-369.819	10.6403	-101.015	-2.04847	9.32735	0.524817	-610.105	73.794	-2.44179	-610.644	9.12206	0.531594	-617.903	74.4174	-2.4732	-618.419	9.98247	-0.787607	-613.076	75.0294	-3.83546	-613.531	0.169478	-0.259847	0.950661	0.119717	-0.266501	0.956371	0.169478	-0.00494342	0.985522	0.119717	-0.00989339	0.992759	0.169478	-0.00494342	0.985522	0.119717	-0.00989339	0.992759	9.75757	-0.283238	6.87608	-0.566859	9.75757	-0.283238	6.87608	-0.566859	232.482	94.8678	267.485	88.9195	1296.97	529.248	1492.24	496.064	1401.63	503.483	1	1	1
"
 tid_12848_time_13:59:18:340 DPETW@ "GAZE_LOG_CALI: 655.87	524.628	653.216	530.202	926.295	509.897	922.581	515.566	306.092	515.258	304.26	520.632	574.666	502.63	571.702	508.413	
39.1208	5.81001	308.692	-8.83238	-371.55	15.906	-103.838	3.67573	41.775	0.236392	312.412	-14.5048	-369.714	10.5276	-100.874	-2.10738	9.3593	0.504707	-610.116	73.8316	-2.45902	-610.604	9.15442	0.511223	-617.914	74.4555	-2.49065	-618.379	10.038	-0.811146	-612.869	75.0675	-3.84947	-613.432	0.16706	-0.250018	0.95372	0.118448	-0.262972	0.957505	0.16706	0.00534189	0.985932	0.118448	-0.00619121	0.992941	0.16706	0.00534189	0.985932	0.118448	-0.00619121	0.992941	9.61708	0.306069	6.80266	-0.354732	9.61708	0.306069	6.80266	-0.354732	231.029	100.991	266.752	91.1092	1288.86	563.406	1488.16	508.28	1393.08	530.044	1	1	1
"
 tid_12848_time_13:59:18:362 DPETW@ "GAZE_LOG_CALI: 655.949	524.579	653.275	530.131	926.356	509.983	922.641	515.64	306.17	515.207	304.304	520.571	574.783	502.656	571.805	508.453	
39.1791	5.73945	308.751	-8.75762	-371.506	15.8455	-103.735	3.71608	41.854	0.187442	312.474	-14.419	-369.636	10.4773	-100.756	-2.08217	9.37292	0.48902	-610.096	73.8539	-2.44536	-610.672	9.16821	0.495334	-617.893	74.478	-2.47681	-618.447	10.0573	-0.82302	-612.864	75.0925	-3.83646	-613.514	0.168573	-0.249953	0.953471	0.119244	-0.26383	0.95717	0.168573	0.00534028	0.985675	0.119244	-0.00710623	0.99284	0.168573	0.00534028	0.985675	0.119244	-0.00710623	0.99284	9.70502	0.305977	6.84862	-0.40716	9.70502	0.305977	6.84862	-0.40716	231.969	100.98	267.262	90.5618	1294.11	563.348	1491	505.226	1397.57	527.963	1	1	1
"
 tid_12848_time_13:59:18:385 DPETW@ "GAZE_LOG_CALI: 655.99	524.605	653.355	530.182	926.432	510.028	922.751	515.777	306.167	515.248	304.339	520.633	574.814	502.768	571.841	508.546	
39.2594	5.78975	308.862	-8.62124	-371.47	15.9074	-103.698	3.80901	41.8943	0.213443	312.55	-14.3737	-369.638	10.5178	-100.725	-1.96967	9.39108	0.502419	-610.03	73.8668	-2.41742	-610.559	9.18658	0.508906	-617.828	74.4912	-2.44852	-618.334	10.0656	-0.814963	-612.805	75.1025	-3.81699	-613.447	0.166876	-0.251327	0.953408	0.119574	-0.267707	0.956052	0.166876	0.00399691	0.98597	0.119574	-0.0111407	0.992763	0.166876	0.00399691	0.98597	0.119574	-0.0111407	0.992763	9.60633	0.229007	6.86793	-0.63833	9.60633	0.229007	6.86793	-0.63833	230.933	100.207	267.464	88.2267	1288.33	559.033	1492.13	492.199	1395.79	518.445	1	1	1
"
 tid_12848_time_13:59:18:407 DPETW@ "GAZE_LOG_CALI: 655.983	524.63	653.4	530.191	926.455	510.176	922.782	515.833	306.157	515.282	304.338	520.673	574.856	502.871	571.869	508.626	
39.3049	5.79878	308.893	-8.56512	-371.472	15.9468	-103.671	3.8883	41.8881	0.237491	312.573	-14.2255	-369.648	10.552	-100.683	-1.86639	9.40092	0.50815	-609.959	73.8734	-2.4011	-610.55	9.19652	0.514713	-617.756	74.4978	-2.43199	-618.325	10.0638	-0.807941	-612.802	75.1114	-3.7868	-613.473	0.166789	-0.254354	0.95262	0.120903	-0.266988	0.956086	0.166789	0.00086914	0.985992	0.120903	-0.0104373	0.992609	0.166789	0.00086914	0.985992	0.120903	-0.0104373	0.992609	9.60118	0.0497981	6.9446	-0.598026	9.60118	0.0497981	6.9446	-0.598026	230.877	98.3626	268.27	88.6611	1288.02	548.745	1496.62	494.622	1398.39	513.85	1	1	1
"
 tid_12848_time_13:59:18:430 DPETW@ "GAZE_LOG_CALI: 656.069	524.631	653.44	530.222	926.514	510.277	922.924	515.868	306.2	515.29	304.351	520.641	574.935	502.932	571.961	508.669	
39.3447	5.82979	309.035	-8.52927	-371.459	15.9149	-103.579	3.93157	41.9738	0.23859	312.632	-14.1245	-369.606	10.5606	-100.604	-1.80606	9.4098	0.507971	-609.92	73.8985	-2.39126	-610.476	9.20551	0.514532	-617.718	74.5234	-2.42203	-618.251	10.0835	-0.80668	-612.736	75.1292	-3.76745	-613.503	0.167934	-0.252699	0.95286	0.121864	-0.270637	0.954937	0.167934	0.00252976	0.985795	0.121864	-0.0142595	0.992444	0.167934	0.00252976	0.985795	0.121864	-0.0142595	0.992444	9.66777	0.144944	7.00041	-0.817036	9.66777	0.144944	7.00041	-0.817036	231.584	99.3643	268.869	86.4231	1291.96	554.333	1499.96	482.137	1402.62	509.656	1	1	1
"
 tid_12848_time_13:59:18:452 DPETW@ "GAZE_LOG_CALI: 656.186	524.607	653.631	530.098	926.698	510.263	923.099	515.899	306.275	515.211	304.415	520.618	575.039	502.979	572.139	508.678	
39.5353	5.70637	309.21	-8.49892	-371.395	15.8926	-103.401	3.94052	42.0903	0.214725	312.816	-14.1389	-369.531	10.4816	-100.5	-1.75906	9.45205	0.490381	-609.74	73.9411	-2.38641	-610.484	9.24824	0.496716	-617.537	74.5665	-2.41711	-618.258	10.1105	-0.818977	-612.678	75.1591	-3.76273	-613.387	0.168818	-0.257599	0.95139	0.116461	-0.264465	0.957338	0.168818	-0.0025834	0.985644	0.116461	-0.00767604	0.993166	0.168818	-0.0025834	0.985644	0.116461	-0.00767604	0.993166	9.71916	-0.148018	6.68812	-0.439809	9.71916	-0.148018	6.68812	-0.439809	232.139	96.3403	265.659	90.3331	1295.06	537.463	1482.06	503.95	1394.41	513.071	1	1	1
"
 tid_12848_time_13:59:18:475 DPETW@ "GAZE_LOG_CALI: 656.397	524.503	653.805	529.986	926.968	510.199	923.362	515.889	306.465	515.083	304.609	520.555	575.286	502.93	572.311	508.673	
39.7091	5.59401	309.473	-8.50919	-371.2	15.8289	-103.229	3.93551	42.3014	0.110964	313.086	-14.2025	-369.34	10.3531	-100.253	-1.80743	9.49419	0.469527	-609.772	73.9879	-2.38761	-610.35	9.29093	0.475593	-617.57	74.614	-2.41834	-618.124	10.1608	-0.846746	-612.65	75.22	-3.77579	-613.352	0.168308	-0.255846	0.951953	0.121222	-0.271545	0.954761	0.168308	-0.000744492	0.985734	0.121222	-0.015182	0.992509	0.168308	-0.000744492	0.985734	0.121222	-0.015182	0.992509	9.68944	-0.0426562	6.96346	-0.869899	9.68944	-0.0426562	6.96346	-0.869899	231.872	97.4095	268.559	85.9147	1293.57	543.428	1498.24	479.301	1403.15	501.912	1	1	1
"
 tid_12848_time_13:59:18:497 DPETW@ "GAZE_LOG_CALI: 656.8	524.392	654.082	529.836	927.232	510.122	923.543	515.9	306.856	515	304.847	520.442	575.482	502.913	572.51	508.718	
39.9868	5.44398	309.655	-8.49759	-370.961	15.7164	-103.029	3.98034	42.705	-0.000244144	313.351	-14.2799	-368.948	10.2699	-100.057	-1.82507	9.5594	0.438242	-609.722	74.0347	-2.38072	-610.376	9.35697	0.443905	-617.519	74.6614	-2.41136	-618.151	10.2574	-0.869754	-612.638	75.2715	-3.78647	-613.254	0.175381	-0.255874	0.950668	0.119092	-0.26843	0.955909	0.175381	-0.00110424	0.9845	0.119092	-0.0118763	0.992812	0.175381	-0.00110424	0.9845	0.119092	-0.0118763	0.992812	10.1008	-0.0632681	6.84022	-0.68048	10.1008	-0.0632681	6.84022	-0.68048	236.283	97.1765	267.326	87.8761	1318.18	542.128	1491.36	490.243	1412.34	506.583	3	1	1
"