
 tid_13636_time_14:2:31:508 DPETW@ "GAZE_LOG_CALI: 621.521	452.631	622.26	457.661	892.564	471.223	891.79	476.737	280.77	455.039	282.257	460.355	552.046	474.05	551.835	479.522	
21.8021	-55.4863	291.384	-36.416	-385.384	-49.7569	-115.768	-30.5859	21.0623	-60.5169	292.158	-41.9318	-386.871	-55.0741	-115.557	-36.0574	5.4097	-14.0506	-631.709	72.4831	-9.27184	-633.422	5.15869	-14.227	-639.503	73.0701	-9.38769	-641.199	5.24854	-15.4027	-634.4	73.0157	-10.6913	-636.382	0.0171528	-0.224443	0.974336	-0.0108898	-0.26119	0.965226	0.0171528	0.0353819	0.999227	-0.0108898	-0.00247121	0.999938	0.0171528	0.0353819	0.999227	-0.0108898	-0.00247121	0.999938	0.983447	2.02766	-0.623955	-0.14159	0.983447	2.02766	-0.623955	-0.14159	138.647	101.852	189.809	83.5083	773.486	568.21	1058.91	465.876	916.197	517.043	1	0	0
"
 tid_13636_time_14:2:31:648 DPETW@ "GAZE_LOG_CALI: 620.747	451.552	621.526	456.591	891.984	470.729	891.329	476.07	280.406	454.015	281.839	459.289	551.579	473.354	551.376	478.961	
21.0681	-56.556	290.922	-37.0833	-385.803	-50.8232	-116.227	-31.1462	20.2891	-61.5958	291.578	-42.4254	-387.236	-56.0976	-116.024	-36.754	5.23133	-14.3276	-632.217	72.3685	-9.42493	-633.423	4.9783	-14.5073	-640.011	72.954	-9.54269	-641.2	5.06087	-15.6811	-635.05	72.8912	-10.8435	-636.56	0.0161932	-0.230219	0.973004	-0.0130245	-0.269927	0.962793	0.0161932	0.0294574	0.999435	-0.0130245	-0.0115405	0.999849	0.0161932	0.0294574	0.999435	-0.0130245	-0.0115405	0.999849	0.928247	1.68803	-0.746321	-0.661239	0.928247	1.68803	-0.746321	-0.661239	137.899	97.9252	188.415	77.9276	769.314	546.305	1051.13	434.743	910.221	490.524	1	0	0
"
 tid_13636_time_14:2:31:670 DPETW@ "GAZE_LOG_CALI: 620.053	451.657	620.917	456.538	891.357	470.729	890.556	476.138	279.972	454.086	281.397	459.359	551.038	473.39	550.928	478.823	
20.4581	-56.6089	290.149	-37.0155	-386.244	-50.7531	-116.675	-31.2843	19.5942	-61.4902	290.951	-42.4257	-387.67	-56.0265	-116.565	-36.7176	5.08166	-14.3316	-632.488	72.2351	-9.44139	-633.938	4.82687	-14.5113	-640.282	72.8185	-9.55926	-641.715	4.89046	-15.6693	-635.467	72.7499	-10.8414	-636.697	0.0128384	-0.233816	0.972196	-0.0132567	-0.247529	0.96879	0.0128384	0.0257744	0.999585	-0.0132567	0.0116462	0.999844	0.0128384	0.0257744	0.999585	-0.0132567	0.0116462	0.999844	0.735852	1.47693	-0.759628	0.667292	0.735852	1.47693	-0.759628	0.667292	135.749	95.6583	188.134	91.6684	757.315	533.659	1049.56	511.4	903.438	522.529	1	0	0
"
 tid_13636_time_14:2:31:693 DPETW@ "GAZE_LOG_CALI: 620.221	451.585	621.141	456.522	891.564	470.66	890.794	476.076	280.112	454.019	281.546	459.26	551.23	473.363	551.141	478.812	
20.6827	-56.6252	290.388	-37.0774	-386.095	-50.8524	-116.462	-31.296	19.7624	-61.5625	291.157	-42.4947	-387.53	-56.0935	-116.373	-36.7451	5.13696	-14.3431	-632.362	72.29	-9.44994	-633.899	4.88281	-14.523	-640.155	72.8742	-9.56793	-641.676	4.93257	-15.6854	-635.416	72.7991	-10.8531	-636.678	0.010196	-0.238207	0.971161	-0.0145374	-0.249017	0.96839	0.010196	0.0212647	0.999722	-0.0145374	0.0101059	0.999843	0.010196	0.0212647	0.999722	-0.0145374	0.0101059	0.999843	0.58433	1.21847	-0.833002	0.579034	0.58433	1.21847	-0.833002	0.579034	134.226	92.984	187.422	90.7466	748.818	518.739	1045.59	506.257	897.205	512.498	1	0	0
"
 tid_13636_time_14:2:31:721 DPETW@ "GAZE_LOG_CALI: 619.965	451.136	620.836	456.382	891.316	470.263	890.467	475.637	279.899	453.678	281.356	458.879	551.029	473.013	550.847	478.498	
20.3774	-56.7652	290.06	-37.5164	-386.285	-51.2331	-116.756	-31.6097	19.5068	-62.011	290.91	-42.8916	-387.743	-56.4351	-116.574	-37.0948	5.06286	-14.4121	-632.543	72.2143	-9.5446	-633.949	4.80786	-14.5928	-640.336	72.7975	-9.66376	-641.726	4.86874	-15.7861	-635.491	72.7456	-10.9479	-636.748	0.012199	-0.239117	0.970914	-0.0100941	-0.249772	0.968252	0.012199	0.0203218	0.999719	-0.0100941	0.00934087	0.999905	0.012199	0.0203218	0.999719	-0.0100941	0.00934087	0.999905	0.699116	1.16443	-0.578386	0.5352	0.699116	1.16443	-0.578386	0.5352	135.348	92.3105	190.009	90.1825	755.077	514.982	1060.02	503.11	907.548	509.046	1	0	0
"
 tid_13636_time_14:2:31:750 DPETW@ "GAZE_LOG_CALI: 619.478	451.129	620.341	456.229	890.808	470.211	890.072	475.543	279.436	453.56	280.862	458.872	550.531	472.941	550.327	478.375	
19.883	-56.918	289.665	-37.6109	-386.779	-51.2406	-117.277	-31.7321	19.0195	-62.0182	290.402	-42.9439	-388.206	-56.553	-117.072	-37.1663	4.93981	-14.4321	-632.543	72.0929	-9.56877	-633.747	4.68327	-14.613	-640.337	72.6747	-9.68827	-641.524	4.74772	-15.8026	-635.522	72.6198	-10.9636	-636.757	0.0129937	-0.239834	0.970727	-0.0111225	-0.258414	0.96597	0.0129937	0.0195806	0.999724	-0.0111225	0.000402689	0.999938	0.0129937	0.0195806	0.999724	-0.0111225	0.000402689	0.999938	0.744645	1.12196	-0.637287	0.0230724	0.744645	1.12196	-0.637287	0.0230724	135.697	91.8483	189.272	84.8547	757.026	512.403	1055.91	473.388	906.469	492.895	1	0	0
"
 tid_13636_time_14:2:31:772 DPETW@ "GAZE_LOG_CALI: 619.34	451.768	620.259	456.768	890.693	470.742	889.883	476.196	279.263	454.203	280.689	459.416	550.356	473.439	550.298	478.966	
19.801	-56.3794	289.476	-36.957	-386.953	-50.6967	-117.305	-31.1415	18.8818	-61.3792	290.286	-42.4128	-388.379	-55.9101	-117.247	-36.6684	4.91844	-14.294	-632.393	72.075	-9.41736	-634.006	4.66157	-14.4733	-640.187	72.6563	-9.53492	-641.784	4.71293	-15.6409	-635.464	72.5798	-10.8331	-636.658	0.0105563	-0.239995	0.970717	-0.0144783	-0.245486	0.969292	0.0105563	0.0194229	0.999756	-0.0144783	0.0137495	0.999801	0.0105563	0.0194229	0.999756	-0.0144783	0.0137495	0.999801	0.604955	1.11292	-0.829651	0.787814	0.604955	1.11292	-0.829651	0.787814	134.219	91.9255	187.238	92.936	748.784	512.834	1044.56	518.471	896.674	515.653	1	0	0
"
 tid_13636_time_14:2:31:800 DPETW@ "GAZE_LOG_CALI: 619.282	451.797	620.266	456.825	890.656	470.865	889.905	476.289	279.283	454.193	280.655	459.427	550.327	473.631	550.288	479.045	
19.8077	-56.3226	289.498	-36.8645	-386.987	-50.6859	-117.315	-31.0628	18.8235	-61.3506	290.249	-42.2894	-388.359	-55.9196	-117.276	-36.4769	4.91938	-14.2843	-632.331	72.0743	-9.39514	-633.946	4.6625	-14.4634	-640.125	72.6557	-9.51243	-641.723	4.69907	-15.6417	-635.592	72.5719	-10.7938	-636.669	0.00780782	-0.251541	0.967815	-0.0160693	-0.245702	0.969212	0.00780782	0.0075186	0.999941	-0.0160693	0.0135206	0.999779	0.00780782	0.0075186	0.999941	-0.0160693	0.0135206	0.999779	0.447372	0.430788	-0.920825	0.774696	0.447372	0.430788	-0.920825	0.774696	132.579	84.8477	186.284	92.8355	739.634	473.348	1039.24	517.911	889.439	495.63	1	0	0
"
 tid_13636_time_14:2:31:825 DPETW@ "GAZE_LOG_CALI: 619.243	451.642	620.073	456.501	890.6	470.678	889.794	476.111	279.146	454.048	280.549	459.261	550.245	473.426	550.207	478.881	
19.6141	-56.6458	289.387	-37.0423	-387.093	-50.8514	-117.396	-31.2264	18.7849	-61.5052	290.193	-42.4763	-388.496	-56.0653	-117.358	-36.6817	4.87204	-14.3483	-632.475	72.0522	-9.43851	-633.998	4.61462	-14.5282	-640.269	72.6333	-9.55634	-641.776	4.6888	-15.6752	-635.428	72.5534	-10.8423	-636.635	0.0149086	-0.230549	0.972947	-0.0150699	-0.242628	0.970002	0.0149086	0.0291242	0.999465	-0.0150699	0.0166943	0.999747	0.0149086	0.0291242	0.999465	-0.0150699	0.0166943	0.999747	0.854596	1.66893	-0.863596	0.956555	0.854596	1.66893	-0.863596	0.956555	136.773	97.6461	186.86	94.6828	763.028	544.748	1042.46	528.216	902.742	536.482	1	0	0
"
 tid_13636_time_14:2:31:847 DPETW@ "GAZE_LOG_CALI: 619.291	451.444	620.133	456.504	890.604	470.706	889.86	476.101	279.229	454.029	280.62	459.171	550.327	473.335	550.257	478.888	
19.6741	-56.6433	289.453	-37.052	-387.022	-50.9419	-117.346	-31.2197	18.8325	-61.7033	290.197	-42.4483	-388.414	-56.0841	-117.276	-36.7727	4.88697	-14.3597	-632.495	72.0658	-9.43853	-633.975	4.62975	-14.5397	-640.288	72.6471	-9.55637	-641.753	4.70045	-15.7039	-635.492	72.5688	-10.8524	-636.763	0.0143247	-0.235846	0.971685	-0.0151848	-0.251354	0.967776	0.0143247	0.0236807	0.999617	-0.0151848	0.00768971	0.999855	0.0143247	0.0236807	0.999617	-0.0151848	0.00768971	0.999855	0.821005	1.35693	-0.870082	0.440593	0.821005	1.35693	-0.870082	0.440593	136.438	94.3792	186.806	89.2906	761.162	526.523	1042.16	498.134	901.659	512.329	1	0	0
"
 tid_13636_time_14:2:31:876 DPETW@ "GAZE_LOG_CALI: 619.682	451.61	620.426	456.671	890.851	470.925	890.175	476.302	279.546	454.056	280.977	459.345	550.546	473.677	550.399	479.142	
19.9676	-56.4762	289.768	-36.8511	-386.665	-50.7671	-117.205	-30.9653	19.2235	-61.5372	290.444	-42.2294	-388.096	-56.0572	-117.058	-36.4307	4.96109	-14.3192	-632.592	72.1128	-9.37767	-633.7	4.70484	-14.4988	-640.386	72.6949	-9.4948	-641.478	4.79734	-15.6768	-635.375	72.6252	-10.7812	-636.713	0.0179671	-0.228813	0.973305	-0.0141142	-0.260625	0.965337	0.0179671	0.0308929	0.999361	-0.0141142	-0.00189641	0.999899	0.0179671	0.0308929	0.999361	-0.0141142	-0.00189641	0.999899	1.02999	1.77032	-0.808713	-0.108656	1.02999	1.77032	-0.808713	-0.108656	138.692	98.7055	187.5	83.6765	773.733	550.658	1046.02	466.814	909.878	508.736	1	0	0
"
 tid_13636_time_14:2:31:907 DPETW@ "GAZE_LOG_CALI: 620.151	451.445	621.059	456.489	891.412	470.733	890.727	476.19	280.125	453.986	281.566	459.153	551.14	473.518	551.147	478.914	
20.6002	-56.6581	290.32	-36.963	-386.075	-50.9594	-116.456	-31.1935	19.6926	-61.7022	291.006	-42.4211	-387.517	-56.1266	-116.464	-36.5897	5.11744	-14.3643	-632.531	72.2866	-9.42462	-634.017	4.86312	-14.5444	-640.324	72.8706	-9.54227	-641.794	4.9158	-15.7104	-635.553	72.7722	-10.8259	-636.77	0.0107247	-0.237371	0.97136	-0.0189749	-0.247468	0.96871	0.0107247	0.0221235	0.999698	-0.0189749	0.0116851	0.999752	0.0107247	0.0221235	0.999698	-0.0189749	0.0116851	0.999752	0.614645	1.26768	-1.08732	0.66952	0.614645	1.26768	-1.08732	0.66952	134.523	93.4357	184.756	91.6891	750.478	521.259	1030.72	511.515	890.598	516.387	1	0	0
"
 tid_13636_time_14:2:31:931 DPETW@ "GAZE_LOG_CALI: 619.992	451.2	620.766	456.375	891.264	470.271	890.482	475.654	280.011	453.692	281.397	458.846	551.037	473.005	550.904	478.498	
20.3074	-56.7727	290.075	-37.4996	-386.244	-51.2666	-116.7	-31.6093	19.5339	-61.9474	290.858	-42.8831	-387.631	-56.4207	-116.567	-37.1028	5.04705	-14.4211	-632.717	72.2259	-9.54351	-634.02	4.79193	-14.6019	-640.511	72.8091	-9.66264	-641.797	4.87685	-15.7795	-635.622	72.7432	-10.9493	-636.837	0.0168844	-0.234165	0.97205	-0.0128504	-0.251062	0.967886	0.0168844	0.0253993	0.999535	-0.0128504	0.00800008	0.999885	0.0168844	0.0253993	0.999535	-0.0128504	0.00800008	0.999885	0.967763	1.45543	-0.736315	0.458375	0.967763	1.45543	-0.736315	0.458375	138.132	95.2935	188.368	89.3624	770.612	531.623	1050.86	498.535	910.738	515.079	1	0	0
"
 tid_13636_time_14:2:31:954 DPETW@ "GAZE_LOG_CALI: 619.471	451.311	620.286	456.388	890.724	470.307	890.005	475.676	279.502	453.758	280.935	458.942	550.536	472.999	550.413	478.491	
19.828	-56.7589	289.598	-37.4773	-386.706	-51.17	-117.191	-31.6161	19.0128	-61.8368	290.318	-42.8472	-388.14	-56.355	-117.067	-37.1081	4.92743	-14.4082	-632.753	72.1044	-9.5414	-634.001	4.67083	-14.5888	-640.546	72.6861	-9.66051	-641.778	4.74718	-15.7579	-635.635	72.6149	-10.9466	-636.897	0.0151223	-0.231542	0.972707	-0.0141031	-0.254726	0.96691	0.0151223	0.0281024	0.999491	-0.0141031	0.00420816	0.999892	0.0151223	0.0281024	0.999491	-0.0141031	0.00420816	0.999892	0.866822	1.61036	-0.808082	0.241111	0.866822	1.61036	-0.808082	0.241111	136.96	96.9125	187.494	87.0966	764.073	540.656	1045.99	485.894	905.032	513.275	1	0	0
"
 tid_13636_time_14:2:31:978 DPETW@ "GAZE_LOG_CALI: 618.6	451.831	619.441	456.92	889.874	470.627	889.229	476.15	278.725	454.278	280.23	459.51	549.703	473.42	549.461	478.866	
18.9828	-56.2268	288.821	-37.0038	-387.412	-50.6024	-118.142	-31.2415	18.1417	-61.3164	289.467	-42.5274	-388.917	-55.835	-117.9	-36.6873	4.71926	-14.2762	-632.967	71.878	-9.4314	-633.702	4.46014	-14.4551	-640.761	72.4573	-9.5492	-641.48	4.53072	-15.6315	-635.779	72.4051	-10.8545	-636.931	0.0137877	-0.229804	0.973139	-0.0110212	-0.275832	0.961143	0.0137877	0.0298934	0.999458	-0.0110212	-0.017671	0.999783	0.0137877	0.0298934	0.999458	-0.0110212	-0.017671	0.999783	0.790357	1.71302	-0.631577	-1.01253	0.790357	1.71302	-0.631577	-1.01253	135.956	98.0634	189.114	74.1725	758.472	547.076	1055.03	413.794	906.752	480.435	1	0	0
"
 tid_13636_time_14:2:32:0 DPETW@ "GAZE_LOG_CALI: 618.047	452.273	618.95	457.453	889.331	471.126	888.54	476.44	278.202	454.824	279.639	460.021	549.17	473.817	549.083	479.35	
18.4919	-55.694	288.132	-36.7131	-388.003	-50.0916	-118.52	-30.758	17.5888	-60.8742	288.924	-42.0281	-389.441	-55.2891	-118.433	-36.2906	4.59608	-14.1427	-632.801	71.7627	-9.34216	-634.203	4.33536	-14.32	-640.595	72.34	-9.45875	-641.981	4.3921	-15.5092	-635.833	72.2703	-10.7424	-636.936	0.0115602	-0.242299	0.970133	-0.0133842	-0.246536	0.969041	0.0115602	0.0170457	0.999788	-0.0133842	0.0126711	0.99983	0.0115602	0.0170457	0.999788	-0.0133842	0.0126711	0.99983	0.662463	0.976695	-0.766941	0.726019	0.662463	0.976695	-0.766941	0.726019	134.497	90.5568	187.575	92.3145	750.332	505.198	1046.44	515.004	898.388	510.101	1	0	0
"
 tid_13636_time_14:2:32:23 DPETW@ "GAZE_LOG_CALI: 617.914	452.294	618.765	457.432	889.148	471.025	888.459	476.434	278.125	454.872	279.578	460.037	549.043	473.8	549.02	479.365	
18.3062	-55.7152	288.051	-36.7197	-388.064	-50.0749	-118.583	-30.7424	17.456	-60.8529	288.741	-42.1295	-389.517	-55.2407	-118.56	-36.3072	4.55177	-14.1476	-632.995	71.7455	-9.34136	-634.226	4.29057	-14.3248	-640.789	72.3225	-9.45794	-642.004	4.36039	-15.5024	-635.911	72.2346	-10.7587	-637.026	0.0139121	-0.234647	0.971981	-0.0170942	-0.252788	0.967371	0.0139121	0.0249161	0.999593	-0.0170942	0.00619909	0.999835	0.0139121	0.0249161	0.999593	-0.0170942	0.00619909	0.999835	0.797378	1.42774	-0.979493	0.355184	0.797378	1.42774	-0.979493	0.355184	135.861	95.2083	185.333	88.4289	757.939	531.148	1033.93	493.327	895.936	512.238	1	0	0
"
 tid_13636_time_14:2:32:44 DPETW@ "GAZE_LOG_CALI: 618.118	452.058	619.073	457.301	889.258	470.865	888.511	476.254	278.398	454.625	279.844	459.808	549.224	473.567	549.258	479.028	
18.6142	-55.8459	288.103	-36.8991	-387.798	-50.3043	-118.345	-31.0798	17.6598	-61.0898	288.851	-42.2894	-389.244	-55.4879	-118.379	-36.5409	4.6272	-14.1911	-632.939	71.7926	-9.41028	-634.529	4.36692	-14.3689	-640.732	72.37	-9.52766	-642.307	4.41194	-15.5657	-636.025	72.2752	-10.8099	-637.14	0.00926851	-0.246384	0.969128	-0.0178078	-0.240839	0.970402	0.00926851	0.0128399	0.999875	-0.0178078	0.0185261	0.99967	0.00926851	0.0128399	0.999875	-0.0178078	0.0185261	0.99967	0.531098	0.735692	-1.02054	1.06153	0.531098	0.735692	-1.02054	1.06153	133.161	87.9639	184.946	95.6816	742.879	490.733	1031.77	533.788	887.327	512.261	1	0	0
"
 tid_13636_time_14:2:32:66 DPETW@ "GAZE_LOG_CALI: 616.22	452.204	618.384	457.16	887.579	470.65	887.75	476.072	276.542	454.721	279.296	459.688	547.473	473.371	548.396	478.852	
17.9257	-55.9874	287.342	-37.0814	-388.346	-50.4249	-119.207	-31.2555	15.7612	-60.943	287.171	-42.5047	-391.101	-55.3917	-120.13	-36.7365	4.45816	-14.2286	-633.153	71.584	-9.45269	-634.361	4.19587	-14.4069	-640.946	72.1589	-9.57063	-642.139	3.93784	-15.5371	-636.085	71.8406	-10.8596	-637.012	-0.0516305	-0.226157	0.972722	-0.0600978	-0.243387	0.968066	-0.0516305	0.0333077	0.998111	-0.0600978	0.0154597	0.998073	-0.0516305	0.0333077	0.998111	-0.0600978	0.0154597	0.998073	-2.96117	1.90874	-3.44584	0.885812	-2.96117	1.90874	-3.44584	0.885812	96.5633	100.135	159.314	93.8559	538.707	558.632	888.78	523.603	713.744	541.118	1	0	0
"
 tid_13636_time_14:2:32:88 DPETW@ "GAZE_LOG_CALI: 615.042	451.971	617.494	457.098	885.76	470.58	886.644	475.96	275.57	454.557	278.662	459.591	545.867	473.371	547.35	478.768	
17.0352	-56.0495	286.236	-37.1935	-388.98	-50.521	-120.253	-31.3391	14.5836	-61.1764	285.351	-42.5747	-392.074	-55.5563	-121.736	-36.7371	4.23881	-14.2578	-633.57	71.3184	-9.47857	-634.447	3.97395	-14.4362	-641.364	71.89	-9.59683	-642.225	3.64525	-15.5949	-636.41	71.4225	-10.8743	-637.344	-0.064473	-0.227279	0.971693	-0.092245	-0.252081	0.9633	-0.064473	0.0319579	0.997408	-0.092245	0.00582875	0.995719	-0.064473	0.0319579	0.997408	-0.092245	0.00582875	0.995719	-3.69849	1.83137	-5.29286	0.333965	-3.69849	1.83137	-5.29286	0.333965	88.6044	99.2168	139.594	88.0309	494.306	553.511	778.765	491.107	636.536	522.309	1	0	0
"
 tid_13636_time_14:2:32:110 DPETW@ "GAZE_LOG_CALI: 615.22	452.037	617.742	457.04	885.892	470.374	886.97	475.899	275.73	454.564	278.915	459.517	545.973	473.225	547.584	478.745	
17.2832	-56.1073	286.562	-37.2542	-388.727	-50.5955	-120.02	-31.3623	14.7611	-61.1101	285.483	-42.7799	-391.914	-55.5493	-121.631	-36.8829	4.3008	-14.2743	-633.576	71.3833	-9.48691	-634.305	4.03672	-14.453	-641.37	71.9558	-9.60529	-642.083	3.68968	-15.585	-636.38	71.451	-10.9177	-637.307	-0.0676685	-0.220727	0.972985	-0.101368	-0.263567	0.9593	-0.0676685	0.0386212	0.99696	-0.101368	-0.00630052	0.994829	-0.0676685	0.0386212	0.99696	-0.101368	-0.00630052	0.994829	-3.88298	2.21338	-5.81808	-0.360996	-3.88298	2.21338	-5.81808	-0.360996	86.7343	103.202	134.125	80.7519	483.873	575.743	748.254	450.498	614.941	511.27	1	0	0
"
 tid_13636_time_14:2:32:132 DPETW@ "GAZE_LOG_CALI: 615.16	451.811	617.614	456.597	885.811	470.126	886.997	475.514	275.79	454.154	278.859	459.344	545.972	473.011	547.631	478.448	
17.1556	-56.5506	286.589	-37.6398	-388.783	-50.768	-119.972	-31.6599	14.7011	-61.3361	285.403	-43.0287	-391.853	-55.9595	-121.632	-37.0971	4.2702	-14.3535	-633.684	71.394	-9.57275	-634.346	4.00578	-14.5331	-641.478	71.9666	-9.6922	-642.124	3.67611	-15.6694	-636.57	71.4451	-10.9779	-637.433	-0.0653016	-0.225069	0.972152	-0.10661	-0.262824	0.958936	-0.0653016	0.0342116	0.997279	-0.10661	-0.00567773	0.994285	-0.0653016	0.0342116	0.997279	-0.10661	-0.00567773	0.994285	-3.74637	1.96056	-6.12004	-0.325312	-3.74637	1.96056	-6.12004	-0.325312	88.1291	100.45	130.939	81.0309	491.655	560.388	730.484	452.055	609.19	503.131	1	0	0
"
 tid_13636_time_14:2:32:170 DPETW@ "GAZE_LOG_CALI: 614.984	451.225	617.525	456.294	885.719	469.611	886.819	475.296	275.629	453.862	278.655	458.811	545.857	472.582	547.462	478.043	
17.0661	-56.8528	286.41	-37.8571	-388.987	-51.3012	-120.142	-32.065	14.5258	-61.9224	285.311	-43.5436	-392.014	-56.2511	-121.746	-37.5253	4.24672	-14.4536	-633.502	71.3509	-9.65063	-634.352	3.98193	-14.6346	-641.295	71.923	-9.77105	-642.13	3.63197	-15.78	-636.598	71.4182	-11.0957	-637.403	-0.0721884	-0.236265	0.969003	-0.102275	-0.268401	0.957863	-0.0721884	0.0225819	0.997135	-0.102275	-0.0113422	0.994691	-0.0721884	0.0225819	0.997135	-0.102275	-0.0113422	0.994692	-4.14075	1.29396	-5.87057	-0.649872	-4.14075	1.29396	-5.87057	-0.649872	83.9863	93.4263	133.536	77.5402	468.543	521.206	744.973	432.581	602.436	469.515	1	0	0
"
 tid_13636_time_14:2:32:192 DPETW@ "GAZE_LOG_CALI: 614.665	451.396	617.224	456.476	885.403	469.986	886.565	475.401	275.332	453.986	278.411	459.033	545.689	472.737	547.316	478.249	
16.766	-56.671	286.157	-37.7524	-389.231	-51.0792	-120.287	-31.8587	14.2064	-61.7516	284.994	-43.1678	-392.311	-56.1274	-121.915	-37.3704	4.17246	-14.4054	-633.592	71.307	-9.6144	-634.525	3.90679	-14.5857	-641.385	71.8784	-9.73433	-642.303	3.55267	-15.7438	-636.625	71.365	-11.0331	-637.629	-0.0721035	-0.235819	0.969118	-0.105235	-0.266226	0.958149	-0.0721035	0.0230424	0.997131	-0.105235	-0.00916755	0.994405	-0.0721035	0.0230424	0.997131	-0.105235	-0.00916755	0.994405	-4.13591	1.32035	-6.04095	-0.525269	-4.13591	1.32035	-6.04095	-0.525269	83.9547	93.7285	131.671	78.8385	468.366	522.893	734.565	439.824	597.182	474.205	1	0	0
"
 tid_13636_time_14:2:32:226 DPETW@ "GAZE_LOG_CALI: 614.537	451.798	617.173	456.705	885.217	470.24	886.373	475.702	275.164	454.234	278.306	459.327	545.49	473.084	547.157	478.544	
16.7145	-56.4425	285.965	-37.4512	-389.336	-50.7852	-120.446	-31.5638	14.079	-61.349	284.808	-42.9139	-392.479	-55.8788	-122.114	-37.0233	4.1591	-14.3382	-633.504	71.2649	-9.54072	-634.574	3.89322	-14.5177	-641.297	71.8357	-9.65972	-642.353	3.52082	-15.6606	-636.555	71.3157	-10.9572	-637.601	-0.0761229	-0.233614	0.969345	-0.104987	-0.261952	0.959353	-0.0761229	0.0252311	0.996779	-0.104987	-0.00472726	0.994462	-0.0761229	0.0252311	0.996779	-0.104987	-0.00472726	0.994462	-4.36714	1.44579	-6.02649	-0.270853	-4.36714	1.44579	-6.02649	-0.270853	81.5213	95.1323	131.774	81.5756	454.791	530.724	735.142	455.094	591.195	486.844	1	0	0
"
 tid_13636_time_14:2:32:254 DPETW@ "GAZE_LOG_CALI: 614.155	452.057	616.632	457.046	884.91	470.621	886.05	476.033	274.811	454.375	277.92	459.491	545.182	473.339	546.744	478.745	
16.1736	-56.1014	285.641	-37.1207	-389.722	-50.622	-120.86	-31.3627	13.6965	-61.0903	284.5	-42.5327	-392.832	-55.7384	-122.421	-36.7687	4.02636	-14.2809	-633.747	71.1676	-9.47226	-634.426	3.75893	-14.4596	-641.54	71.7374	-9.59044	-642.204	3.42538	-15.6118	-636.6	71.2386	-10.8775	-637.603	-0.0656196	-0.226672	0.971758	-0.103826	-0.267949	0.957822	-0.0656196	0.0325614	0.997313	-0.103826	-0.0109159	0.994536	-0.0656196	0.0325614	0.997313	-0.103826	-0.0109159	0.994536	-3.76443	1.86596	-5.95987	-0.625449	-3.76443	1.86596	-5.95987	-0.625449	87.6879	99.5174	132.394	77.9501	489.193	555.188	738.6	434.868	611.327	490.686	1	0	0
"
 tid_13636_time_14:2:32:280 DPETW@ "GAZE_LOG_CALI: 614.345	451.892	617.002	456.857	885.106	470.541	886.374	475.925	275.07	454.308	278.192	459.42	545.413	473.248	547.1	478.68	
16.5438	-56.2904	285.965	-37.2287	-389.45	-50.6926	-120.503	-31.4279	13.8866	-61.2558	284.697	-42.6132	-392.574	-55.805	-122.191	-36.86	4.11683	-14.3099	-633.6	71.2548	-9.49475	-634.489	3.85046	-14.489	-641.393	71.8256	-9.6132	-642.268	3.47359	-15.6435	-636.71	71.2941	-10.9	-637.66	-0.0779004	-0.238636	0.967979	-0.110412	-0.267353	0.957252	-0.0779004	0.0200269	0.99676	-0.110412	-0.0104884	0.993831	-0.0779004	0.0200269	0.99676	-0.110412	-0.0104884	0.993831	-4.46879	1.14753	-6.33943	-0.600954	-4.46879	1.14753	-6.33943	-0.600954	80.4043	92.0177	128.457	78.1644	448.559	513.348	716.638	436.064	576.625	465.125	1	0	0
"
 tid_13636_time_14:2:32:302 DPETW@ "GAZE_LOG_CALI: 614.764	451.865	617.399	456.699	885.589	470.397	886.557	475.793	275.404	454.236	278.48	459.336	545.8	473.159	547.393	478.617	
16.9408	-56.448	286.148	-37.3599	-389.163	-50.7763	-120.21	-31.4906	14.3055	-61.2822	285.18	-42.757	-392.24	-55.8769	-121.803	-36.9483	4.21498	-14.3359	-633.419	71.3204	-9.52144	-634.663	3.94976	-14.5154	-641.212	71.8918	-9.64019	-642.441	3.57684	-15.6527	-636.587	71.3985	-10.9266	-637.516	-0.07806	-0.23808	0.968104	-0.0964562	-0.251538	0.963029	-0.07806	0.0205957	0.996736	-0.0964562	0.00628278	0.995317	-0.07806	0.0205957	0.996736	-0.0964563	0.00628278	0.995317	-4.47801	1.18013	-5.53525	0.359979	-4.47801	1.18013	-5.53525	0.359979	80.421	92.3767	137.017	88.2094	448.653	515.351	764.389	492.102	604.219	499.974	1	0	0
"
 tid_13636_time_14:2:32:325 DPETW@ "GAZE_LOG_CALI: 614.803	451.882	617.359	456.786	885.539	470.263	886.591	475.642	275.421	454.298	278.488	459.379	545.832	473.082	547.408	478.494	
16.9003	-56.3609	286.182	-37.511	-389.154	-50.7335	-120.195	-31.6136	14.3449	-61.2654	285.13	-42.8916	-392.222	-55.8156	-121.771	-37.0257	4.20516	-14.3215	-633.501	71.3254	-9.55518	-634.631	3.93985	-14.5008	-641.294	71.8969	-9.67436	-642.409	3.58723	-15.6419	-636.543	71.4005	-10.9553	-637.641	-0.0719789	-0.232916	0.969829	-0.100066	-0.258175	0.960902	-0.0719789	0.0260311	0.997066	-0.100066	-0.000677839	0.994981	-0.0719789	0.0260311	0.997066	-0.100066	-0.000677839	0.994981	-4.12906	1.49164	-5.74296	-0.0388373	-4.12906	1.49164	-5.74296	-0.0388373	84.0644	95.6245	134.83	83.9894	468.978	533.47	752.189	468.56	608.291	497.215	1	0	0
"
 tid_13636_time_14:2:32:347 DPETW@ "GAZE_LOG_CALI: 614.256	451.868	616.942	456.76	885.19	470.196	886.211	475.596	275.014	454.256	278.159	459.36	545.429	472.967	547.043	478.447	
16.4834	-56.3875	285.803	-37.5572	-389.483	-50.7527	-120.56	-31.6601	13.7972	-61.2789	284.781	-42.9578	-392.63	-55.8574	-122.174	-37.1402	4.10279	-14.3303	-633.633	71.2331	-9.56716	-634.652	3.83626	-14.5096	-641.426	71.8035	-9.68648	-642.43	3.45132	-15.6543	-636.766	71.3033	-10.9767	-637.558	-0.0799675	-0.237803	0.968016	-0.0987405	-0.254718	0.961961	-0.0799675	0.0208406	0.99658	-0.0987405	0.00293526	0.995109	-0.0799675	0.0208406	0.99658	-0.0987405	0.00293526	0.995109	-4.5877	1.19417	-5.66667	0.168178	-4.5877	1.19417	-5.66667	0.168178	79.14	92.48	135.541	86.1502	441.506	515.927	756.158	480.615	595.697	493.221	1	0	0
"
 tid_13636_time_14:2:32:369 DPETW@ "GAZE_LOG_CALI: 613.691	451.833	616.305	456.809	884.525	470.058	885.596	475.537	274.364	454.324	277.455	459.392	544.8	472.9	546.381	478.356	
15.8464	-56.3386	285.187	-37.6163	-390.188	-50.7206	-121.222	-31.7516	13.2321	-61.3147	284.115	-43.0966	-393.28	-55.7889	-122.804	-37.2072	3.94319	-14.3179	-633.527	71.0709	-9.58492	-634.573	3.67462	-14.4972	-641.32	71.6393	-9.70448	-642.351	3.30892	-15.647	-636.632	71.1426	-11.0035	-637.611	-0.0755426	-0.237533	0.968438	-0.100534	-0.262948	0.959558	-0.0755426	0.0212108	0.996917	-0.100534	-0.00563641	0.994918	-0.0755426	0.0212108	0.996917	-0.100534	-0.00563641	0.994918	-4.33338	1.21538	-5.76999	-0.322944	-4.33338	1.21538	-5.76999	-0.322944	81.6547	92.7351	134.293	80.986	455.535	517.35	749.193	451.805	598.379	477.943	1	0	0
"
 tid_13636_time_14:2:32:391 DPETW@ "GAZE_LOG_CALI: 612.76	451.877	615.435	456.863	883.652	470.018	884.698	475.444	273.458	454.274	276.575	459.403	543.901	472.81	545.447	478.243	
14.9761	-56.2839	284.289	-37.7095	-391.068	-50.7095	-122.157	-31.8645	12.301	-61.2702	283.242	-43.1365	-394.186	-55.8393	-123.703	-37.2974	3.72691	-14.3093	-633.5	70.8397	-9.60984	-634.507	3.45563	-14.4884	-641.293	71.4053	-9.72973	-642.285	3.077	-15.6486	-636.656	70.9187	-11.0191	-637.561	-0.0789658	-0.241955	0.967069	-0.0988837	-0.261975	0.959995	-0.0789658	0.0165855	0.996739	-0.0988837	-0.00458324	0.995088	-0.0789658	0.0165855	0.996739	-0.0988837	-0.00458324	0.995088	-4.52975	0.950323	-5.67495	-0.262601	-4.52975	0.950323	-5.67495	-0.262601	79.3773	89.9794	135.071	81.6143	442.83	501.977	753.533	455.31	593.495	470.854	1	0	0
"
 tid_13636_time_14:2:32:417 DPETW@ "GAZE_LOG_CALI: 612.169	451.852	614.736	456.786	883.051	469.837	884.199	475.32	272.951	454.272	276.159	459.347	543.433	472.627	545.108	478.135	
14.2771	-56.3611	283.789	-37.8329	-391.483	-50.7651	-122.495	-31.9728	11.7109	-61.2953	282.641	-43.3171	-394.693	-55.8414	-124.17	-37.4806	3.55523	-14.3361	-633.957	70.744	-9.64274	-634.767	3.28202	-14.5155	-641.75	71.3082	-9.76299	-642.546	2.92913	-15.6556	-636.801	70.7917	-11.0685	-637.773	-0.0693134	-0.223939	0.972135	-0.103823	-0.262422	0.959352	-0.0693134	0.0352989	0.99697	-0.103823	-0.00518191	0.994582	-0.0693134	0.0352989	0.99697	-0.103823	-0.00518191	0.994582	-3.97704	2.0229	-5.95942	-0.296903	-3.97704	2.0229	-5.95942	-0.296903	84.9695	101.064	131.94	81.1511	474.028	563.815	736.066	452.726	603.01	504.989	1	0	0
"
 tid_13636_time_14:2:32:439 DPETW@ "GAZE_LOG_CALI: 611.892	451.939	614.434	456.81	882.773	469.721	883.847	475.251	272.683	454.253	275.777	459.385	543.061	472.577	544.584	477.952	
13.9756	-56.3372	283.437	-37.902	-391.866	-50.7272	-123.02	-32.1552	11.4333	-61.2085	282.363	-43.4337	-394.961	-55.8598	-124.543	-37.5305	3.47891	-14.3257	-633.831	70.6249	-9.66999	-634.481	3.20468	-14.5049	-641.625	71.1879	-9.79063	-642.26	2.86028	-15.6472	-636.806	70.705	-11.0868	-637.621	-0.0693823	-0.230127	0.970684	-0.0997539	-0.267776	0.958303	-0.0693823	0.0289459	0.99717	-0.0997539	-0.0106241	0.994955	-0.0693823	0.0289459	0.99717	-0.0997539	-0.0106241	0.994955	-3.98018	1.65871	-5.72532	-0.608729	-3.98018	1.65871	-5.72532	-0.608729	84.8675	97.2892	134.325	77.9211	473.459	542.757	749.371	434.706	608.245	483.355	1	0	0
"
 tid_13636_time_14:2:32:461 DPETW@ "GAZE_LOG_CALI: 611.736	451.926	614.375	456.903	882.603	469.812	883.618	475.284	272.552	454.323	275.594	459.415	543.001	472.596	544.456	478.008	
13.9163	-56.244	283.208	-37.8695	-392.049	-50.6976	-123.147	-32.0994	11.2774	-61.2214	282.193	-43.3417	-395.093	-55.7905	-124.603	-37.5118	3.46314	-14.306	-633.633	70.5859	-9.66143	-634.645	3.18863	-14.485	-641.426	71.1483	-9.78194	-642.424	2.82118	-15.6412	-636.849	70.6819	-11.076	-637.797	-0.0775994	-0.244162	0.966625	-0.0966174	-0.268102	0.958533	-0.0775994	0.0143387	0.996882	-0.0966174	-0.0108804	0.995262	-0.0775994	0.0143387	0.996881	-0.0966174	-0.0108804	0.995262	-4.45105	0.821575	-5.54475	-0.623414	-4.45105	0.821575	-5.54475	-0.623414	79.9261	88.6021	136.178	77.7328	445.892	494.294	759.71	433.656	597.256	454.412	1	0	0
"
 tid_13636_time_14:2:32:483 DPETW@ "GAZE_LOG_CALI: 611.625	452.137	614.292	457.19	882.534	470.016	883.556	475.424	272.439	454.572	275.564	459.591	542.854	472.83	544.413	478.272	
13.8334	-55.9573	283.145	-37.729	-392.079	-50.5216	-123.191	-31.8358	11.1661	-61.0099	282.124	-43.1377	-395.205	-55.5412	-124.749	-37.2778	3.44358	-14.25	-633.709	70.5739	-9.61151	-634.683	3.16886	-14.4284	-641.502	71.136	-9.73139	-642.462	2.79331	-15.5834	-636.846	70.6505	-11.0188	-637.667	-0.0780437	-0.240031	0.967623	-0.0973404	-0.258129	0.961194	-0.0780437	0.0185867	0.996777	-0.0973404	-0.000558048	0.995251	-0.0780437	0.0185867	0.996777	-0.0973404	-0.000558049	0.995251	-4.4769	1.065	-5.58604	-0.0319738	-4.4769	1.065	-5.58604	-0.0319738	79.6281	91.1867	135.724	83.993	444.229	508.712	757.18	468.58	596.937	482.445	1	0	0
"
 tid_13636_time_14:2:32:505 DPETW@ "GAZE_LOG_CALI: 611.565	452.215	614.222	457.298	882.413	470.189	883.511	475.595	272.45	454.79	275.508	459.759	542.796	472.949	544.426	478.401	
13.7636	-55.849	283.101	-37.5579	-392.135	-50.3538	-123.178	-31.7062	11.1065	-60.9324	282.003	-42.9654	-395.194	-55.3229	-124.807	-37.1587	3.42624	-14.2161	-633.731	70.573	-9.57531	-634.773	3.15131	-14.394	-641.525	71.135	-9.69472	-642.552	2.77901	-15.549	-636.956	70.6314	-10.984	-637.769	-0.0787647	-0.244355	0.966482	-0.101139	-0.258924	0.960588	-0.0787647	0.0141155	0.996793	-0.101139	-0.0014831	0.994871	-0.0787647	0.0141155	0.996793	-0.101139	-0.0014831	0.994871	-4.51801	0.808787	-5.80476	-0.0849753	-4.51801	0.808787	-5.80476	-0.0849753	79.1766	88.5331	133.401	83.4469	441.71	493.909	744.217	465.533	588.045	471.677	1	0	0
"
 tid_13636_time_14:2:32:526 DPETW@ "GAZE_LOG_CALI: 611.809	452.142	614.396	457.162	882.631	470.094	883.623	475.52	272.703	454.669	275.793	459.6	543.001	472.95	544.569	478.414	
13.9374	-55.9851	283.213	-37.6329	-391.85	-50.5127	-123.034	-31.6934	11.3504	-61.005	282.221	-43.0605	-394.941	-55.4441	-124.602	-37.1577	3.47046	-14.2568	-633.911	70.6063	-9.58369	-634.818	3.19616	-14.4352	-641.704	71.1687	-9.70319	-642.597	2.84019	-15.5736	-636.972	70.6839	-10.9954	-637.75	-0.0729451	-0.233277	0.969671	-0.0962007	-0.256414	0.961768	-0.0729451	0.0256412	0.997006	-0.0962007	0.00124706	0.995361	-0.0729452	0.0256412	0.997006	-0.0962007	0.00124706	0.995361	-4.18454	1.46929	-5.52044	0.0714515	-4.18454	1.46929	-5.52044	0.0714515	82.7088	95.3597	136.437	85.0733	461.416	531.993	761.156	474.607	609.199	499.849	1	0	0
"
 tid_13636_time_14:2:32:548 DPETW@ "GAZE_LOG_CALI: 612.025	451.965	614.523	457.021	882.853	470.05	883.898	475.45	273	454.553	276.188	459.484	543.276	472.885	544.962	478.352	
14.065	-56.1262	283.488	-37.7035	-391.455	-50.6281	-122.641	-31.7555	11.5663	-61.1821	282.443	-43.1044	-394.644	-55.5603	-124.327	-37.223	3.50457	-14.2984	-634.342	70.6967	-9.60318	-635.018	3.23089	-14.4771	-642.135	71.26	-9.72289	-642.797	2.89471	-15.6135	-637.104	70.7492	-11.0106	-637.838	-0.0650459	-0.21987	0.973358	-0.0992076	-0.250094	0.963126	-0.0650459	0.0395455	0.997098	-0.0992076	0.0077028	0.995037	-0.0650459	0.0395455	0.997098	-0.0992076	0.0077028	0.995037	-3.73241	2.26638	-5.69371	0.441342	-3.73241	2.26638	-5.69371	0.441342	87.4581	103.56	134.678	88.8972	487.911	577.742	751.34	495.94	619.625	536.841	1	0	0
"
 tid_13636_time_14:2:32:571 DPETW@ "GAZE_LOG_CALI: 612.22	451.875	614.846	456.809	882.983	469.882	884.168	475.319	273.286	454.276	276.43	459.391	543.585	472.703	545.262	478.16	
14.3873	-56.3379	283.758	-37.8341	-391.213	-50.7219	-122.341	-31.9472	11.7618	-61.2728	282.573	-43.2726	-394.358	-55.8369	-124.018	-37.4045	3.58367	-14.3337	-634.221	70.7694	-9.64408	-635.063	3.31093	-14.513	-642.015	71.3336	-9.76429	-642.841	2.9438	-15.6633	-637.259	70.8138	-11.0594	-638.127	-0.0748191	-0.234436	0.969248	-0.105726	-0.263392	0.958878	-0.0748191	0.0244122	0.996898	-0.105726	-0.00624101	0.994376	-0.0748191	0.0244122	0.996898	-0.105726	-0.00624101	0.994376	-4.29211	1.39885	-6.06911	-0.357586	-4.29211	1.39885	-6.06911	-0.357586	81.6738	94.4755	130.774	80.4319	455.642	527.06	729.56	448.714	588.299	480.954	1	0	0
"
 tid_13636_time_14:2:32:593 DPETW@ "GAZE_LOG_CALI: 612.119	451.74	614.705	456.601	882.923	469.735	884.006	475.248	273.208	454.142	276.32	459.254	543.525	472.581	545.193	477.931	
14.2463	-56.5461	283.597	-37.905	-391.323	-50.8587	-122.41	-32.1769	11.6605	-61.4074	282.513	-43.4191	-394.436	-55.9712	-124.078	-37.5264	3.54925	-14.3778	-634.265	70.7458	-9.68399	-635.215	3.27609	-14.5575	-642.058	71.3096	-9.80466	-642.994	2.91953	-15.6976	-637.283	70.7987	-11.0931	-638.125	-0.0724416	-0.231633	0.970102	-0.100928	-0.254511	0.961789	-0.0724416	0.0273407	0.996998	-0.100928	0.00309053	0.994889	-0.0724416	0.0273407	0.996998	-0.100928	0.00309053	0.994889	-4.15579	1.5667	-5.79264	0.177075	-4.15579	1.5667	-5.79264	0.177075	83.0678	96.1778	133.663	85.9859	463.419	536.557	745.681	479.698	602.476	504.791	1	0	0
"
 tid_13636_time_14:2:32:615 DPETW@ "GAZE_LOG_CALI: 611.83	451.655	614.378	456.564	882.58	469.669	883.509	475.077	272.857	454.102	276.006	459.193	543.076	472.363	544.683	477.821	
13.9194	-56.5828	283.099	-38.0767	-391.637	-50.9196	-122.921	-32.2863	11.3716	-61.4924	282.17	-43.4852	-394.787	-56.0117	-124.527	-37.7452	3.46792	-14.3904	-634.284	70.6188	-9.71875	-635.185	3.19376	-14.5703	-642.077	71.1811	-9.83987	-642.964	2.84658	-15.711	-637.184	70.6936	-11.126	-637.95	-0.0689406	-0.226502	0.971568	-0.0937619	-0.247385	0.96437	-0.0689406	0.0326759	0.997085	-0.0937619	0.0106419	0.995538	-0.0689406	0.0326759	0.997085	-0.0937619	0.0106419	0.995538	-3.95526	1.87252	-5.38037	0.60975	-3.95526	1.87252	-5.38037	0.60975	85.0888	99.3607	137.9	90.512	474.694	554.313	769.315	504.948	622.004	529.631	1	0	0
"
 tid_13636_time_14:2:32:637 DPETW@ "GAZE_LOG_CALI: 611.223	451.268	613.918	456.381	881.994	469.558	883.216	474.949	272.42	453.912	275.477	458.901	542.603	472.24	544.292	477.723	
13.4597	-56.7666	282.806	-38.2047	-392.166	-51.2112	-123.311	-32.3848	10.7646	-61.8793	281.583	-43.5964	-395.224	-56.2012	-125	-37.8673	3.35233	-14.4475	-634.177	70.5281	-9.74475	-635.028	3.07668	-14.6281	-641.97	71.0894	-9.86622	-642.806	2.69529	-15.7901	-637.461	70.5666	-11.1585	-638.132	-0.0816393	-0.248726	0.965127	-0.107189	-0.264928	0.958292	-0.0816393	0.00954193	0.996616	-0.107189	-0.00787604	0.994208	-0.0816393	0.00954193	0.996616	-0.107189	-0.00787604	0.994207	-4.68301	0.546721	-6.15351	-0.451268	-4.68301	0.546721	-6.15351	-0.451268	77.339	85.4535	129.642	79.3552	431.459	476.728	723.244	442.707	569.812	447.496	1	0	0
"
 tid_13636_time_14:2:32:659 DPETW@ "GAZE_LOG_CALI: 611.043	451.163	613.659	456.335	881.874	469.422	882.936	474.937	272.198	453.824	275.342	458.833	542.391	472.272	544.059	477.633	
13.2008	-56.8122	282.526	-38.2162	-392.301	-51.2794	-123.545	-32.4748	10.5849	-61.9844	281.463	-43.732	-395.447	-56.2891	-125.213	-37.8357	3.28948	-14.466	-634.367	70.4664	-9.75858	-635.099	3.01313	-14.6468	-642.16	71.0268	-9.88021	-642.878	2.64948	-15.8128	-637.398	70.5199	-11.169	-637.984	-0.0739801	-0.237198	0.96864	-0.0996672	-0.253395	0.962215	-0.0739801	0.0215872	0.997026	-0.0996672	0.00427838	0.995012	-0.0739801	0.0215872	0.997026	-0.0996672	0.00427838	0.995012	-4.24361	1.23695	-5.72006	0.245134	-4.24361	1.23695	-5.72006	0.245134	81.8773	92.6141	134.162	86.6588	456.777	516.675	748.463	483.452	599.832	495.539	1	0	0
"
 tid_13636_time_14:2:32:681 DPETW@ "GAZE_LOG_CALI: 611.14	451.214	613.665	456.31	881.897	469.355	882.98	474.83	272.259	453.802	275.386	458.757	542.436	472.224	544.149	477.605	
13.2067	-56.8371	282.57	-38.3234	-392.257	-51.3554	-123.454	-32.5028	10.681	-61.9332	281.486	-43.7992	-395.386	-56.3112	-125.168	-37.8837	3.29132	-14.48	-634.428	70.486	-9.77674	-635.185	3.01502	-14.661	-642.221	71.0466	-9.89858	-642.964	2.67389	-15.8076	-637.334	70.5296	-11.184	-638.018	-0.0677993	-0.227882	0.971326	-0.100665	-0.250258	0.962932	-0.0677993	0.0312808	0.997208	-0.100665	0.00749473	0.994892	-0.0677993	0.0312808	0.997208	-0.100665	0.00749473	0.994892	-3.8895	1.79255	-5.77761	0.429421	-3.8895	1.79255	-5.77761	0.429421	85.592	98.3999	133.565	88.5602	477.501	548.954	745.132	494.06	610.584	520.333	1	0	0
"
 tid_13636_time_14:2:32:703 DPETW@ "GAZE_LOG_CALI: 611.369	451.441	614.054	456.45	882.089	469.722	883.298	475.158	272.505	454.004	275.566	459.014	542.765	472.405	544.363	477.926	
13.595	-56.6969	282.888	-37.9952	-392.077	-51.0989	-123.241	-32.1811	10.9107	-61.7062	281.679	-43.4325	-395.14	-56.1088	-124.839	-37.7023	3.38611	-14.4229	-634.096	70.5466	-9.69288	-635.013	3.11084	-14.6033	-641.889	71.1081	-9.81371	-642.792	2.73119	-15.7545	-637.366	70.6023	-11.119	-638.238	-0.0810638	-0.2458	0.965925	-0.106182	-0.27398	0.955856	-0.0810638	0.0125747	0.99663	-0.106182	-0.0172509	0.994197	-0.0810638	0.0125747	0.99663	-0.106182	-0.0172509	0.994197	-4.65008	0.720499	-6.09618	-0.988454	-4.65008	0.720499	-6.09618	-0.988454	77.7251	87.3175	130.268	73.7502	433.613	487.127	726.738	411.438	571.985	435.682	1	0	0
"
 tid_13636_time_14:2:32:725 DPETW@ "GAZE_LOG_CALI: 611.66	451.927	614.355	456.876	882.303	470.149	883.409	475.549	272.728	454.305	275.886	459.421	543.024	472.935	544.51	478.381	
13.896	-56.2709	282.998	-37.6046	-391.757	-50.6911	-123.093	-31.7271	11.2017	-61.2206	281.893	-43.0052	-394.916	-55.8083	-124.58	-37.1725	3.46097	-14.3197	-634.133	70.5806	-9.58809	-635.067	3.18666	-14.4987	-641.926	71.1424	-9.70761	-642.845	2.80404	-15.6531	-637.252	70.664	-10.9999	-638.312	-0.0792321	-0.239049	0.967769	-0.100973	-0.272739	0.956775	-0.0792321	0.0195734	0.996664	-0.100973	-0.0158138	0.994763	-0.0792321	0.0195734	0.996664	-0.100973	-0.0158138	0.994764	-4.5453	1.12154	-5.7959	-0.906099	-4.5453	1.12154	-5.7959	-0.906099	78.8968	91.6098	133.474	74.7106	440.149	511.073	744.622	416.795	586.191	453.552	1	0	0
"
 tid_13636_time_14:2:32:746 DPETW@ "GAZE_LOG_CALI: 611.746	452.007	614.377	457.045	882.402	470.316	883.435	475.708	272.865	454.438	276.022	459.522	543.022	473.117	544.643	478.537	
13.9185	-56.1021	283.025	-37.4447	-391.621	-50.5908	-122.96	-31.5703	11.2878	-61.1405	281.992	-42.8383	-394.779	-55.6756	-124.581	-36.9908	3.46834	-14.2899	-634.304	70.6063	-9.55104	-635.238	3.1942	-14.4685	-642.097	71.1683	-9.67006	-643.017	2.82623	-15.6283	-637.33	70.6708	-10.9534	-638.149	-0.0747992	-0.23575	0.968931	-0.0983437	-0.253672	0.962278	-0.0747992	0.0230612	0.996932	-0.0983437	0.00402763	0.995144	-0.0747992	0.0230612	0.996932	-0.0983437	0.00402763	0.995144	-4.29083	1.32143	-5.64385	0.230767	-4.29083	1.32143	-5.64385	0.230767	81.5638	93.6881	135.091	86.6749	455.028	522.667	753.646	483.542	601.872	499.107	1	0	0
"
 tid_13636_time_14:2:32:769 DPETW@ "GAZE_LOG_CALI: 611.663	452.06	614.363	457.043	882.377	470.34	883.396	475.712	272.786	454.469	275.995	459.52	543.034	473.128	544.602	478.558	
13.9042	-56.1038	282.985	-37.4415	-391.647	-50.5921	-123.002	-31.5496	11.204	-61.0872	281.966	-42.8141	-394.859	-55.6441	-124.569	-36.9795	3.46375	-14.2901	-634.297	70.5962	-9.54807	-635.24	3.18954	-14.4688	-642.09	71.1581	-9.66705	-643.019	2.8053	-15.6178	-637.337	70.6712	-10.95	-638.212	-0.0783275	-0.234234	0.96902	-0.0974072	-0.256644	0.961585	-0.0783275	0.0245482	0.996625	-0.0974072	0.000977203	0.995244	-0.0783276	0.0245482	0.996625	-0.0974072	0.000977203	0.995244	-4.4938	1.40665	-5.58989	0.0559896	-4.4938	1.40665	-5.58989	0.0559896	79.4276	94.5863	135.652	84.8369	443.111	527.678	756.773	473.288	597.038	495.809	1	0	0
"
 tid_13636_time_14:2:32:791 DPETW@ "GAZE_LOG_CALI: 611.678	452.003	614.352	457.016	882.334	470.271	883.359	475.635	272.872	454.393	275.956	459.49	542.984	473.007	544.642	478.481	
13.8934	-56.1309	282.949	-37.518	-391.687	-50.6228	-122.961	-31.6263	11.2193	-61.1445	281.924	-42.8828	-394.772	-55.7197	-124.62	-37.1007	3.46133	-14.2962	-634.244	70.601	-9.56905	-635.364	3.18707	-14.4749	-642.037	71.1628	-9.68827	-643.142	2.80898	-15.6375	-637.461	70.6591	-10.9736	-638.197	-0.0798135	-0.245428	0.966124	-0.0981162	-0.250343	0.963173	-0.0798135	0.0129857	0.996725	-0.0981162	0.00747445	0.995147	-0.0798135	0.0129857	0.996725	-0.0981162	0.00747445	0.995147	-4.57823	0.744045	-5.63086	0.428259	-4.57823	0.744045	-5.63086	0.428259	78.5421	87.6514	135.212	88.7054	438.171	488.99	754.319	494.87	592.472	485.832	2	0	0
"
 tid_13636_time_14:2:32:812 DPETW@ "GAZE_LOG_CALI: 611.638	452.034	614.346	457.016	882.264	470.145	883.311	475.531	272.823	454.392	275.971	459.492	543.005	472.923	544.583	478.395	
13.8873	-56.1311	282.901	-37.6223	-391.672	-50.6203	-123.02	-31.7124	11.1792	-61.1131	281.853	-43.0094	-394.821	-55.7211	-124.599	-37.1849	3.46044	-14.2965	-634.272	70.5871	-9.59265	-635.349	3.18618	-14.4752	-642.065	71.1488	-9.71217	-643.128	2.79956	-15.6332	-637.437	70.6578	-11.0026	-638.347	-0.0807705	-0.241911	0.966931	-0.0986627	-0.259288	0.960747	-0.0807705	0.0165924	0.996595	-0.0986627	-0.00179295	0.995119	-0.0807705	0.0165924	0.996595	-0.0986627	-0.00179295	0.995119	-4.63349	0.950717	-5.66218	-0.102729	-4.63349	0.950717	-5.66218	-0.102729	77.9583	89.8104	134.868	83.0934	434.914	501.034	752.402	463.561	588.984	474.671	1	1	1
"
 tid_13636_time_14:2:32:834 DPETW@ "GAZE_LOG_CALI: 611.373	452.241	614.014	457.277	882.02	470.161	883.137	475.534	272.596	454.645	275.719	459.667	542.805	473.036	544.375	478.418	
13.5552	-55.8697	282.727	-37.6193	-391.924	-50.446	-123.229	-31.6897	10.9143	-60.9067	281.61	-42.9933	-395.049	-55.4685	-124.798	-37.0712	3.37814	-14.2451	-634.402	70.5373	-9.58861	-635.291	3.10291	-14.4231	-642.195	71.0984	-9.70808	-643.07	2.73354	-15.577	-637.493	70.6044	-10.9875	-638.418	-0.0760802	-0.237671	0.968362	-0.101861	-0.263788	0.959187	-0.0760802	0.0210575	0.996879	-0.101861	-0.00654389	0.994777	-0.0760802	0.0210575	0.996879	-0.101861	-0.00654389	0.994777	-4.36426	1.20659	-5.84648	-0.37494	-4.36426	1.20659	-5.84648	-0.37494	80.6931	92.5069	132.872	80.2442	450.171	516.078	741.266	447.666	591.135	474.346	1	1	1
"
 tid_13636_time_14:2:32:856 DPETW@ "GAZE_LOG_CALI: 611.05	452.203	613.578	457.212	881.694	470.106	882.772	475.451	272.335	454.757	275.431	459.683	542.482	472.873	544.085	478.353	
13.1191	-55.935	282.362	-37.702	-392.212	-50.4292	-123.519	-31.7549	10.5914	-60.9439	281.283	-43.0481	-395.309	-55.356	-125.122	-37.2343	3.27044	-14.2565	-634.642	70.4594	-9.6089	-635.408	2.99397	-14.4346	-642.435	71.0194	-9.72861	-643.187	2.65308	-15.57	-637.591	70.5228	-11.015	-638.418	-0.0683582	-0.227667	0.971337	-0.100038	-0.259124	0.960649	-0.0683582	0.0314908	0.997164	-0.100038	-0.00165989	0.994982	-0.0683582	0.0314908	0.997164	-0.100038	-0.00165988	0.994982	-3.92164	1.80459	-5.74136	-0.0951044	-3.92164	1.80459	-5.74136	-0.0951044	85.2156	98.6985	133.895	83.1423	475.401	550.619	746.974	463.834	609.389	504.273	1	1	1
"
 tid_13636_time_14:2:32:878 DPETW@ "GAZE_LOG_CALI: 610.295	451.837	612.904	456.793	880.881	469.693	881.976	475.094	271.573	454.355	274.716	459.363	541.687	472.45	543.345	477.872	
12.4457	-56.3545	281.565	-38.0597	-392.927	-50.7492	-124.258	-32.2361	9.83652	-61.3106	280.47	-43.4608	-396.071	-55.7583	-125.916	-37.6577	3.10235	-14.3473	-634.57	70.27	-9.71519	-635.49	2.82376	-14.5266	-642.363	70.8277	-9.83621	-643.269	2.46397	-15.6662	-637.577	70.3216	-11.1206	-638.438	-0.0729401	-0.231037	0.970207	-0.100731	-0.255632	0.961512	-0.0729401	0.0279431	0.996945	-0.100731	0.00193639	0.994912	-0.0729401	0.0279431	0.996945	-0.100731	0.00193639	0.994912	-4.18451	1.60123	-5.78125	0.110947	-4.18451	1.60123	-5.78125	0.110947	82.2919	96.4995	133.276	85.1881	459.09	538.352	743.519	475.247	598.957	503.047	1	1	1
"
 tid_13636_time_14:2:32:900 DPETW@ "GAZE_LOG_CALI: 609.964	451.686	612.536	456.594	880.551	469.472	881.47	474.86	271.297	454.125	274.4	459.142	541.421	472.157	543.014	477.593	
12.0776	-56.5531	281.059	-38.293	-393.244	-50.9703	-124.589	-32.5147	9.50589	-61.4618	280.14	-43.6823	-396.347	-55.9884	-126.183	-37.9503	3.0112	-14.4016	-634.648	70.1749	-9.78365	-635.777	2.73151	-14.5815	-642.441	70.7311	-9.90546	-643.556	2.38131	-15.7163	-637.667	70.25	-11.187	-638.542	-0.0711791	-0.230651	0.97043	-0.0925624	-0.246565	0.964696	-0.0711791	0.0283737	0.99706	-0.0925624	0.0115181	0.99564	-0.0711791	0.0283737	0.99706	-0.0925624	0.0115181	0.99564	-4.08336	1.62591	-5.31139	0.659952	-4.08336	1.62591	-5.31139	0.659952	83.2574	96.6845	138.127	90.8294	464.476	539.384	770.584	506.719	617.204	522.52	1	1	1
"
 tid_13636_time_14:2:32:923 DPETW@ "GAZE_LOG_CALI: 609.866	451.617	612.46	456.526	880.501	469.314	881.489	474.707	271.284	454.023	274.407	459.006	541.316	472.125	542.977	477.495	
12.0011	-56.6212	281.078	-38.4467	-393.236	-51.1071	-124.627	-32.6129	9.40725	-61.5302	280.089	-43.8404	-396.36	-56.0905	-126.288	-37.9824	2.99239	-14.4303	-634.789	70.1695	-9.81372	-635.683	2.71253	-14.6106	-642.582	70.7257	-9.93593	-643.462	2.35749	-15.741	-637.799	70.2277	-11.2094	-638.456	-0.0720572	-0.229412	0.970658	-0.0959742	-0.245424	0.964653	-0.0720572	0.0296296	0.99696	-0.0959742	0.0126091	0.995304	-0.0720572	0.0296296	0.99696	-0.0959742	0.0126091	0.995304	-4.13397	1.6979	-5.50783	0.722469	-4.13397	1.6979	-5.50783	0.722469	82.6977	97.3797	136.053	91.4841	461.354	543.262	759.01	510.371	609.788	526.193	1	1	1
"
 tid_13636_time_14:2:32:946 DPETW@ "GAZE_LOG_CALI: 610.066	451.815	612.67	456.631	880.745	469.462	881.744	474.94	271.479	454.196	274.625	459.296	541.625	472.252	543.258	477.615	
12.2115	-56.5166	281.333	-38.2137	-393.018	-50.8163	-124.345	-32.4922	9.60708	-61.3321	280.334	-43.6925	-396.165	-55.9171	-125.979	-37.8555	3.04462	-14.3812	-634.805	70.2381	-9.77011	-635.726	2.76542	-14.5609	-642.598	70.7951	-9.89177	-643.505	2.40678	-15.6944	-637.801	70.3006	-11.1767	-638.562	-0.0725635	-0.229338	0.970638	-0.0963816	-0.250405	0.963332	-0.0725635	0.0296964	0.996922	-0.0963816	0.00745608	0.995316	-0.0725635	0.0296964	0.996922	-0.0963816	0.00745608	0.995317	-4.16308	1.70173	-5.531	0.427206	-4.16308	1.70173	-5.531	0.427206	82.4427	97.465	135.872	88.4053	459.932	543.738	758.001	493.196	607.893	516.75	1	1	1
"
 tid_13636_time_14:2:32:968 DPETW@ "GAZE_LOG_CALI: 610.35	451.804	613.046	456.575	880.99	469.467	882.006	474.866	271.866	454.149	274.94	459.317	541.891	472.216	543.448	477.649	
12.5879	-56.572	281.595	-38.2876	-392.704	-50.7951	-124.156	-32.4584	9.89163	-61.3438	280.579	-43.6877	-395.778	-55.9645	-125.712	-37.8915	3.13823	-14.3831	-634.704	70.2909	-9.7734	-635.617	2.86015	-14.5628	-642.497	70.8487	-9.89512	-643.396	2.47924	-15.7056	-637.961	70.366	-11.1812	-638.598	-0.0811738	-0.243538	0.966489	-0.0967011	-0.257666	0.961383	-0.0811738	0.0149064	0.996588	-0.0967011	-6.18249e-05	0.995313	-0.0811738	0.0149064	0.996588	-0.0967011	-6.18249e-05	0.995313	-4.65656	0.854104	-5.54924	-0.00354231	-4.65656	0.854104	-5.54924	-0.00354231	77.3577	88.6079	135.743	83.8919	431.563	494.326	757.28	468.016	589.706	473.446	1	1	1
"
 tid_13636_time_14:2:32:990 DPETW@ "GAZE_LOG_CALI: 610.47	451.649	613.097	456.48	881.071	469.315	882.192	474.686	271.98	454.072	275.171	459.101	542.009	472.112	543.589	477.55	
12.6382	-56.6674	281.782	-38.4671	-392.473	-51.0113	-124.014	-32.5573	10.0115	-61.4981	280.66	-43.8387	-395.664	-56.0415	-125.595	-37.9957	3.15282	-14.4284	-634.987	70.3295	-9.80709	-635.545	2.87505	-14.6086	-642.78	70.8879	-9.92925	-643.324	2.50887	-15.7345	-637.957	70.3932	-11.2144	-638.664	-0.0737323	-0.226706	0.971168	-0.101828	-0.264496	0.958996	-0.0737323	0.0323756	0.996752	-0.101828	-0.00727668	0.994776	-0.0737323	0.0323756	0.996752	-0.101828	-0.00727668	0.994775	-4.23061	1.85531	-5.84458	-0.416927	-4.23061	1.85531	-5.84458	-0.416927	81.8307	98.9897	132.662	79.5212	456.517	552.244	740.097	443.633	595.116	492.804	1	1	1
"
 tid_13636_time_14:2:33:13 DPETW@ "GAZE_LOG_CALI: 610.43	451.347	613.068	456.374	880.936	469.154	882.031	474.523	271.95	453.899	275.089	458.819	541.934	472.008	543.523	477.411	
12.61	-56.773	281.621	-38.6301	-392.554	-51.2938	-124.081	-32.6971	9.97104	-61.8006	280.525	-44	-395.694	-56.2147	-125.67	-38.0992	3.14519	-14.4751	-634.905	70.306	-9.84721	-635.692	2.86728	-14.6559	-642.698	70.8639	-9.96983	-643.471	2.49904	-15.7945	-637.971	70.3698	-11.2492	-638.756	-0.0755202	-0.233513	0.969416	-0.100637	-0.260555	0.9602	-0.0755202	0.0253473	0.996822	-0.100637	-0.00315838	0.994918	-0.0755202	0.0253473	0.996822	-0.100637	-0.00315838	0.994918	-4.33251	1.45245	-5.77589	-0.180962	-4.33251	1.45245	-5.77589	-0.180962	80.7588	94.7387	133.353	81.9305	450.537	528.529	743.948	457.074	593.595	486.898	1	1	1
"
 tid_13636_time_14:2:33:34 DPETW@ "GAZE_LOG_CALI: 610.363	451.265	612.942	456.36	880.906	469.16	881.941	474.472	271.891	453.854	274.991	458.721	541.94	471.971	543.44	477.348	
12.4831	-56.7872	281.53	-38.6818	-392.652	-51.3921	-124.164	-32.7601	9.90427	-61.8824	280.495	-43.9947	-395.754	-56.2588	-125.663	-38.137	3.11433	-14.4901	-634.944	70.2846	-9.86173	-635.702	2.83606	-14.6711	-642.737	70.8423	-9.98453	-643.481	2.48195	-15.8107	-637.987	70.3685	-11.2542	-638.808	-0.0723076	-0.232716	0.969853	-0.0973741	-0.260962	0.960425	-0.0723076	0.0262305	0.997037	-0.0973741	-0.00349402	0.995242	-0.0723076	0.0262305	0.997037	-0.0973741	-0.00349402	0.995242	-4.14797	1.50307	-5.58802	-0.200193	-4.14797	1.50307	-5.58802	-0.200193	82.6645	95.2421	135.32	81.7116	461.169	531.337	754.923	455.853	605.061	488.622	1	1	1
"
 tid_13636_time_14:2:33:56 DPETW@ "GAZE_LOG_CALI: 610.307	451.276	612.943	456.37	880.859	469.197	881.926	474.47	271.82	453.835	274.931	458.718	541.874	471.949	543.447	477.361	
12.484	-56.7775	281.515	-38.6829	-392.712	-51.3951	-124.156	-32.7463	9.84885	-61.8713	280.448	-43.9574	-395.824	-56.2786	-125.729	-38.1587	3.11318	-14.4873	-634.858	70.2849	-9.86073	-635.741	2.83486	-14.6683	-642.651	70.8426	-9.98351	-643.52	2.4678	-15.8113	-637.966	70.3536	-11.2519	-638.785	-0.0758924	-0.236329	0.968705	-0.0992624	-0.257457	0.961178	-0.0758924	0.0224427	0.996863	-0.0992624	8.64565e-05	0.995061	-0.0758924	0.0224427	0.996863	-0.0992624	8.64565e-05	0.995061	-4.3536	1.28598	-5.6967	0.0049536	-4.3536	1.28598	-5.6967	0.0049536	80.5084	92.9923	134.166	83.864	449.14	518.786	748.483	467.861	595.295	487.611	1	1	1
"
 tid_13636_time_14:2:33:78 DPETW@ "GAZE_LOG_CALI: 610.191	451.274	612.823	456.361	880.746	469.185	881.826	474.474	271.714	453.882	274.834	458.823	541.812	471.963	543.356	477.362	
12.3642	-56.7866	281.415	-38.6795	-392.809	-51.2901	-124.248	-32.7459	9.73221	-61.8733	280.335	-43.9688	-395.93	-56.2312	-125.791	-38.1446	3.08376	-14.4761	-634.89	70.2614	-9.86049	-635.754	2.80509	-14.6569	-642.682	70.8188	-9.98326	-643.533	2.43909	-15.8059	-637.976	70.334	-11.2529	-638.86	-0.0753267	-0.236489	0.96871	-0.0995982	-0.260856	0.960226	-0.0753267	0.0222895	0.99691	-0.0995982	-0.00344287	0.995022	-0.0753267	0.0222895	0.99691	-0.0995982	-0.00344287	0.995022	-4.32107	1.2772	-5.71607	-0.197262	-4.32107	1.2772	-5.71607	-0.197262	80.818	92.9033	133.935	81.7296	450.867	518.289	747.199	455.953	595.052	480.582	1	1	1
"
 tid_13636_time_14:2:33:101 DPETW@ "GAZE_LOG_CALI: 609.892	451.255	612.511	456.211	880.496	469.029	881.548	474.366	271.429	453.786	274.566	458.707	541.533	471.825	543.12	477.305	
12.0527	-56.9361	281.137	-38.7877	-393.077	-51.4054	-124.483	-32.8026	9.43374	-61.8922	280.084	-44.1254	-396.215	-56.3272	-126.07	-38.2824	3.00638	-14.5107	-634.958	70.1994	-9.88215	-635.821	2.72677	-14.6919	-642.751	70.7559	-10.0052	-643.6	2.36497	-15.8207	-637.988	70.2659	-11.2891	-638.813	-0.073701	-0.229929	0.970413	-0.0983934	-0.257816	0.961171	-0.073701	0.0290665	0.996857	-0.0983934	-0.000261292	0.995148	-0.073701	0.0290665	0.996857	-0.0983934	-0.000261292	0.995148	-4.22838	1.66562	-5.64666	-0.0149709	-4.22838	1.66562	-5.64666	-0.0149709	81.7096	96.925	134.602	83.6125	455.841	540.725	750.917	466.457	600.9	499.584	1	1	1
"
 tid_13636_time_14:2:33:123 DPETW@ "GAZE_LOG_CALI: 609.323	451.08	611.971	456.087	879.853	468.856	880.987	474.309	270.859	453.651	273.974	458.537	540.935	471.635	542.436	476.982	
11.513	-57.0598	280.576	-38.8445	-393.67	-51.5761	-125.167	-33.1252	8.86452	-62.0672	279.441	-44.2985	-396.785	-56.462	-126.668	-38.4731	2.87188	-14.5455	-634.864	70.037	-9.92669	-635.617	2.59056	-14.7272	-642.657	70.5917	-10.0503	-643.396	2.22176	-15.8598	-637.992	70.1122	-11.3362	-638.886	-0.0765893	-0.235207	0.968923	-0.101699	-0.272752	0.956694	-0.0765893	0.0235828	0.996784	-0.101699	-0.0158475	0.994689	-0.0765893	0.0235828	0.996784	-0.101699	-0.0158475	0.994689	-4.39377	1.35132	-5.83773	-0.908032	-4.39377	1.35132	-5.83773	-0.908032	79.8425	93.6196	132.435	74.2089	445.425	522.285	738.827	413.997	586.246	458.361	1	1	1
"
 tid_13636_time_14:2:33:144 DPETW@ "GAZE_LOG_CALI: 608.899	451.028	611.462	455.971	879.475	468.698	880.432	474.069	270.366	453.594	273.462	458.471	540.508	471.395	542.177	476.837	
11.0033	-57.1766	280.021	-39.0842	-394.182	-51.642	-125.427	-33.2702	8.44014	-62.1197	279.063	-44.4561	-397.279	-56.5197	-127.096	-38.7127	2.7444	-14.5684	-634.863	69.9508	-9.98227	-636.097	2.46149	-14.7503	-642.655	70.504	-10.1065	-643.876	2.11526	-15.8708	-637.874	70.0085	-11.3849	-638.807	-0.0703312	-0.227609	0.971209	-0.0943595	-0.243447	0.965313	-0.0703312	0.0315137	0.997026	-0.0943595	0.0146897	0.99543	-0.0703312	0.0315137	0.997026	-0.0943596	0.0146897	0.99543	-4.03502	1.8059	-5.41505	0.841688	-4.03502	1.8059	-5.41505	0.841688	83.4835	98.357	136.779	92.4721	465.738	548.714	763.063	515.884	614.4	532.299	1	1	1
"
 tid_13636_time_14:2:33:166 DPETW@ "GAZE_LOG_CALI: 608.6	451.062	611.336	455.999	879.108	468.67	880.334	474.04	270.069	453.582	273.334	458.539	540.204	471.416	541.705	476.776	
10.8777	-57.1481	279.922	-39.1138	-394.309	-51.5732	-125.899	-33.3312	8.1418	-62.0849	278.696	-44.4839	-397.576	-56.5312	-127.4	-38.6919	2.71253	-14.5563	-634.866	69.8597	-9.98431	-635.491	2.42922	-14.7381	-642.659	70.4123	-10.1087	-643.271	2.04047	-15.868	-637.876	69.9272	-11.3875	-638.904	-0.0788545	-0.229177	0.970186	-0.106007	-0.279478	0.954282	-0.0788545	0.0297346	0.996443	-0.106007	-0.022969	0.9941	-0.0788545	0.0297346	0.996443	-0.106007	-0.022969	0.9941	-4.52473	1.70392	-6.08677	-1.31614	-4.52473	1.70392	-6.08677	-1.31614	78.3043	97.3101	129.63	69.8792	436.844	542.873	723.182	389.842	573.195	455.348	1	1	1
"
 tid_13636_time_14:2:33:188 DPETW@ "GAZE_LOG_CALI: 608.586	450.979	611.313	455.917	879.13	468.558	880.328	473.916	270.077	453.489	273.323	458.404	540.199	471.29	541.728	476.603	
10.8549	-57.2299	279.917	-39.2374	-394.321	-51.7083	-125.876	-33.5045	8.12727	-62.1685	278.718	-44.5961	-397.568	-56.6247	-127.404	-38.818	2.70762	-14.5836	-634.876	69.8633	-10.0221	-635.533	2.42426	-14.7658	-642.668	70.4159	-10.1469	-643.312	2.03658	-15.8912	-637.918	69.9281	-11.4167	-638.86	-0.0791571	-0.229796	0.970014	-0.104777	-0.272738	0.956366	-0.0791571	0.0290923	0.996438	-0.104777	-0.0159188	0.994368	-0.0791571	0.0290923	0.996438	-0.104777	-0.0159188	0.994368	-4.54204	1.6671	-6.0151	-0.912118	-4.54204	1.6671	-6.0151	-0.912118	78.1171	96.8952	130.391	74.0929	435.8	540.559	727.423	413.349	575.753	467.617	1	1	1
"
 tid_13636_time_14:2:33:210 DPETW@ "GAZE_LOG_CALI: 612.804	450.728	613.355	455.965	883.82	468.634	882.318	474.013	274.236	453.25	275.407	458.566	544.919	471.301	544.015	476.691	
12.8967	-57.1823	281.907	-39.1407	-392.236	-51.5468	-123.588	-33.4171	12.3453	-62.419	283.41	-44.5201	-393.408	-56.8634	-122.685	-38.8067	3.21658	-14.5591	-634.962	70.4147	-10.0063	-636.025	2.9396	-14.7409	-642.755	70.9737	-10.1308	-643.804	3.09368	-15.9499	-637.839	71.1137	-11.4062	-638.933	0.0304216	-0.238704	0.970616	0.0277919	-0.2532	0.967015	0.0304216	0.0206435	0.999324	0.0277919	0.00570908	0.999597	0.0304217	0.0206435	0.999324	0.0277919	0.00570908	0.999597	1.74367	1.18287	1.59259	0.327108	1.74367	1.18287	1.59259	0.327108	144.431	91.7857	210.946	87.029	805.749	512.054	1176.82	485.518	991.286	498.786	1	1	1
"
 tid_13636_time_14:2:33:233 DPETW@ "GAZE_LOG_CALI: 618.918	450.84	616.538	456.181	888.285	468.88	884.638	474.315	280.271	453.392	278.555	458.573	549.613	471.67	546.429	476.996	
16.0792	-56.9664	284.228	-38.8386	-389.087	-51.5394	-121.174	-33.112	18.4594	-62.3071	287.878	-44.2751	-387.37	-56.7211	-117.99	-38.4379	4.0101	-14.5298	-634.924	71.0131	-9.93246	-636.196	3.74298	-14.7112	-642.717	71.5794	-10.056	-643.974	4.62411	-15.9148	-637.755	72.2796	-11.3351	-639.332	0.170048	-0.232276	0.95767	0.143909	-0.262867	0.954039	0.170048	0.0235017	0.985155	0.143909	-0.00698656	0.989566	0.170048	0.0235017	0.985156	0.143909	-0.00698656	0.989566	9.79334	1.34667	8.27429	-0.400304	9.79334	1.34667	8.27429	-0.400304	230.369	93.7388	282.278	79.3792	1285.18	522.95	1574.77	442.841	1442.89	466.493	1	1	1
"
 tid_13636_time_14:2:33:255 DPETW@ "GAZE_LOG_CALI: 618.788	450.696	616.466	455.96	888.196	468.775	884.578	474.206	279.955	453.246	278.508	458.482	549.508	471.487	546.452	476.894	
16.0077	-57.1876	284.168	-38.9476	-389.134	-51.6306	-121.151	-33.2135	18.3298	-62.4517	287.788	-44.3798	-387.687	-56.8668	-118.095	-38.6208	3.99234	-14.5697	-634.966	71.0133	-9.96094	-636.333	3.72502	-14.7517	-642.759	71.5794	-10.0848	-644.112	4.58949	-15.9438	-637.454	72.2542	-11.3708	-639.307	0.156999	-0.216505	0.963575	0.134428	-0.256187	0.957234	0.156999	0.0402634	0.986778	0.134428	0.000292957	0.990923	0.156999	0.0402634	0.986778	0.134428	0.000292957	0.990923	9.04015	2.30755	7.72552	0.0167852	9.04015	2.30755	7.72552	0.0167852	222.267	103.839	276.423	83.7386	1239.98	579.295	1542.11	467.161	1396.88	515.694	1	1	1
"
 tid_13636_time_14:2:33:276 DPETW@ "GAZE_LOG_CALI: 618.757	450.427	616.465	455.674	888.392	468.628	884.65	474.08	280.038	453.051	278.443	458.267	549.777	471.386	546.583	476.651	
16.0061	-57.4734	284.24	-39.0739	-389.199	-51.8457	-121.02	-33.4566	18.2988	-62.7208	287.985	-44.5272	-387.604	-57.0625	-117.827	-38.7219	3.99112	-14.63	-634.866	71.0418	-10.0086	-636.421	3.72374	-14.8128	-642.66	71.6082	-10.133	-644.199	4.58313	-16.0066	-637.635	72.3167	-11.404	-639.419	0.16416	-0.228048	0.959711	0.141807	-0.254365	0.956655	0.16416	0.0281145	0.986033	0.141807	0.00190285	0.989892	0.16416	0.0281145	0.986033	0.141807	0.00190285	0.989892	9.45223	1.61105	8.15246	0.109025	9.45223	1.61105	8.15246	0.109025	226.669	96.4421	281.03	84.6477	1264.54	538.031	1567.81	472.233	1425.74	493.078	1	1	1
"
 tid_13636_time_14:2:33:298 DPETW@ "GAZE_LOG_CALI: 618.906	450.193	616.692	455.448	888.61	468.517	885.228	473.836	280.181	452.791	278.583	457.948	550.078	471.246	547.052	476.58	
16.2331	-57.6988	284.818	-39.3179	-389.06	-52.1646	-120.551	-33.5275	18.448	-62.9541	288.202	-44.6375	-387.461	-57.3222	-117.525	-38.8621	4.04689	-14.6948	-634.727	71.1671	-10.0453	-636.253	3.78014	-14.8784	-642.52	71.7352	-10.1702	-644.032	4.61979	-16.0685	-637.638	72.387	-11.4379	-639.558	0.164795	-0.233575	0.958272	0.138839	-0.270032	0.952789	0.164795	0.0224032	0.986073	0.138839	-0.0142309	0.990213	0.164795	0.0224032	0.986073	0.138839	-0.0142309	0.990213	9.48773	1.28372	7.98147	-0.815396	9.48773	1.28372	7.98147	-0.815396	227.081	92.9427	279.302	74.8577	1266.84	518.509	1558.17	417.616	1425.07	451.07	1	1	1
"
 tid_13636_time_14:2:33:320 DPETW@ "GAZE_LOG_CALI: 619.216	450.043	617.012	455.347	888.852	468.434	885.329	473.768	280.489	452.67	279.051	457.74	550.373	471.212	547.301	476.562	
16.5532	-57.8005	284.92	-39.386	-388.591	-52.3722	-120.302	-33.5452	18.7571	-63.1044	288.445	-44.721	-387.153	-57.4427	-117.23	-38.896	4.12879	-14.7388	-634.96	71.2193	-10.0597	-636.493	3.86316	-14.9228	-642.753	71.7878	-10.1848	-644.272	4.69724	-16.1024	-637.635	72.4579	-11.4543	-639.65	0.156848	-0.221812	0.962392	0.138482	-0.262351	0.954984	0.156848	0.0348319	0.987008	0.138482	-0.0062436	0.990345	0.156848	0.0348319	0.987008	0.138482	-0.0062436	0.990345	9.02951	1.99612	7.96017	-0.357734	9.02951	1.99612	7.96017	-0.357734	222.283	100.372	279.159	79.6307	1240.07	559.955	1557.37	444.244	1407.01	491.182	1	1	1
"
 tid_13636_time_14:2:33:343 DPETW@ "GAZE_LOG_CALI: 619.338	450.117	617.196	455.302	889.027	468.477	885.393	473.816	280.68	452.69	279.167	457.772	550.61	471.2	547.456	476.554	
16.7378	-57.8454	284.984	-39.3381	-388.475	-52.3404	-120.147	-33.5533	18.8796	-63.0304	288.619	-44.6782	-386.962	-57.4235	-116.993	-38.9077	4.17369	-14.738	-634.857	71.252	-10.0571	-636.646	3.90858	-14.9221	-642.65	71.8208	-10.1821	-644.424	4.72943	-16.0932	-637.737	72.5131	-11.452	-639.745	0.160409	-0.228859	0.960152	0.141356	-0.259315	0.955392	0.160409	0.0274447	0.986669	0.141356	-0.00320569	0.989954	0.160409	0.0274447	0.986669	0.141356	-0.00320569	0.989954	9.23416	1.57266	8.12637	-0.183673	9.23416	1.57266	8.12637	-0.183673	224.507	95.9204	280.993	81.4378	1252.48	535.121	1567.6	454.325	1419.97	481.803	1	1	1
"
 tid_13636_time_14:2:33:365 DPETW@ "GAZE_LOG_CALI: 619.325	449.865	617.19	455.151	888.95	468.23	885.455	473.571	280.633	452.395	279.135	457.523	550.526	470.987	547.435	476.381	
16.7316	-57.9967	285.046	-39.5829	-388.507	-52.59	-120.168	-33.7265	18.8663	-63.2829	288.542	-44.925	-387.008	-57.7179	-117.077	-39.1203	4.17209	-14.7871	-634.813	71.2525	-10.1073	-636.508	3.90694	-14.9718	-642.607	71.8214	-10.2329	-644.286	4.72482	-16.1608	-637.697	72.4926	-11.5098	-639.74	0.159833	-0.232364	0.959406	0.140723	-0.26769	0.953173	0.159833	0.0238657	0.986856	0.140723	-0.0118694	0.989978	0.159833	0.0238657	0.986856	0.140723	-0.0118694	0.989978	9.19982	1.36754	8.09025	-0.680082	9.19982	1.36754	8.09025	-0.680082	224.128	93.7079	280.585	76.1607	1250.36	522.778	1565.33	424.885	1419.45	458.122	1	1	1
"
 tid_13636_time_14:2:33:387 DPETW@ "GAZE_LOG_CALI: 619.26	449.37	616.951	454.474	888.856	467.846	885.333	473.186	280.524	451.899	279.07	457.227	550.497	470.592	547.357	475.952	
16.492	-58.673	284.924	-39.9682	-388.572	-52.8857	-120.246	-34.1559	18.8016	-63.7778	288.449	-45.3088	-387.117	-58.2147	-117.107	-39.5153	4.11381	-14.915	-635.099	71.23	-10.2105	-636.581	3.84806	-15.1013	-642.892	71.7986	-10.3374	-644.359	4.70875	-16.2833	-637.617	72.4811	-11.6098	-639.848	0.157238	-0.215934	0.963664	0.14408	-0.268607	0.952413	0.157238	0.0408387	0.986716	0.14408	-0.0129515	0.989481	0.157238	0.0408387	0.986716	0.14408	-0.0129515	0.989481	9.05425	2.34054	8.28471	-0.742086	9.05425	2.34054	8.28471	-0.742086	222.547	103.819	282.653	75.3789	1241.55	579.185	1576.86	420.524	1418.61	487.711	1	1	1
"
 tid_13636_time_14:2:33:409 DPETW@ "GAZE_LOG_CALI: 619.19	448.962	617.02	454.239	888.893	467.465	885.367	472.716	280.598	451.5	279.098	456.595	550.545	470.146	547.418	475.531	
16.5614	-58.9085	284.958	-40.4379	-388.544	-53.5182	-120.185	-34.577	18.7311	-64.1859	288.486	-45.6895	-387.044	-58.6137	-117.059	-39.9615	4.13144	-15.0218	-635.023	71.2437	-10.3228	-636.629	3.86588	-15.2094	-642.816	71.8124	-10.4512	-644.407	4.69316	-16.3903	-637.844	72.4922	-11.7141	-639.858	0.159799	-0.2281	0.960435	0.142525	-0.264776	0.953719	0.159799	0.0282513	0.986745	0.142525	-0.00891323	0.989751	0.159799	0.0282513	0.986745	0.142525	-0.00891323	0.989751	9.19895	1.6189	8.19431	-0.510697	9.19895	1.6189	8.19431	-0.510697	224.1	96.0906	281.7	77.7131	1250.21	536.07	1571.55	433.546	1421.78	470.421	1	1	1
"
 tid_13636_time_14:2:33:431 DPETW@ "GAZE_LOG_CALI: 619.376	448.948	617.229	454.225	889.084	467.455	885.533	472.701	280.801	451.549	279.255	456.618	550.718	470.203	547.62	475.544	
16.7703	-58.9221	285.124	-40.4526	-388.387	-53.4952	-119.983	-34.5641	18.9176	-64.1994	288.677	-45.6995	-386.84	-58.5645	-116.885	-39.905	4.18294	-15.0187	-634.942	71.2915	-10.3238	-636.68	3.91799	-15.2063	-642.735	71.8608	-10.4522	-644.458	4.73996	-16.3865	-637.874	72.5375	-11.7079	-639.842	0.162129	-0.232792	0.958917	0.140079	-0.25991	0.955418	0.162129	0.0233267	0.986494	0.140079	-0.00377338	0.990133	0.162129	0.0233267	0.986494	0.140079	-0.00377338	0.990133	9.33306	1.33664	8.0525	-0.216199	9.33306	1.33664	8.0525	-0.216199	225.579	93.1277	280.236	80.8236	1258.46	519.541	1563.38	450.899	1421.78	470.888	1	1	1
"
 tid_13636_time_14:2:33:453 DPETW@ "GAZE_LOG_CALI: 619.572	449.257	617.276	454.474	889.217	467.837	885.767	473.047	281.036	451.863	279.357	457.025	550.9	470.576	547.956	475.911	
16.818	-58.6731	285.358	-40.1071	-388.285	-53.0879	-119.648	-34.1964	19.1133	-63.8904	288.81	-45.3174	-386.605	-58.2498	-116.703	-39.532	4.19516	-14.9388	-635.032	71.3687	-10.2371	-636.849	3.93039	-15.1253	-642.825	71.9387	-10.3643	-644.627	4.78881	-16.31	-637.947	72.5798	-11.6141	-639.917	0.168535	-0.232596	0.95786	0.130441	-0.254289	0.958291	0.168535	0.0232413	0.985422	0.130441	0.00240006	0.991453	0.168535	0.0232413	0.985422	0.130441	0.00240006	0.991453	9.70529	1.33175	7.49512	0.137513	9.70529	1.33175	7.49512	0.137513	229.609	93.1487	274.376	84.6144	1280.94	519.658	1530.69	472.047	1415.27	483.463	1	1	1
"
 tid_13636_time_14:2:33:474 DPETW@ "GAZE_LOG_CALI: 619.568	449.373	617.274	454.605	889.255	467.927	885.748	473.204	280.975	451.944	279.398	457.225	550.875	470.705	547.922	476.125	
16.8154	-58.5418	285.339	-39.9498	-388.244	-52.888	-119.681	-33.9826	19.1092	-63.7742	288.848	-45.228	-386.667	-58.1695	-116.728	-39.4023	4.19489	-14.899	-635.102	71.3614	-10.1902	-636.829	3.93015	-15.085	-642.895	71.9314	-10.3169	-644.607	4.78756	-16.2829	-637.848	72.5778	-11.5847	-639.815	0.163076	-0.22783	0.959948	0.12933	-0.253622	0.958619	0.163076	0.0283864	0.986205	0.12933	0.00312898	0.991597	0.163076	0.0283864	0.986205	0.12933	0.00312898	0.991597	9.38928	1.62664	7.4309	0.179277	9.38928	1.62664	7.4309	0.179277	226.225	96.2848	273.682	85.1074	1262.06	537.154	1526.82	474.797	1402.03	495.946	1	1	1
"
 tid_13636_time_14:2:33:497 DPETW@ "GAZE_LOG_CALI: 619.393	449.253	617.131	454.48	889.033	467.824	885.45	473.028	280.804	451.8	279.3	456.999	550.746	470.54	547.616	475.842	
16.6722	-58.6674	285.041	-40.126	-388.342	-53.1141	-119.988	-34.266	18.9345	-63.895	288.626	-45.331	-386.838	-58.3132	-116.857	-39.5678	4.15964	-14.9447	-635.175	71.285	-10.2476	-636.808	3.8945	-15.1313	-642.968	71.854	-10.375	-644.586	4.74335	-16.3164	-637.86	72.5391	-11.6213	-639.969	0.159794	-0.223098	0.96161	0.141799	-0.257975	0.955689	0.159794	0.0333869	0.986586	0.141799	-0.00183377	0.989894	0.159794	0.0333869	0.986586	0.141799	-0.00183377	0.989894	9.20009	1.91329	8.15195	-0.105067	9.20009	1.91329	8.15195	-0.105067	224.168	99.2522	281.315	82.043	1250.59	553.708	1569.4	457.701	1418.95	494.277	1	1	1
"
 tid_13636_time_14:2:33:523 DPETW@ "GAZE_LOG_CALI: 618.967	448.999	616.655	454.287	888.676	467.597	885.238	472.806	280.567	451.519	279.017	456.621	550.46	470.238	547.399	475.6	
16.1969	-58.8607	284.828	-40.3475	-388.625	-53.4916	-120.204	-34.5079	18.5089	-64.1487	288.269	-45.5575	-387.074	-58.594	-117.143	-39.8701	4.04323	-15.0233	-635.482	71.2312	-10.3057	-636.805	3.77677	-15.2108	-643.275	71.7996	-10.4338	-644.583	4.63926	-16.3912	-638.158	72.4618	-11.6898	-640.07	0.162048	-0.221773	0.961539	0.13999	-0.265496	0.953894	0.162048	0.0346483	0.986174	0.13999	-0.00956391	0.990107	0.162048	0.0346483	0.986174	0.13999	-0.00956391	0.990107	9.33143	1.9856	8.04764	-0.54798	9.33143	1.9856	8.04764	-0.54798	225.505	99.8802	280.14	77.2892	1258.05	557.211	1562.85	431.181	1420.47	481.167	1	1	1
"
 tid_13636_time_14:2:33:544 DPETW@ "GAZE_LOG_CALI: 618.819	449.185	616.589	454.427	888.518	467.638	885.098	472.917	280.404	451.735	278.817	456.875	550.333	470.407	547.323	475.786	
16.1303	-58.7207	284.688	-40.2371	-388.825	-53.2381	-120.28	-34.3218	18.361	-63.9625	288.11	-45.5168	-387.237	-58.3782	-117.271	-39.701	4.02479	-14.9692	-635.272	71.2079	-10.2703	-636.915	3.75801	-15.1561	-643.066	71.7759	-10.3979	-644.693	4.602	-16.34	-638.132	72.4277	-11.6644	-640.125	0.164094	-0.230193	0.95921	0.136224	-0.264685	0.954665	0.164094	0.0259129	0.986104	0.136224	-0.00858091	0.990641	0.164094	0.0259129	0.986104	0.136223	-0.00858091	0.990641	9.44784	1.48486	7.82967	-0.491656	9.44784	1.48486	7.82967	-0.491656	226.706	94.6753	277.799	77.8947	1264.75	528.175	1549.78	434.559	1418.14	466.81	1	1	1
"
 tid_13636_time_14:2:33:566 DPETW@ "GAZE_LOG_CALI: 618.792	449.514	616.505	454.641	888.521	467.944	885.092	473.234	280.354	452.024	278.775	457.375	550.285	470.684	547.309	476.028	
16.0466	-58.5065	284.682	-39.9196	-388.867	-52.7382	-120.295	-34.0801	18.334	-63.633	288.114	-45.2106	-387.288	-58.089	-117.318	-39.4235	4.004	-14.8815	-635.342	71.2047	-10.1999	-636.899	3.73699	-15.0672	-643.135	71.7726	-10.3267	-644.677	4.59496	-16.2614	-638.095	72.4191	-11.5893	-640.04	0.163409	-0.227447	0.959982	0.133318	-0.260399	0.956252	0.163409	0.0287642	0.986139	0.133318	-0.00402999	0.991065	0.163409	0.0287642	0.986139	0.133318	-0.00402999	0.991065	9.40876	1.64829	7.66144	-0.230902	9.40876	1.64829	7.66144	-0.230902	226.28	96.4774	275.996	80.7335	1262.37	538.228	1539.73	450.396	1410.22	482.132	1	1	1
"
 tid_13636_time_14:2:33:588 DPETW@ "GAZE_LOG_CALI: 618.738	449.666	616.38	454.78	888.388	467.987	884.959	473.331	280.3	452.172	278.686	457.445	550.179	470.73	547.27	476.078	
15.9213	-58.3676	284.549	-39.8228	-388.957	-52.6676	-120.333	-34.0293	18.2795	-63.4818	287.98	-45.1677	-387.342	-57.9417	-117.424	-39.3773	3.97358	-14.8565	-635.391	71.1882	-10.1838	-637.045	3.70621	-15.0419	-643.184	71.7559	-10.3103	-644.823	4.58134	-16.2239	-638.093	72.3905	-11.5789	-640.087	0.16513	-0.223038	0.960722	0.128357	-0.256578	0.957962	0.16513	0.0332148	0.985712	0.128357	0.000103176	0.991728	0.16513	0.0332148	0.985712	0.128357	0.000103176	0.991728	9.5101	1.90342	7.37464	0.00591153	9.5101	1.90342	7.37464	0.00591153	227.348	99.2037	272.933	83.2215	1268.33	553.437	1522.64	464.276	1402.91	499.115	1	1	1
"
 tid_13636_time_14:2:33:610 DPETW@ "GAZE_LOG_CALI: 618.578	449.353	616.248	454.524	888.159	467.663	884.766	472.956	280.189	451.939	278.495	457.127	550.084	470.412	547.143	475.725	
15.79	-58.6235	284.356	-40.198	-389.148	-52.9859	-120.461	-34.3828	18.1195	-63.7945	287.752	-45.4921	-387.453	-58.1747	-117.519	-39.6961	3.94007	-14.9261	-635.297	71.1519	-10.2769	-637.155	3.67224	-15.1125	-643.09	71.719	-10.4045	-644.934	4.5415	-16.2945	-638.176	72.3573	-11.6638	-640.298	0.169481	-0.230471	0.958206	0.131737	-0.259889	0.95661	0.169481	0.0253842	0.985206	0.131737	-0.00344448	0.991279	0.169481	0.0253842	0.985206	0.131737	-0.00344448	0.991279	9.76083	1.45456	7.57001	-0.197354	9.76083	1.45456	7.57001	-0.197354	229.993	94.4048	274.995	80.9471	1283.08	526.666	1534.14	451.588	1418.92	475.554	1	1	1
"
 tid_13636_time_14:2:33:632 DPETW@ "GAZE_LOG_CALI: 618.487	448.971	616.275	454.218	888.101	467.288	884.592	472.525	280.164	451.48	278.501	456.663	550.024	470.053	547.039	475.457	
15.8169	-58.9295	284.183	-40.6292	-389.141	-53.4499	-120.565	-34.6503	18.0286	-64.1769	287.693	-45.8674	-387.478	-58.6328	-117.579	-40.0543	3.94654	-15.0217	-635.266	71.1209	-10.3662	-637.265	3.67878	-15.2092	-643.059	71.6875	-10.495	-645.044	4.51968	-16.4027	-638.279	72.3426	-11.7563	-640.301	0.168249	-0.2388	0.956382	0.13231	-0.254765	0.957909	0.168249	0.016867	0.9856	0.13231	0.00184126	0.991207	0.168249	0.016867	0.9856	0.13231	0.00184126	0.991207	9.68744	0.966456	7.60313	0.105497	9.68744	0.966456	7.60313	0.105497	229.2	89.1352	275.329	84.042	1278.66	497.267	1536.01	468.854	1418.06	468.741	1	1	1
"
 tid_13636_time_14:2:33:654 DPETW@ "GAZE_LOG_CALI: 618.484	448.897	616.327	454.109	888.134	467.155	884.761	472.456	280.313	451.341	278.649	456.539	550.131	469.896	547.188	475.309	
15.8682	-59.0385	284.352	-40.6977	-388.993	-53.5742	-120.416	-34.7987	18.0259	-64.2504	287.727	-46.0004	-387.329	-58.7721	-117.472	-40.2116	3.96009	-15.0546	-635.426	71.1596	-10.3929	-637.231	3.69257	-15.2425	-643.219	71.7268	-10.522	-645.009	4.52133	-16.4355	-638.516	72.3647	-11.7951	-640.423	0.16835	-0.242343	0.955473	0.132852	-0.265151	0.95501	0.16835	0.0132095	0.985639	0.132852	-0.00894168	0.991095	0.16835	0.0132095	0.985639	0.132852	-0.00894168	0.991095	9.69277	0.756871	7.63476	-0.512327	9.69277	0.756871	7.63476	-0.512327	229.296	86.8402	275.701	77.4739	1279.2	484.464	1538.08	432.211	1421.72	440.21	1	1	1
"
 tid_13636_time_14:2:33:676 DPETW@ "GAZE_LOG_CALI: 618.715	449.184	616.46	454.337	888.415	467.497	884.891	472.865	280.46	451.801	279.036	456.796	550.342	470.324	547.352	475.642	
16.0016	-58.8107	284.481	-40.2888	-388.606	-53.3166	-120.251	-34.466	18.2568	-63.9631	288.008	-45.6576	-387.181	-58.3125	-117.261	-39.7834	3.99652	-15.0032	-635.828	71.1981	-10.3006	-637.28	3.72962	-15.1903	-643.621	71.7657	-10.4286	-645.058	4.57799	-16.3383	-638.386	72.4224	-11.6958	-640.308	0.156334	-0.211536	0.964786	0.132423	-0.255516	0.957693	0.156334	0.0453769	0.986661	0.132423	0.00105967	0.991193	0.156334	0.0453769	0.986661	0.132423	0.00105967	0.991193	9.0035	2.6008	7.60965	0.0607144	9.0035	2.6008	7.60965	0.0607144	221.993	106.332	275.481	83.6277	1238.45	593.203	1536.85	466.542	1392.66	523.436	1	1	1
"
 tid_13636_time_14:2:33:698 DPETW@ "GAZE_LOG_CALI: 618.928	449.292	616.656	454.465	888.635	467.825	885.151	472.995	280.74	451.867	279.271	456.95	550.659	470.456	547.526	475.854	
16.1974	-58.6827	284.741	-40.1583	-388.371	-53.1627	-120.078	-34.2535	18.4693	-63.8551	288.228	-45.3303	-386.902	-58.2466	-116.945	-39.6513	4.0457	-14.9695	-635.895	71.2481	-10.2556	-637.154	3.77945	-15.1562	-643.688	71.8164	-10.383	-644.932	4.63186	-16.3192	-638.497	72.4953	-11.6405	-640.456	0.15822	-0.215883	0.963515	0.144478	-0.267622	0.95263	0.15822	0.0408488	0.986558	0.144478	-0.0119446	0.989436	0.15822	0.0408488	0.986559	0.144478	-0.0119446	0.989436	9.11127	2.34111	8.30763	-0.68439	9.11127	2.34111	8.30763	-0.68439	223.211	103.601	282.995	75.7918	1245.25	577.971	1578.77	422.827	1421.62	488.08	1	1	1
"
 tid_13636_time_14:2:33:720 DPETW@ "GAZE_LOG_CALI: 618.988	448.936	616.748	454.156	888.699	467.504	885.234	472.762	280.84	451.479	279.363	456.562	550.717	470.147	547.703	475.495	
16.2891	-58.9918	284.825	-40.3921	-388.279	-53.5503	-119.901	-34.6126	18.5293	-64.2118	288.291	-45.6513	-386.801	-58.6344	-116.886	-39.961	4.06894	-15.0566	-635.892	71.286	-10.3323	-637.301	3.80297	-15.2444	-643.685	71.8546	-10.4606	-645.079	4.64734	-16.4145	-638.565	72.5107	-11.72	-640.457	0.158707	-0.219934	0.962518	0.135686	-0.260447	0.955906	0.158707	0.0366784	0.986644	0.135686	-0.00416578	0.990743	0.158707	0.0366784	0.986644	0.135686	-0.00416578	0.990743	9.13807	2.10199	7.79833	-0.238683	9.13807	2.10199	7.79833	-0.238683	223.518	100.979	277.591	80.4152	1246.96	563.341	1548.63	448.621	1405.67	495.661	1	1	1
"
 tid_13636_time_14:2:33:742 DPETW@ "GAZE_LOG_CALI: 619.034	448.459	616.679	453.509	888.649	467.059	885.132	472.301	280.842	451.029	279.328	456.223	550.705	469.804	547.612	475.261	
16.221	-59.6383	284.723	-40.8533	-388.314	-53.8894	-119.991	-34.847	18.576	-64.6881	288.242	-46.0965	-386.8	-59.0848	-116.899	-40.3038	4.05209	-15.1811	-635.947	71.2626	-10.4198	-637.322	3.78594	-15.3704	-643.74	71.8309	-10.5492	-645.1	4.65842	-16.5291	-638.495	72.5052	-11.8205	-640.52	0.160329	-0.21292	0.963826	0.140455	-0.2648	0.95402	0.160329	0.0437911	0.986092	0.140455	-0.00885868	0.990047	0.160329	0.0437911	0.986092	0.140455	-0.00885868	0.990047	9.23491	2.50985	8.07452	-0.507572	9.23491	2.50985	8.07452	-0.507572	224.544	105.182	280.526	77.468	1252.69	586.787	1565	432.178	1417.36	498.655	1	1	1
"
 tid_13636_time_14:2:33:765 DPETW@ "GAZE_LOG_CALI: 618.898	448.267	616.674	453.451	888.525	466.965	884.971	472.118	280.845	450.792	279.323	455.982	550.67	469.701	547.573	475.042	
16.2154	-59.6964	284.562	-41.036	-388.319	-54.1312	-120.03	-35.0659	18.4395	-64.881	288.118	-46.1899	-386.797	-59.3217	-116.933	-40.4068	4.05052	-15.2188	-635.951	71.2445	-10.4734	-637.522	3.78436	-15.4086	-643.744	71.8124	-10.6035	-645.3	4.62584	-16.5889	-638.718	72.4902	-11.8478	-640.661	0.160858	-0.225624	0.960843	0.139715	-0.256488	0.956396	0.160858	0.0307484	0.986498	0.139715	-0.000215188	0.990192	0.160858	0.0307484	0.986498	0.139715	-0.000215188	0.990192	9.26114	1.76203	8.03137	-0.0123293	9.26114	1.76203	8.03137	-0.0123293	224.824	97.2043	280.071	82.6213	1254.25	542.283	1562.46	460.928	1417.52	489.774	1	1	1
"
 tid_13636_time_14:2:33:787 DPETW@ "GAZE_LOG_CALI: 618.982	448.451	616.666	453.503	888.545	467.134	885.079	472.405	280.799	451.053	279.318	456.228	550.694	469.887	547.648	475.336	
16.2076	-59.6447	284.67	-40.7492	-388.324	-53.8852	-119.955	-34.772	18.5231	-64.6964	288.138	-46.021	-386.842	-59.0603	-116.909	-40.2205	4.04825	-15.1817	-635.96	71.2652	-10.3996	-637.461	3.78206	-15.371	-643.753	71.8335	-10.5287	-645.239	4.64525	-16.5275	-638.511	72.4962	-11.8032	-640.672	0.158764	-0.212704	0.964132	0.138432	-0.266212	0.953922	0.158764	0.0440794	0.986332	0.138432	-0.0102482	0.990319	0.158764	0.0440794	0.986332	0.138432	-0.0102482	0.990319	9.14412	2.52638	7.95754	-0.587188	9.14412	2.52638	7.95754	-0.587188	223.568	105.347	279.294	76.6068	1247.24	587.71	1558.13	427.374	1410.83	497.001	1	1	1
"
 tid_13636_time_14:2:33:809 DPETW@ "GAZE_LOG_CALI: 618.977	448.802	616.647	453.924	888.64	467.471	885.038	472.814	280.879	451.3	279.353	456.48	550.715	470.265	547.69	475.495	
16.1889	-59.2232	284.629	-40.3402	-388.289	-53.6331	-119.913	-34.6127	18.5188	-64.3459	288.232	-45.6837	-386.763	-58.8132	-116.889	-39.8429	4.04446	-15.0994	-636.042	71.2702	-10.3306	-637.598	3.77825	-15.2876	-643.835	71.8383	-10.4588	-645.377	4.64576	-16.4557	-638.638	72.5061	-11.7108	-640.545	0.16075	-0.216438	0.962971	0.132618	-0.24864	0.959474	0.16075	0.0401724	0.986177	0.132618	0.00816226	0.991134	0.16075	0.0401724	0.986177	0.132618	0.00816226	0.991134	9.25798	2.30233	7.62115	0.467668	9.25798	2.30233	7.62115	0.467668	224.803	103.039	275.717	87.8341	1254.13	574.834	1538.17	490.009	1401.61	525.57	1	1	1
"
 tid_13636_time_14:2:33:830 DPETW@ "GAZE_LOG_CALI: 618.878	448.44	616.609	453.533	888.492	467.17	884.931	472.441	280.761	451.009	279.27	456.2	550.634	469.925	547.567	475.345	
16.151	-59.6146	284.521	-40.7124	-388.372	-53.9131	-120.036	-34.7629	18.4198	-64.7077	288.085	-45.9848	-386.881	-59.1041	-116.969	-40.1822	4.0346	-15.1816	-635.968	71.2403	-10.3957	-637.573	3.76824	-15.3709	-643.761	71.8082	-10.5247	-645.351	4.62013	-16.5371	-638.614	72.4814	-11.7936	-640.657	0.159375	-0.218162	0.962811	0.137142	-0.258463	0.956237	0.159375	0.0384659	0.986468	0.137142	-0.00216383	0.990549	0.159375	0.0384659	0.986468	0.137142	-0.00216383	0.990549	9.17747	2.20448	7.88254	-0.123978	9.17747	2.20448	7.88254	-0.123978	223.913	101.929	278.481	81.499	1249.17	568.643	1553.59	454.667	1409.06	501.765	1	1	1
"
 tid_13636_time_14:2:33:857 DPETW@ "GAZE_LOG_CALI: 618.711	447.955	616.438	453.199	888.232	466.696	884.858	471.917	280.666	450.507	279.131	455.628	550.495	469.421	547.396	474.745	
15.9795	-59.9482	284.449	-41.2373	-388.511	-54.4846	-120.207	-35.3622	18.2521	-65.1924	287.825	-46.4591	-386.976	-59.6059	-117.109	-40.6866	3.99196	-15.2963	-636.024	71.2043	-10.5341	-637.411	3.7251	-15.4871	-643.818	71.7718	-10.6649	-645.189	4.57861	-16.6642	-638.737	72.4382	-11.9207	-640.856	0.161505	-0.222751	0.961404	0.146118	-0.275351	0.950174	0.161505	0.0336691	0.986297	0.146118	-0.0200455	0.989064	0.161505	0.0336691	0.986297	0.146118	-0.0200455	0.989064	9.29958	1.92946	8.40371	-1.1486	9.29958	1.92946	8.40371	-1.1486	225.186	98.8908	284.008	70.5151	1256.27	551.692	1584.42	393.39	1433.26	455.504	1	1	1
"
 tid_13636_time_14:2:33:879 DPETW@ "GAZE_LOG_CALI: 618.42	447.724	616.291	452.85	888.017	466.384	884.497	471.696	280.345	450.184	278.856	455.487	550.207	469.145	547.205	474.497	
15.8326	-60.2975	284.087	-41.4578	-388.786	-54.6255	-120.399	-35.611	17.9616	-65.4239	287.609	-46.7707	-387.297	-59.9296	-117.397	-40.9626	3.95387	-15.3527	-635.817	71.1445	-10.5976	-637.687	3.68644	-15.5442	-643.61	71.711	-10.7291	-645.466	4.50597	-16.7325	-638.677	72.3702	-11.9924	-640.727	0.159462	-0.231227	0.959743	0.133227	-0.255326	0.957632	0.159462	0.0250518	0.986886	0.133227	0.00122774	0.991085	0.159462	0.0250518	0.986886	0.133227	0.00122774	0.991085	9.1786	1.43551	7.65612	0.0703442	9.1786	1.43551	7.65612	0.0703442	223.813	93.6352	275.966	83.3345	1248.61	522.372	1539.56	464.907	1402.72	481.978	1	1	1
"
 tid_13636_time_14:2:33:901 DPETW@ "GAZE_LOG_CALI: 618.275	447.993	616.143	453.311	887.87	466.723	884.377	471.922	280.254	450.568	278.656	455.615	550.125	469.391	547.164	474.713	
15.6848	-59.8359	283.968	-41.2318	-388.986	-54.4982	-120.439	-35.3946	17.8165	-65.1547	287.462	-46.4321	-387.388	-59.5449	-117.479	-40.7168	3.91729	-15.2769	-635.72	71.1287	-10.5441	-637.813	3.64937	-15.4674	-643.513	71.695	-10.6749	-645.591	4.47012	-16.6526	-638.764	72.3451	-11.9207	-640.835	0.165373	-0.238801	0.956883	0.131089	-0.251196	0.959018	0.165373	0.0169956	0.986085	0.131089	0.00557527	0.991355	0.165373	0.0169956	0.986085	0.131089	0.00557527	0.991355	9.52028	0.973824	7.53263	0.319441	9.52028	0.973824	7.53263	0.319441	227.435	88.8478	274.646	85.9972	1268.81	495.664	1532.2	479.761	1410.21	474.662	1	1	1
"
 tid_13636_time_14:2:33:923 DPETW@ "GAZE_LOG_CALI: 618.202	448.351	615.967	453.477	887.808	466.995	884.338	472.222	280.089	450.9	278.453	456.099	549.921	469.729	547.083	475.085	
15.5081	-59.6704	283.928	-40.9318	-389.189	-54.0135	-120.52	-35.0221	17.7437	-64.7968	287.4	-46.1603	-387.553	-59.2137	-117.682	-40.3785	3.87188	-15.1948	-635.69	71.1115	-10.4587	-637.753	3.60338	-15.3843	-643.483	71.6775	-10.5885	-645.532	4.45066	-16.5622	-638.617	72.3033	-11.8395	-640.6	0.166876	-0.232	0.958294	0.122055	-0.244013	0.962061	0.166876	0.0239298	0.985687	0.122055	0.0133014	0.992434	0.166876	0.0239298	0.985687	0.122055	0.0133014	0.992434	9.60903	1.37121	7.01136	0.762138	9.60903	1.37121	7.01136	0.762138	228.343	93.1567	269.052	90.7837	1273.88	519.703	1500.99	506.464	1393.84	504.58	1	1	1
"
 tid_13636_time_14:2:33:944 DPETW@ "GAZE_LOG_CALI: 617.844	448.328	615.652	453.466	887.624	466.879	884.152	472.167	279.802	450.856	278.308	456.082	549.664	469.616	546.613	474.973	
15.1936	-59.6808	283.742	-40.9873	-389.334	-54.0308	-120.991	-35.1342	17.3856	-64.8197	287.216	-46.2756	-387.84	-59.2577	-117.94	-40.4919	3.7954	-15.2046	-635.955	71.0129	-10.4722	-637.282	3.52606	-15.3941	-643.748	71.5781	-10.6023	-645.06	4.36183	-16.5735	-638.726	72.2438	-11.8664	-640.492	0.159918	-0.225662	0.960991	0.13906	-0.264083	0.954423	0.159918	0.03075	0.986651	0.13906	-0.00806226	0.990251	0.159918	0.03075	0.986651	0.13906	-0.00806226	0.990251	9.20656	1.76212	7.9937	-0.461938	9.20656	1.76212	7.9937	-0.461938	223.98	97.2156	279.4	77.9129	1249.54	542.346	1558.72	434.66	1414.09	475.243	1	1	1
"
 tid_13636_time_14:2:33:966 DPETW@ "GAZE_LOG_CALI: 617.553	448.118	615.324	453.306	887.109	466.64	883.782	471.898	279.543	450.681	278.014	455.726	549.368	469.351	546.373	474.653	
14.8657	-59.8411	283.372	-41.2563	-389.628	-54.3868	-121.231	-35.4542	17.0942	-65.0291	286.701	-46.5147	-388.099	-59.4323	-118.236	-40.7565	3.71361	-15.2706	-636.014	70.9435	-10.5495	-637.488	3.44328	-15.461	-643.807	71.5077	-10.6805	-645.266	4.28865	-16.6233	-638.783	72.1538	-11.9363	-640.837	0.161801	-0.222451	0.961424	0.138977	-0.27015	0.952735	0.161801	0.0339642	0.986239	0.138977	-0.0143593	0.990192	0.161801	0.0339642	0.986239	0.138977	-0.0143593	0.990192	9.31686	1.94638	7.98946	-0.822754	9.31686	1.94638	7.98946	-0.822754	225.089	99.0993	279.309	73.9517	1255.73	552.855	1558.21	412.562	1417.7	468.371	1	1	1
"
 tid_13636_time_14:2:33:988 DPETW@ "GAZE_LOG_CALI: 617.106	448.102	614.954	453.372	886.793	466.524	883.374	471.789	279.098	450.67	277.507	455.777	548.941	469.188	546.005	474.541	
14.4957	-59.7755	282.964	-41.3651	-390.135	-54.3361	-121.599	-35.567	16.6479	-65.0451	286.385	-46.6308	-388.544	-59.4438	-118.662	-40.9198	3.62037	-15.2507	-635.782	70.8489	-10.5787	-637.568	3.34879	-15.4409	-643.575	71.4119	-10.71	-645.346	4.17689	-16.6267	-638.78	72.054	-11.9684	-640.662	0.165326	-0.236744	0.957402	0.131254	-0.257228	0.957396	0.165326	0.0191164	0.986054	0.131254	-0.000670761	0.991349	0.165326	0.0191164	0.986054	0.131254	-0.000670761	0.991349	9.51792	1.09536	7.54205	-0.0384318	9.51792	1.09536	7.54205	-0.0384318	227.12	90.1481	274.431	82.2298	1267.06	502.918	1531	458.744	1409.21	466.93	1	1	1
"
 tid_13636_time_14:2:34:12 DPETW@ "GAZE_LOG_CALI: 616.663	448.206	614.543	453.426	886.411	466.627	882.941	471.876	278.637	450.797	277.254	455.964	548.572	469.33	545.527	474.598	
14.0845	-59.7211	282.531	-41.2776	-390.388	-54.1485	-122.076	-35.51	16.2048	-64.9419	286.002	-46.5284	-389.005	-59.3163	-119.032	-40.7779	3.51868	-15.2266	-636.041	70.7318	-10.5593	-637.483	3.24594	-15.4164	-643.834	71.2934	-10.6904	-645.262	4.06549	-16.597	-638.749	71.9597	-11.938	-640.678	0.155091	-0.223418	0.962305	0.138878	-0.260052	0.955555	0.155091	0.0332574	0.98734	0.138878	-0.00387454	0.990302	0.155091	0.0332574	0.98734	0.138878	-0.00387454	0.990302	8.92704	1.90586	7.98297	-0.221995	8.92704	1.90586	7.98297	-0.221995	220.712	98.6843	279.024	80.3216	1231.31	550.54	1556.62	448.098	1402.09	488.442	1	1	1
"
 tid_13636_time_14:2:34:35 DPETW@ "GAZE_LOG_CALI: 616.429	448.443	614.246	453.626	886.096	466.793	882.694	472.036	278.372	451.027	276.92	456.329	548.268	469.531	545.329	474.821	
13.7875	-59.5215	282.283	-41.1182	-390.723	-53.7838	-122.275	-35.2865	15.9707	-64.7048	285.688	-46.3623	-389.271	-59.0866	-119.335	-40.5766	3.44385	-15.1546	-635.982	70.6783	-10.5125	-637.559	3.17016	-15.3435	-643.775	71.2392	-10.643	-645.338	4.00695	-16.5369	-638.689	71.8822	-11.8919	-640.691	0.158184	-0.225589	0.961295	0.13245	-0.25726	0.957222	0.158184	0.0308993	0.986926	0.13245	-0.000746801	0.991189	0.158184	0.0308993	0.986926	0.13245	-0.000746801	0.991189	9.10587	1.77068	7.61119	-0.0427886	9.10587	1.77068	7.61119	-0.0427886	222.549	97.3444	275	82.2505	1241.56	543.065	1534.17	458.859	1395.35	490.834	1	1	1
"
 tid_13636_time_14:2:34:57 DPETW@ "GAZE_LOG_CALI: 616.306	448.358	614.12	453.496	885.99	466.722	882.414	471.893	278.259	450.937	276.664	456.179	548.152	469.369	545.198	474.694	
13.6619	-59.6514	282.004	-41.2607	-390.979	-53.9338	-122.405	-35.4138	15.8478	-64.7895	285.581	-46.433	-389.384	-59.1764	-119.451	-40.7385	3.41136	-15.1847	-635.771	70.635	-10.5503	-637.799	3.13717	-15.3741	-643.564	71.1951	-10.6812	-645.578	3.97554	-16.5595	-638.714	71.8539	-11.9211	-640.68	0.165604	-0.234154	0.957991	0.129288	-0.243353	0.961282	0.165604	0.0217715	0.985952	0.129288	0.0137371	0.991512	0.165604	0.0217715	0.985952	0.129288	0.0137371	0.991512	9.53461	1.24751	7.42917	0.787101	9.53461	1.24751	7.42917	0.787101	227.089	91.8313	273.037	90.9548	1266.89	512.308	1523.22	507.419	1402.36	500.29	1	1	1
"
 tid_13636_time_14:2:34:79 DPETW@ "GAZE_LOG_CALI: 616.125	448.079	613.991	453.376	885.806	466.383	882.387	471.685	278.105	450.672	276.523	455.754	547.996	469.135	545.041	474.491	
13.5328	-59.7712	281.976	-41.4691	-391.12	-54.3586	-122.562	-35.6162	15.6661	-65.0688	285.397	-46.7725	-389.537	-59.4413	-119.607	-40.9725	3.37955	-15.2523	-635.745	70.6045	-10.5983	-637.581	3.10495	-15.4425	-643.538	71.1645	-10.7299	-645.359	3.93047	-16.6289	-638.756	71.8124	-11.9942	-640.721	0.165236	-0.237478	0.957236	0.133567	-0.260626	0.956156	0.165236	0.0183648	0.986083	0.133567	-0.00427456	0.991031	0.165236	0.0183648	0.986083	0.133567	-0.00427456	0.991031	9.51256	1.05228	7.67583	-0.244915	9.51256	1.05228	7.67583	-0.244915	226.813	89.6983	275.617	80.0165	1265.34	500.409	1537.61	446.396	1412.54	458.201	1	1	1
"
 tid_13636_time_14:2:34:102 DPETW@ "GAZE_LOG_CALI: 616.166	447.996	614.012	453.24	885.84	466.263	882.362	471.591	278.101	450.567	276.636	455.618	548.02	469.098	545.081	474.412	
13.5538	-59.9071	281.952	-41.5629	-391.007	-54.4947	-122.523	-35.696	15.7073	-65.1515	285.432	-46.8924	-389.541	-59.546	-119.584	-41.0099	3.38531	-15.2899	-635.898	70.6103	-10.6219	-637.695	3.11086	-15.4806	-643.691	71.1702	-10.7538	-645.474	3.94048	-16.6506	-638.682	71.8191	-12.0137	-640.703	0.15922	-0.224547	0.961368	0.130374	-0.253135	0.958606	0.15922	0.0319246	0.986727	0.130374	0.00359553	0.991458	0.15922	0.0319246	0.986727	0.130374	0.00359553	0.991458	9.16634	1.82946	7.49123	0.206009	9.16634	1.82946	7.49123	0.206009	223.121	97.8568	273.661	84.7473	1244.75	545.923	1526.7	472.788	1392.32	500.518	1	1	1
"
 tid_13636_time_14:2:34:124 DPETW@ "GAZE_LOG_CALI: 616.266	448.051	614.183	453.268	885.996	466.302	882.536	471.608	278.29	450.62	276.809	455.626	548.127	469.116	545.221	474.412	
13.7241	-59.8796	282.126	-41.5457	-390.833	-54.4873	-122.383	-35.6959	15.8075	-65.0963	285.588	-46.8529	-389.352	-59.4939	-119.476	-40.9918	3.42811	-15.2856	-635.901	70.6479	-10.6189	-637.642	3.15419	-15.4762	-643.693	71.2083	-10.7507	-645.421	3.96614	-16.6409	-638.83	71.8494	-12.0048	-640.619	0.160264	-0.229892	0.95993	0.128105	-0.250619	0.959572	0.160264	0.0263893	0.986721	0.128105	0.00627621	0.991741	0.160264	0.0263893	0.986721	0.128105	0.0062762	0.991741	9.22544	1.51217	7.36023	0.359602	9.22544	1.51217	7.36023	0.359602	223.799	94.497	272.291	86.3916	1248.53	527.18	1519.06	481.961	1390.64	495.271	1	1	1
"
 tid_13636_time_14:2:34:146 DPETW@ "GAZE_LOG_CALI: 616.63	448.103	614.442	453.305	886.311	466.476	882.891	471.796	278.702	450.731	277.269	455.864	548.545	469.221	545.49	474.493	
13.9834	-59.8427	282.481	-41.3579	-390.374	-54.2494	-122.113	-35.6147	16.1719	-65.0441	285.902	-46.6793	-388.94	-59.3823	-119.058	-40.887	3.49496	-15.2587	-636.221	70.7215	-10.5828	-637.5	3.222	-15.4489	-644.014	71.283	-10.7142	-645.279	4.05831	-16.6222	-638.905	71.9481	-11.9731	-640.803	0.157551	-0.221037	0.962455	0.141613	-0.268033	0.952945	0.157551	0.0355966	0.986869	0.141613	-0.0122601	0.989846	0.157551	0.0355966	0.986869	0.141613	-0.0122601	0.989846	9.07057	2.03996	8.14179	-0.702471	9.07057	2.03996	8.14179	-0.702471	222.255	100.043	280.718	75.1902	1239.92	558.123	1566.07	419.471	1412.82	475.678	1	1	1
"
 tid_13636_time_14:2:34:168 DPETW@ "GAZE_LOG_CALI: 616.704	447.996	614.521	453.223	886.423	466.324	883.038	471.635	278.815	450.545	277.298	455.68	548.704	469.105	545.619	474.44	
14.0627	-59.9239	282.628	-41.519	-390.345	-54.4332	-121.984	-35.6679	16.2457	-65.1519	286.015	-46.8309	-388.828	-59.568	-118.899	-41.0028	3.51416	-15.29	-636.143	70.755	-10.6091	-637.47	3.24141	-15.4806	-643.936	71.317	-10.7408	-645.248	4.07729	-16.6607	-638.968	71.9849	-12.0081	-640.876	0.161551	-0.228076	0.960147	0.145183	-0.275446	0.95029	0.161551	0.0281998	0.986461	0.145183	-0.020107	0.989201	0.161551	0.0281998	0.986461	0.145182	-0.020107	0.989201	9.30066	1.61594	8.34955	-1.15212	9.30066	1.61594	8.34955	-1.15212	224.733	95.5413	282.977	70.39	1253.74	533.006	1578.67	392.692	1429.6	444.726	1	1	1
"
 tid_13636_time_14:2:34:192 DPETW@ "GAZE_LOG_CALI: 616.789	447.885	614.494	453.084	886.461	466.29	883.072	471.563	278.867	450.454	277.309	455.561	548.674	469.067	545.659	474.397	
14.0355	-60.0635	282.662	-41.5907	-390.333	-54.5524	-121.944	-35.7103	16.3304	-65.262	286.053	-46.8651	-388.775	-59.6598	-118.93	-41.0402	3.50724	-15.3241	-636.212	70.7647	-10.6236	-637.479	3.23444	-15.5151	-644.005	71.3267	-10.7555	-645.258	4.09827	-16.6847	-638.917	71.9818	-12.015	-640.759	0.163229	-0.221019	0.961513	0.13886	-0.266991	0.953642	0.163229	0.0353704	0.985954	0.13886	-0.0110726	0.99025	0.163229	0.0353704	0.985954	0.13886	-0.0110726	0.99025	9.40031	2.027	7.98237	-0.634426	9.40031	2.027	7.98237	-0.634426	225.807	99.8634	279.048	75.8815	1259.73	557.118	1556.75	423.328	1418.42	476.837	1	1	1
"
 tid_13636_time_14:2:34:214 DPETW@ "GAZE_LOG_CALI: 616.732	447.7	614.418	452.899	886.337	466.218	882.866	471.453	278.733	450.235	277.25	455.452	548.61	469.01	545.521	474.327	
13.9591	-60.2487	282.456	-41.7011	-390.393	-54.6611	-122.082	-35.7807	16.2732	-65.4476	285.929	-46.9369	-388.91	-59.8783	-118.993	-41.098	3.4889	-15.3613	-636.231	70.7254	-10.6482	-637.597	3.21588	-15.5527	-644.024	71.2869	-10.7804	-645.375	4.08291	-16.7324	-638.794	71.9615	-12.0331	-640.856	0.159649	-0.217211	0.962981	0.142391	-0.264408	0.953841	0.159649	0.0394277	0.986386	0.142391	-0.00852661	0.989774	0.159649	0.0394277	0.986386	0.142391	-0.00852661	0.989774	9.19371	2.25963	8.18652	-0.488545	9.19371	2.25963	8.18652	-0.488545	223.569	102.281	281.213	77.3722	1247.24	570.603	1568.83	431.644	1417.22	489.255	1	1	1
"
 tid_13636_time_14:2:34:236 DPETW@ "GAZE_LOG_CALI: 616.542	447.538	614.296	452.679	886.161	466.074	882.685	471.419	278.585	450.079	277.118	455.34	548.414	468.852	545.386	474.162	
13.8376	-60.4687	282.275	-41.7351	-390.525	-54.7732	-122.218	-35.9457	16.0837	-65.6092	285.753	-47.0815	-389.057	-60.0345	-119.19	-41.2557	3.45761	-15.4027	-636.224	70.6882	-10.6743	-637.666	3.18419	-15.5947	-644.017	71.2491	-10.8068	-645.444	4.036	-16.774	-638.859	71.9135	-12.0707	-640.827	0.158931	-0.220046	0.962455	0.137472	-0.261498	0.955364	0.158931	0.0365532	0.986613	0.137472	-0.00532176	0.990491	0.158931	0.0365533	0.986613	0.137472	-0.00532176	0.990491	9.15102	2.09481	7.90172	-0.304916	9.15102	2.09481	7.90172	-0.304916	223.076	100.488	278.129	79.2815	1244.49	560.602	1551.63	442.295	1406.35	490.502	1	1	1
"
 tid_13636_time_14:2:34:258 DPETW@ "GAZE_LOG_CALI: 616.518	447.625	614.311	452.727	886.145	466.158	882.676	471.446	278.548	450.106	277.051	455.372	548.364	468.956	545.37	474.259	
13.853	-60.4203	282.265	-41.708	-390.592	-54.7406	-122.233	-35.849	16.0591	-65.5225	285.737	-46.9969	-389.094	-60.0076	-119.239	-41.1516	3.46118	-15.3892	-636.085	70.6845	-10.6586	-637.652	3.18775	-15.5811	-643.878	71.2454	-10.7909	-645.431	4.02991	-16.7592	-638.835	71.9034	-12.0459	-640.771	0.160517	-0.224542	0.961153	0.135082	-0.257672	0.956744	0.160517	0.0318736	0.986518	0.135082	-0.00126837	0.990834	0.160517	0.0318736	0.986518	0.135082	-0.00126837	0.990834	9.24161	1.82653	7.76335	-0.0726724	9.24161	1.82653	7.76335	-0.0726724	224.031	97.6893	276.642	81.7662	1249.82	544.989	1543.33	456.157	1404.82	489.638	1	1	1
"
 tid_13636_time_14:2:34:280 DPETW@ "GAZE_LOG_CALI: 616.627	447.687	614.363	452.888	886.207	466.349	882.765	471.721	278.678	450.297	277.184	455.47	548.524	469.141	545.48	474.439	
13.9049	-60.2597	282.355	-41.4329	-390.459	-54.6432	-122.123	-35.6689	16.1689	-65.4601	285.799	-46.8065	-388.965	-59.816	-119.079	-40.9669	3.47449	-15.3602	-636.222	70.7106	-10.602	-637.685	3.20128	-15.5517	-644.015	71.2718	-10.7336	-645.463	4.05759	-16.728	-638.868	71.9367	-12.0015	-640.929	0.160089	-0.219922	0.962292	0.13982	-0.266619	0.953606	0.160089	0.0366314	0.986423	0.13982	-0.0107228	0.990119	0.160089	0.0366314	0.986423	0.13982	-0.0107228	0.990119	9.2183	2.0993	8.03788	-0.614384	9.2183	2.0993	8.03788	-0.614384	223.817	100.582	279.617	76.0591	1248.63	561.128	1559.93	424.319	1413.88	480.039	1	1	1
"
 tid_13636_time_14:2:34:302 DPETW@ "GAZE_LOG_CALI: 616.774	447.711	614.431	452.896	886.38	466.393	882.929	471.775	278.856	450.237	277.312	455.435	548.705	469.178	545.644	474.482	
13.9728	-60.2509	282.519	-41.3786	-390.331	-54.6778	-121.96	-35.6261	16.316	-65.4365	285.972	-46.7622	-388.786	-59.8767	-118.899	-40.9301	3.49186	-15.3658	-636.322	70.7521	-10.59	-637.695	3.21891	-15.5573	-644.115	71.3138	-10.7214	-645.473	4.09439	-16.7342	-638.926	71.9819	-11.9915	-640.945	0.162366	-0.218268	0.962287	0.140649	-0.267372	0.953273	0.162366	0.0382279	0.98599	0.140649	-0.0115364	0.989992	0.162366	0.0382279	0.98599	0.140649	-0.0115364	0.989992	9.35116	2.19083	8.08597	-0.661001	9.35116	2.19083	8.08597	-0.661001	225.278	101.536	280.177	75.5722	1256.78	566.447	1563.05	421.602	1419.9	481.019	1	1	1
"
 tid_13636_time_14:2:34:324 DPETW@ "GAZE_LOG_CALI: 616.863	447.801	614.554	453.046	886.546	466.515	883.102	471.877	278.971	450.343	277.435	455.501	548.808	469.287	545.864	474.513	
14.0958	-60.101	282.692	-41.2771	-390.207	-54.6114	-121.74	-35.5946	16.4044	-65.347	286.138	-46.6403	-388.671	-59.7708	-118.795	-40.8204	3.52302	-15.3386	-636.317	70.8039	-10.5745	-637.769	3.25046	-15.5298	-644.11	71.3662	-10.7057	-645.547	4.11681	-16.7107	-638.97	72.0124	-11.9604	-640.842	0.162086	-0.220947	0.961723	0.131552	-0.255417	0.957839	0.162086	0.0354935	0.986138	0.131552	0.00119306	0.991308	0.162086	0.0354935	0.986138	0.131552	0.00119306	0.991309	9.33391	2.03405	7.55929	0.0683574	9.33391	2.03405	7.55929	0.0683574	225.125	99.8964	274.596	83.3148	1255.93	557.302	1531.92	464.797	1401.03	501.728	3	1	1
"