
 tid_4360_time_14:54:46:8 DPETW@ "GAZE_LOG_CALI: 724.15	515.526	725.462	520.247	985.06	496.617	985.023	501.712	390.42	506.919	392.328	511.598	648.016	490.185	648.707	495.185	
111.377	-4.14531	371.262	-22.7008	-283.338	6.86327	-26.8256	-9.5526	110.065	-8.86731	371.3	-27.7997	-285.248	2.18255	-27.5169	-14.5529	27.7507	-1.74648	-635.968	92.1877	-5.84005	-633.923	27.7817	-1.76811	-643.768	93.0136	-5.91222	-641.679	27.551	-2.93786	-638.911	92.5942	-7.13036	-636.655	-0.0461207	-0.233892	0.971168	-0.080876	-0.234863	0.968658	-0.0461207	0.0254348	0.998612	-0.080876	0.0238465	0.996439	-0.0461207	0.0254348	0.998612	-0.0808759	0.0238465	0.996439	-2.64432	1.45746	-4.64024	1.36643	-2.64432	1.45746	-4.64024	1.36643	121.535	104.528	165.563	100.048	678.019	583.141	923.643	558.148	800.831	570.645	1	0	0
"
 tid_4360_time_14:54:46:31 DPETW@ "GAZE_LOG_CALI: 728.491	515.463	728.042	520.154	988.881	496.749	987.122	502.019	394.661	506.835	394.876	511.631	651.864	490.337	650.881	495.496	
113.958	-4.23799	373.366	-22.3933	-280.786	6.89646	-24.6518	-9.24153	114.407	-8.93019	375.129	-27.6682	-281.002	2.0978	-23.6689	-14.4007	28.3927	-1.75125	-635.958	92.73	-5.76195	-634.061	28.4316	-1.77294	-643.758	93.5623	-5.83313	-641.817	28.6331	-2.95168	-638.811	93.5595	-7.09166	-636.722	0.039577	-0.231599	0.972006	-0.000545209	-0.239832	0.970814	0.039577	0.0278661	0.998828	-0.000545209	0.0196054	0.999808	0.039577	0.0278661	0.998828	-0.000545209	0.0196054	0.999808	2.26907	1.59682	-0.0312442	1.12338	2.26907	1.59682	-0.0312442	1.12338	174.814	106.015	215.309	97.4542	975.25	591.438	1201.17	543.677	1088.21	567.558	1	0	0
"
 tid_4360_time_14:54:46:54 DPETW@ "GAZE_LOG_CALI: 728.295	515.592	727.885	520.438	988.934	496.831	987.111	502.226	394.549	507.127	394.69	511.899	651.84	490.426	650.866	495.661	
113.801	-3.95414	373.355	-22.1862	-280.973	7.16463	-24.6673	-9.07713	114.211	-8.8009	375.182	-27.5859	-281.114	2.3903	-23.6933	-14.3122	28.3512	-1.68232	-635.905	92.726	-5.71562	-634.053	28.3896	-1.70316	-643.705	93.5583	-5.78622	-641.808	28.5898	-2.89927	-638.939	93.5548	-7.06906	-636.605	0.0407055	-0.243241	0.969111	-0.000636454	-0.239409	0.970919	0.0407055	0.0158715	0.999045	-0.000636454	0.0200405	0.999799	0.0407055	0.0158715	0.999045	-0.000636454	0.0200405	0.999799	2.33319	0.90941	-0.0364735	1.14832	2.33319	0.90941	-0.0364735	1.14832	175.458	98.7285	215.25	97.7676	978.844	550.787	1200.83	545.426	1089.84	548.106	1	0	0
"
 tid_4360_time_14:54:46:76 DPETW@ "GAZE_LOG_CALI: 728.076	515.946	727.702	520.759	988.642	497.021	986.952	502.422	394.117	507.48	394.443	512.128	651.556	490.649	650.651	495.897	
113.617	-3.63306	373.196	-21.9898	-281.22	7.3935	-24.8815	-8.8412	113.992	-8.44686	374.89	-27.3957	-281.546	2.74352	-23.9766	-14.0891	28.3009	-1.61363	-635.789	92.6723	-5.6611	-633.954	28.3387	-1.63362	-643.588	93.5041	-5.73104	-641.709	28.5192	-2.80951	-638.591	93.483	-7.01767	-636.611	0.0351312	-0.228881	0.97282	-0.00401627	-0.244693	0.969592	0.0351312	0.030702	0.998911	-0.00401627	0.0145933	0.999885	0.0351312	0.030702	0.998911	-0.00401627	0.0145933	0.999885	2.01423	1.75937	-0.23014	0.836167	2.01423	1.75937	-0.23014	0.836167	171.984	107.929	213.133	94.5189	959.467	602.117	1189.02	527.302	1074.25	564.71	1	0	0
"
 tid_4360_time_14:54:46:98 DPETW@ "GAZE_LOG_CALI: 727.904	516.207	727.471	521.013	988.47	497.139	986.838	502.56	393.996	507.632	394.279	512.38	651.382	490.765	650.499	496.035	
113.387	-3.37913	373.081	-21.8519	-281.385	7.64594	-25.0342	-8.70283	113.82	-8.18542	374.718	-27.2781	-281.667	2.89575	-24.1514	-13.9727	28.2481	-1.55071	-635.888	92.6348	-5.62632	-633.894	28.2852	-1.56991	-643.688	93.4662	-5.69584	-641.649	28.4797	-2.75805	-638.667	93.4386	-6.98843	-636.598	0.0376773	-0.230113	0.972434	-0.00529107	-0.247906	0.96877	0.0376773	0.0294122	0.998857	-0.00529107	0.0112768	0.999922	0.0376774	0.0294122	0.998857	-0.00529107	0.0112768	0.999922	2.1602	1.68544	-0.303177	0.646126	2.1602	1.68544	-0.303177	0.646126	173.499	107.178	212.317	92.5431	967.919	597.924	1184.47	516.279	1076.2	557.102	1	0	0
"
 tid_4360_time_14:54:46:121 DPETW@ "GAZE_LOG_CALI: 727.894	516.257	727.501	521.141	988.674	497.234	986.938	502.603	393.981	507.768	394.295	512.49	651.529	490.838	650.55	496.082	
113.417	-3.2518	373.182	-21.809	-281.368	7.75597	-24.9831	-8.65534	113.81	-8.13579	374.923	-27.1833	-281.682	3.03208	-24.0036	-13.8993	28.2544	-1.52099	-635.867	92.6484	-5.61435	-633.818	28.2916	-1.53983	-643.667	93.48	-5.68373	-641.573	28.4763	-2.73469	-638.669	93.4765	-6.96632	-636.511	0.0359226	-0.232366	0.971965	-0.000664748	-0.245608	0.969369	0.0359226	0.0271145	0.998987	-0.000664748	0.0136524	0.999907	0.0359226	0.0271145	0.998987	-0.000664748	0.0136524	0.999907	2.05941	1.55374	-0.0380908	0.782249	2.05941	1.55374	-0.0380908	0.782249	172.425	105.799	215.154	94.0237	961.926	590.231	1200.3	524.539	1081.11	557.385	1	0	0
"
 tid_4360_time_14:54:46:143 DPETW@ "GAZE_LOG_CALI: 728.026	516.319	727.724	521.187	988.77	497.258	987.081	502.646	394.087	507.862	394.439	512.578	651.61	490.805	650.771	496.105	
113.639	-3.20571	373.325	-21.7662	-281.224	7.84384	-24.7618	-8.6323	113.942	-8.07408	375.018	-27.1594	-281.577	3.12605	-23.923	-13.9324	28.3041	-1.50385	-635.744	92.7026	-5.60701	-633.945	28.342	-1.52248	-643.544	93.5347	-5.67628	-641.7	28.5077	-2.71484	-638.621	93.4974	-6.96722	-636.493	0.0327055	-0.235269	0.97138	-0.0069559	-0.240642	0.970589	0.0327055	0.0241597	0.999173	-0.0069559	0.0187644	0.9998	0.0327055	0.0241597	0.999173	-0.0069559	0.0187644	0.9998	1.87477	1.38438	-0.398617	1.07518	1.87477	1.38438	-0.398617	1.07518	170.493	104.028	211.368	97.1212	951.147	580.351	1179.18	541.82	1065.16	561.085	1	0	0
"
 tid_4360_time_14:54:46:165 DPETW@ "GAZE_LOG_CALI: 728.191	516.572	727.854	521.411	989.074	497.515	987.408	502.839	394.277	508.073	394.648	512.816	651.831	491.081	650.937	496.38	
113.77	-2.98169	373.653	-21.5725	-281.015	8.08223	-24.5957	-8.35795	114.107	-7.82082	375.323	-26.9018	-281.386	3.33703	-23.702	-13.6568	28.3423	-1.44607	-635.873	92.7455	-5.54629	-633.68	28.3806	-1.46398	-643.672	93.5786	-5.61484	-641.436	28.5508	-2.65653	-638.66	93.5537	-6.8989	-636.36	0.0330233	-0.231343	0.972311	-0.00474886	-0.245246	0.969449	0.0330233	0.0281921	0.999057	-0.00474886	0.0140226	0.99989	0.0330233	0.0281921	0.999057	-0.00474886	0.0140226	0.99989	1.89319	1.6155	-0.272117	0.803465	1.89319	1.6155	-0.272117	0.803465	170.734	106.532	212.761	94.3502	952.488	594.32	1186.95	526.361	1069.72	560.34	1	0	0
"
 tid_4360_time_14:54:46:188 DPETW@ "GAZE_LOG_CALI: 728.38	516.798	728.046	521.613	989.268	497.708	987.702	503.114	394.484	508.254	394.845	513.039	652.072	491.343	651.08	496.536	
113.962	-2.77916	373.948	-21.2978	-280.818	8.30468	-24.4534	-8.20179	114.296	-7.59503	375.518	-26.7082	-281.179	3.51814	-23.4605	-13.3945	28.3906	-1.39274	-635.872	92.7831	-5.49053	-633.438	28.4295	-1.40999	-643.672	93.6169	-5.55842	-641.193	28.5996	-2.60535	-638.688	93.613	-6.84234	-636.431	0.0331568	-0.233073	0.971894	-0.000796689	-0.260333	0.965518	0.0331568	0.0264137	0.999101	-0.000796689	-0.00156797	0.999998	0.0331568	0.0264137	0.999101	-0.000796689	-0.00156797	0.999998	1.90076	1.51357	-0.045647	-0.0898384	1.90076	1.51357	-0.045647	-0.0898384	170.864	105.492	215.211	84.9553	953.216	588.518	1200.62	473.949	1076.92	531.234	1	0	0
"
 tid_4360_time_14:54:46:211 DPETW@ "GAZE_LOG_CALI: 728.374	517.141	728.02	521.939	989.338	498.035	987.649	503.484	394.613	508.497	394.823	513.391	652.129	491.723	651.185	496.998	
113.935	-2.45319	373.894	-20.9267	-280.839	8.65781	-24.3482	-7.73929	114.29	-7.25149	375.588	-26.381	-281.05	3.76071	-23.4037	-13.0152	28.3839	-1.30788	-635.884	92.8064	-5.38859	-633.688	28.4228	-1.32409	-643.684	93.6401	-5.45519	-641.443	28.6079	-2.53242	-638.898	93.627	-6.75365	-636.41	0.0374678	-0.244606	0.968898	-0.00251887	-0.249818	0.96829	0.0374678	0.0144977	0.999193	-0.00251887	0.00930631	0.999954	0.0374678	0.0144977	0.999193	-0.00251887	0.00930631	0.999954	2.14748	0.830683	-0.144327	0.53322	2.14748	0.830683	-0.144327	0.53322	173.503	98.2564	214.183	91.6249	967.938	548.153	1194.89	511.157	1081.41	529.655	1	0	0
"
 tid_4360_time_14:54:46:233 DPETW@ "GAZE_LOG_CALI: 725.411	517.215	726.528	522.209	985.85	498.393	985.718	503.651	391.651	508.53	393.56	513.549	648.801	491.963	649.337	497.144	
112.443	-2.18357	371.959	-20.7595	-282.104	8.81502	-26.1956	-7.59379	111.326	-7.17814	372.091	-26.0225	-284.016	3.79408	-26.7321	-12.7747	28.0278	-1.25638	-636.23	92.3431	-5.35246	-633.807	28.0622	-1.27193	-644.029	93.1711	-5.41861	-641.563	27.8643	-2.52192	-638.861	92.7878	-6.68432	-636.628	-0.0371946	-0.234906	0.971306	-0.0750322	-0.247747	0.965915	-0.0371946	0.0244905	0.999008	-0.0750322	0.0106921	0.997124	-0.0371946	0.0244905	0.999008	-0.0750322	0.0106921	0.997124	-2.13222	1.40334	-4.30332	0.612626	-2.13222	1.40334	-4.30332	0.612626	127.293	104.363	169.33	92.4946	710.14	582.22	944.657	516.009	827.399	549.114	1	0	0
"
 tid_4360_time_14:54:46:255 DPETW@ "GAZE_LOG_CALI: 723.039	517.913	725.469	522.713	982.56	498.896	984.124	504.155	389.709	509.352	392.661	514.26	645.782	492.507	647.981	497.612	
111.384	-1.67882	370.361	-20.2552	-283.004	9.52649	-27.5525	-7.12525	108.953	-6.47919	368.794	-25.5189	-285.96	4.61661	-29.7507	-12.2312	27.7738	-1.1054	-636.477	91.9986	-5.23542	-634.164	27.805	-1.11908	-644.277	92.8219	-5.30009	-641.92	27.2984	-2.33485	-639.519	92.0239	-6.5603	-637.035	-0.102618	-0.246263	0.963755	-0.156233	-0.246708	0.956413	-0.102618	0.011566	0.994654	-0.156233	0.00923613	0.987677	-0.102618	0.011566	0.994654	-0.156233	0.00923613	0.987677	-5.89033	0.662697	-8.98869	0.529199	-5.89033	0.662697	-8.98869	0.529199	86.5395	96.541	118.31	91.6832	482.787	538.583	660.029	511.482	568.737	521.218	1	0	0
"
 tid_4360_time_14:54:46:278 DPETW@ "GAZE_LOG_CALI: 722.795	518.168	725.321	523.186	982.635	499.178	984.184	504.484	389.498	509.677	392.464	514.53	645.852	492.8	648.075	497.974	
111.236	-1.2066	370.421	-19.9264	-283.201	9.79695	-27.4583	-6.76392	108.709	-6.22489	368.869	-25.2365	-286.172	4.94193	-29.6809	-11.938	27.7337	-1.01266	-636.375	92.0213	-5.1497	-634.22	27.7645	-1.02519	-644.175	92.8448	-5.2133	-641.976	27.2391	-2.26231	-639.567	92.0409	-6.48803	-637.022	-0.109459	-0.257753	0.959991	-0.155258	-0.246189	0.956706	-0.109459	-0.000506669	0.993991	-0.155258	0.00981288	0.987825	-0.109459	-0.000506669	0.993991	-0.155258	0.00981288	0.987825	-6.28412	-0.02903	-8.93219	0.562245	-6.28412	-0.02903	-8.93219	0.562245	82.2393	89.2055	118.938	92.1089	458.797	497.66	663.533	513.857	556.263	498.701	1	0	0
"
 tid_4360_time_14:54:46:300 DPETW@ "GAZE_LOG_CALI: 722.422	518.426	724.925	523.407	982.491	499.381	983.964	504.656	389.22	509.914	392.243	514.797	645.623	492.984	647.837	498.229	
110.84	-0.985081	370.201	-19.7538	-283.423	10.0644	-27.6962	-6.50864	108.336	-5.96632	368.724	-25.0332	-286.45	5.17844	-29.9102	-11.7542	27.6468	-0.951985	-636.655	91.9618	-5.09632	-634.188	27.6765	-0.963763	-644.455	92.7846	-5.15927	-641.944	27.1517	-2.20081	-639.719	91.9844	-6.43843	-636.88	-0.106597	-0.251272	0.962029	-0.151442	-0.242092	0.958361	-0.106597	0.00628127	0.994282	-0.151442	0.014199	0.988364	-0.106597	0.00628127	0.994282	-0.151442	0.014199	0.988364	-6.11932	0.359893	-8.71137	0.813573	-6.11932	0.359893	-8.71137	0.813573	83.9072	93.3855	121.291	94.876	468.102	520.979	676.659	529.294	569.778	521.413	1	0	0
"
 tid_4360_time_14:54:46:323 DPETW@ "GAZE_LOG_CALI: 722.161	518.509	724.632	523.449	982.346	499.371	983.793	504.552	389.019	510.041	391.934	514.829	645.462	492.862	647.685	498.119	
110.547	-0.943268	370.029	-19.8574	-283.733	10.0965	-27.8483	-6.61878	108.075	-5.88403	368.579	-25.0434	-286.652	5.30601	-30.0708	-11.8762	27.5723	-0.943011	-636.626	91.9232	-5.1233	-634.211	27.6011	-0.954679	-644.426	92.7455	-5.18658	-641.968	27.0902	-2.17487	-639.808	91.9449	-6.45499	-636.859	-0.106352	-0.254025	0.961333	-0.150352	-0.238207	0.959506	-0.106352	0.00344163	0.994323	-0.150352	0.0182479	0.988464	-0.106352	0.00344163	0.994323	-0.150352	0.0182479	0.988464	-6.10509	0.197191	-8.64879	1.04558	-6.10509	0.197191	-8.64879	1.04558	83.9889	91.6476	121.932	97.3444	468.557	511.283	680.234	543.065	572.08	523.854	1	0	0
"
 tid_4360_time_14:54:46:345 DPETW@ "GAZE_LOG_CALI: 722.183	518.486	724.527	523.351	982.266	499.114	983.772	504.429	388.972	509.948	391.842	514.733	645.521	492.688	647.671	497.941	
110.442	-1.0413	370.009	-19.981	-283.825	10.0002	-27.8616	-6.79648	108.097	-5.90698	368.499	-25.301	-286.698	5.21316	-30.0124	-12.0501	27.547	-0.967452	-636.647	91.9207	-5.16109	-634.236	27.5755	-0.979422	-644.447	92.743	-5.22484	-641.992	27.0913	-2.18918	-639.695	91.957	-6.51107	-637.08	-0.0982703	-0.245517	0.964398	-0.152972	-0.250331	0.955999	-0.0982703	0.0124534	0.995082	-0.152972	0.00562988	0.988215	-0.0982703	0.0124534	0.995082	-0.152972	0.00562988	0.988215	-5.64002	0.713544	-8.79931	0.32257	-5.64002	0.713544	-8.79931	0.32257	89.0001	97.179	120.285	89.5062	496.514	542.142	671.047	499.337	581.521	517.38	1	0	0
"
 tid_4360_time_14:54:46:368 DPETW@ "GAZE_LOG_CALI: 722.144	518.462	724.551	523.361	982.336	498.921	983.753	504.29	388.98	509.947	391.767	514.698	645.53	492.459	647.666	497.783	
110.466	-1.03153	369.989	-20.1197	-283.899	9.96539	-27.8674	-6.95481	108.058	-5.93085	368.569	-25.4941	-286.69	5.21136	-30.0032	-12.2784	27.5463	-0.97051	-636.483	91.9187	-5.19823	-634.249	27.5747	-0.982521	-644.283	92.7409	-5.26243	-642.006	27.0847	-2.19261	-639.77	91.9609	-6.56292	-636.986	-0.104324	-0.257598	0.960604	-0.148739	-0.247995	0.957275	-0.104324	-0.000198409	0.994543	-0.148739	0.00821666	0.988842	-0.104324	-0.000198409	0.994543	-0.148739	0.00821667	0.988842	-5.98822	-0.011368	-8.55418	0.470786	-5.98822	-0.011368	-8.55418	0.470786	85.2446	89.4093	122.956	91.0619	475.563	498.796	685.95	508.016	576.951	497.621	1	0	0
"
 tid_4360_time_14:54:46:391 DPETW@ "GAZE_LOG_CALI: 721.727	518.718	724.261	523.581	981.669	499.02	983.343	504.35	388.453	510.161	391.578	514.996	644.975	492.684	647.275	497.779	
110.176	-0.810869	369.578	-20.0601	-284.088	10.2628	-28.2583	-6.95869	107.641	-5.67478	367.901	-25.3945	-287.218	5.42616	-30.5583	-12.0541	27.4807	-0.906	-636.641	91.8207	-5.19194	-634.279	27.5083	-0.917209	-644.441	92.6417	-5.25606	-642.035	26.9723	-2.13341	-639.582	91.819	-6.52456	-637.159	-0.106411	-0.241432	0.964566	-0.161151	-0.248482	0.955137	-0.106411	0.0164426	0.994186	-0.161151	0.00719272	0.986904	-0.106411	0.0164426	0.994186	-0.161151	0.00719272	0.986904	-6.10929	0.942135	-9.27397	0.412116	-6.10929	0.942135	-9.27397	0.412116	83.8479	99.7121	114.991	90.4369	467.771	556.274	641.512	504.529	551.306	525.879	1	0	0
"
 tid_4360_time_14:54:46:413 DPETW@ "GAZE_LOG_CALI: 721.215	518.867	723.833	523.598	981.317	498.98	982.918	504.3	387.95	510.309	391.151	515.111	644.421	492.599	646.864	497.737	
109.748	-0.794449	369.152	-20.1105	-284.516	10.3781	-28.6693	-7.00041	107.128	-5.52602	367.548	-25.4346	-287.721	5.57367	-31.1122	-12.139	27.3735	-0.889895	-636.641	91.7178	-5.204	-634.299	27.3998	-0.900905	-644.44	92.5375	-5.26827	-642.056	26.8441	-2.0967	-639.592	91.6839	-6.53759	-636.831	-0.110603	-0.238007	0.964945	-0.156794	-0.233151	0.959717	-0.110603	0.0198489	0.993666	-0.156794	0.0231866	0.987359	-0.110603	0.0198489	0.993666	-0.156794	0.0231866	0.987359	-6.35136	1.13733	-9.02331	1.32861	-6.35136	1.13733	-9.02331	1.32861	81.1131	101.839	117.625	100.311	452.514	568.139	656.209	559.618	553.707	563.046	1	0	0
"
 tid_4360_time_14:54:46:437 DPETW@ "GAZE_LOG_CALI: 720.614	519.081	723.24	523.934	980.614	499.148	982.346	504.465	387.258	510.589	390.492	515.407	643.784	492.827	646.268	497.951	
109.154	-0.458295	368.579	-19.9444	-285.176	10.6742	-29.2653	-6.78721	106.528	-5.31127	366.843	-25.2662	-288.414	5.85385	-31.7494	-11.911	27.2204	-0.811365	-636.519	91.5684	-5.1569	-634.249	27.2448	-0.821406	-644.319	92.3863	-5.22059	-642.006	26.6871	-2.0347	-639.427	91.5219	-6.48953	-636.928	-0.109986	-0.239262	0.964706	-0.162932	-0.2392	0.957202	-0.109986	0.0185748	0.99376	-0.162932	0.016693	0.986496	-0.109986	0.0185748	0.99376	-0.162932	0.016693	0.986496	-6.31558	1.06432	-9.37845	0.956483	-6.31558	1.06432	-9.37845	0.956483	81.3572	101.157	113.595	96.362	453.876	564.333	633.724	537.585	541.393	547.899	1	0	0
"
 tid_4360_time_14:54:46:459 DPETW@ "GAZE_LOG_CALI: 720.323	519.492	722.846	524.34	980.371	499.393	982.058	504.651	386.927	510.981	390.139	515.655	643.46	493.031	645.921	498.156	
108.761	-0.0515795	368.29	-19.7581	-285.529	10.9223	-29.6116	-6.58152	106.236	-4.90004	366.6	-25.0214	-288.746	6.24616	-32.0735	-11.7067	27.1249	-0.729905	-636.573	91.4824	-5.10763	-634.151	27.1482	-0.738937	-644.373	92.2994	-5.17072	-641.908	26.6109	-1.93387	-639.356	91.4418	-6.43234	-636.793	-0.103617	-0.230447	0.967552	-0.160667	-0.236371	0.958287	-0.103617	0.0278265	0.994228	-0.160667	0.0197061	0.986812	-0.103617	0.0278265	0.994228	-0.160667	0.0197061	0.986812	-5.94982	1.59455	-9.24743	1.12915	-5.94982	1.59455	-9.24743	1.12915	85.2184	106.933	114.956	98.2955	475.416	596.561	641.314	548.371	558.365	572.466	1	0	0
"
 tid_4360_time_14:54:46:481 DPETW@ "GAZE_LOG_CALI: 719.942	520.019	722.42	524.803	980.063	499.877	981.794	505.172	386.501	511.435	389.667	516.231	643.156	493.458	645.573	498.597	
108.334	0.410866	368.026	-19.2368	-286.002	11.4985	-29.96	-6.14091	105.856	-4.37331	366.291	-24.5364	-289.173	6.70016	-32.3773	-11.2794	27.0146	-0.600322	-636.493	91.3958	-4.98701	-634.004	27.0365	-0.607752	-644.293	92.2119	-5.04863	-641.761	26.5124	-1.81086	-639.263	91.3645	-6.31843	-636.788	-0.100814	-0.231422	0.967616	-0.162905	-0.244094	0.955971	-0.100814	0.026901	0.994542	-0.162905	0.0116465	0.986573	-0.100814	0.026901	0.994541	-0.162905	0.0116465	0.986573	-5.78817	1.5415	-9.3762	0.667313	-5.78817	1.5415	-9.3762	0.667313	86.8623	106.503	113.477	93.4644	484.587	594.158	633.066	521.419	557.972	556.677	1	0	0
"
 tid_4360_time_14:54:46:504 DPETW@ "GAZE_LOG_CALI: 719.704	520.28	722.31	525.18	979.825	500.212	981.565	505.484	386.24	511.763	389.443	516.515	642.891	493.79	645.33	498.997	
108.224	0.788281	367.796	-18.9253	-286.227	11.7833	-30.2035	-5.74073	105.618	-4.11249	366.053	-24.2017	-289.434	7.02833	-32.6418	-10.9475	26.9793	-0.517661	-636.296	91.3347	-4.89834	-633.979	27.0008	-0.524069	-644.096	92.1501	-4.95887	-641.736	26.4506	-1.737	-639.227	91.2985	-6.23488	-636.748	-0.109015	-0.240314	0.964554	-0.163177	-0.244498	0.955821	-0.109015	0.0175191	0.993886	-0.163177	0.0112176	0.986533	-0.109015	0.0175191	0.993886	-0.163177	0.0112176	0.986533	-6.2595	1.00382	-9.39197	0.642736	-6.2595	1.00382	-9.39197	0.642736	81.7367	100.846	113.243	93.2924	455.993	562.597	631.758	520.46	540.7	537.419	1	0	0
"
 tid_4360_time_14:54:46:526 DPETW@ "GAZE_LOG_CALI: 719.634	520.445	722.257	525.248	979.736	500.348	981.541	505.606	386.177	511.88	389.346	516.591	642.807	493.948	645.288	499.074	
108.171	0.855792	367.772	-18.8028	-286.323	11.8589	-30.2451	-5.6637	105.547	-3.94749	365.964	-24.0655	-289.497	7.14554	-32.7264	-10.7896	26.9631	-0.499839	-636.222	91.3246	-4.87333	-633.951	26.9843	-0.506028	-644.022	92.1399	-4.93355	-641.708	26.4338	-1.70162	-639.226	91.2765	-6.19812	-636.746	-0.110707	-0.240402	0.96434	-0.166269	-0.243514	0.955539	-0.110707	0.0173793	0.993701	-0.166269	0.0120952	0.986006	-0.110707	0.0173793	0.993701	-0.166269	0.0120952	0.986006	-6.35703	0.995812	-9.57169	0.693022	-6.35703	0.995812	-9.57169	0.693022	80.6698	100.796	111.267	93.8709	450.041	562.323	620.738	523.687	531.718	538.362	1	0	0
"
 tid_4360_time_14:54:46:548 DPETW@ "GAZE_LOG_CALI: 719.595	520.354	722.279	525.215	979.8	500.235	981.61	505.524	386.139	511.826	389.367	516.559	642.866	493.857	645.333	498.986	
108.193	0.823136	367.841	-18.8847	-286.303	11.8269	-30.2004	-5.75184	105.508	-4.03802	366.027	-24.1788	-289.535	7.09223	-32.6675	-10.8805	26.9683	-0.507906	-636.227	91.3363	-4.8942	-633.913	26.9896	-0.514194	-644.027	92.1518	-4.95469	-641.67	26.4237	-1.71974	-639.237	91.2915	-6.22355	-636.739	-0.113811	-0.242471	0.96346	-0.166636	-0.24576	0.9549	-0.113811	0.0151522	0.993387	-0.166636	0.00976089	0.98597	-0.113811	0.0151522	0.993387	-0.166636	0.00976089	0.98597	-6.53583	0.868192	-9.59272	0.559267	-6.53583	0.868192	-9.59272	0.559267	78.7345	99.4144	111.056	92.415	439.244	554.613	619.56	515.565	524.611	529.026	1	0	0
"
 tid_4360_time_14:54:46:570 DPETW@ "GAZE_LOG_CALI: 719.567	520.366	722.213	525.205	979.78	500.107	981.585	505.43	386.066	511.776	389.32	516.549	642.828	493.781	645.196	498.908	
108.127	0.812942	367.816	-18.9791	-286.35	11.817	-30.3372	-5.82957	105.48	-4.02642	366.007	-24.3065	-289.608	7.04195	-32.7053	-10.9569	26.9533	-0.510473	-636.251	91.3042	-4.91447	-633.733	26.9744	-0.516793	-644.051	92.1195	-4.97523	-641.49	26.4138	-1.72454	-639.162	91.2827	-6.24887	-636.714	-0.110641	-0.23836	0.964854	-0.166933	-0.254059	0.952674	-0.110641	0.019484	0.993669	-0.166933	0.00116827	0.985968	-0.110641	0.019484	0.993669	-0.166933	0.00116827	0.985968	-6.35348	1.11642	-9.60956	0.0669367	-6.35348	1.11642	-9.60956	0.0669367	80.6956	102.08	110.87	87.1212	450.184	569.482	618.519	486.032	529.324	521.234	1	0	0
"
 tid_4360_time_14:54:46:592 DPETW@ "GAZE_LOG_CALI: 719.557	520.344	722.191	525.179	979.795	499.826	981.564	505.161	386.01	511.73	389.27	516.471	642.751	493.513	645.119	498.603	
108.105	0.786999	367.796	-19.2483	-286.4	11.7392	-30.4138	-6.13422	105.471	-4.04809	366.023	-24.5873	-289.664	6.99572	-32.7823	-11.2252	26.9461	-0.523505	-636.199	91.2867	-4.98542	-633.647	26.9672	-0.529986	-643.999	92.1019	-5.04706	-641.404	26.4084	-1.73296	-639.086	91.266	-6.31635	-636.573	-0.10981	-0.236386	0.965434	-0.165061	-0.250628	0.953908	-0.10981	0.021542	0.993719	-0.165061	0.00480185	0.986272	-0.10981	0.021542	0.993719	-0.165061	0.00480185	0.986272	-6.30583	1.23436	-9.50088	0.275127	-6.30583	1.23436	-9.50088	0.275127	81.2112	103.35	112.059	89.3217	453.061	576.57	625.157	498.308	535.25	532.464	1	0	0
"
 tid_4360_time_14:54:46:615 DPETW@ "GAZE_LOG_CALI: 719.43	520.273	722.046	525.13	979.655	499.66	981.439	504.949	385.763	511.647	388.998	516.444	642.653	493.322	645.006	498.471	
107.96	0.738044	367.67	-19.4601	-286.672	11.7124	-30.5269	-6.26621	105.343	-4.11987	365.882	-24.7541	-289.911	6.91244	-32.8804	-11.4161	26.9008	-0.533172	-636.001	91.2584	-5.02847	-633.666	26.9213	-0.539775	-643.801	92.0733	-5.09064	-641.423	26.3685	-1.75226	-638.891	91.2409	-6.36188	-636.643	-0.108643	-0.238295	0.965097	-0.165962	-0.253457	0.953004	-0.108643	0.0196105	0.993887	-0.165962	0.00183488	0.98613	-0.108643	0.0196105	0.993887	-0.165962	0.00183488	0.98613	-6.23829	1.12367	-9.55317	0.105131	-6.23829	1.12367	-9.55317	0.105131	81.9188	102.193	111.457	87.4392	457.008	570.113	621.796	487.806	534.858	523.006	1	0	0
"
 tid_4360_time_14:54:46:637 DPETW@ "GAZE_LOG_CALI: 719.013	520.398	721.536	525.22	979.374	499.669	980.962	504.94	385.249	511.756	388.481	516.496	642.195	493.349	644.597	498.405	
107.45	0.827835	367.192	-19.4698	-287.19	11.7644	-30.9361	-6.33241	104.926	-3.99406	365.6	-24.7451	-290.426	7.02218	-33.3384	-11.3889	26.7732	-0.515979	-635.975	91.1547	-5.03912	-633.769	26.7921	-0.52237	-643.775	91.9682	-5.10141	-641.526	26.2573	-1.72284	-638.726	91.1296	-6.35508	-636.356	-0.102498	-0.230071	0.967761	-0.155737	-0.232801	0.959974	-0.102498	0.0282436	0.994332	-0.155737	0.0235908	0.987517	-0.102498	0.0282436	0.994332	-0.155737	0.0235908	0.987517	-5.8854	1.61845	-8.96205	1.35178	-5.8854	1.61845	-8.96205	1.35178	85.6141	107.538	117.799	100.846	477.624	599.936	657.18	562.602	567.402	581.269	1	0	0
"
 tid_4360_time_14:54:46:659 DPETW@ "GAZE_LOG_CALI: 718.514	520.545	721.134	525.484	978.929	499.881	980.716	505.229	384.937	512.037	388.096	516.724	641.711	493.513	644.14	498.586	
107.048	1.09177	366.945	-19.1801	-287.576	11.9924	-31.3934	-6.15211	104.427	-3.84701	365.155	-24.5326	-290.738	7.3029	-33.8222	-11.2248	26.6736	-0.454896	-636.001	91.0439	-4.97853	-633.423	26.6912	-0.46053	-643.801	91.8565	-5.04011	-641.181	26.1444	-1.67002	-639.02	91.0083	-6.30779	-636.283	-0.110203	-0.243737	0.96356	-0.165326	-0.247109	0.95478	-0.110203	0.0139558	0.993811	-0.165326	0.00842628	0.986203	-0.110203	0.0139558	0.993811	-0.165326	0.00842628	0.986203	-6.32764	0.799635	-9.51649	0.482796	-6.32764	0.799635	-9.51649	0.482796	80.7179	98.7787	111.679	91.6272	450.309	551.067	623.034	511.17	532.103	525.195	1	0	0
"
 tid_4360_time_14:54:46:681 DPETW@ "GAZE_LOG_CALI: 718.261	521.063	720.843	525.918	978.661	500.227	980.447	505.515	384.508	512.405	387.651	517.249	641.438	493.772	643.92	498.969	
106.757	1.52583	366.676	-18.8935	-288.021	12.5176	-31.613	-5.76859	104.175	-3.32957	364.886	-24.1858	-291.168	7.67126	-34.0954	-10.9655	26.5899	-0.335352	-635.747	90.9873	-4.89578	-633.493	26.6065	-0.339507	-643.547	91.7991	-4.95632	-641.25	26.0691	-1.55868	-638.73	90.939	-6.23212	-636.263	-0.107532	-0.243921	0.963815	-0.16479	-0.244454	0.955556	-0.107532	0.0138443	0.994105	-0.16479	0.0111919	0.986265	-0.107532	0.0138443	0.994105	-0.16479	0.0111919	0.986265	-6.17367	0.793246	-9.48564	0.641261	-6.17367	0.793246	-9.48564	0.641261	82.3253	98.887	111.944	93.4013	459.276	551.671	624.515	521.067	538.152	531.501	1	0	0
"
 tid_4360_time_14:54:46:704 DPETW@ "GAZE_LOG_CALI: 718.086	521.43	720.646	526.287	978.548	500.488	980.271	505.747	384.336	512.788	387.532	517.55	641.294	494.168	643.697	499.235	
106.56	1.89562	366.499	-18.6613	-288.141	12.8189	-31.8362	-5.50257	103.999	-2.96199	364.772	-23.9248	-291.341	8.05463	-34.2389	-10.5699	26.5463	-0.251638	-635.854	90.9323	-4.83342	-633.42	26.5625	-0.254755	-643.654	91.7435	-4.8932	-641.177	26.0253	-1.46454	-638.72	90.9031	-6.1496	-636.211	-0.105155	-0.236822	0.965846	-0.161896	-0.242036	0.956665	-0.105155	0.0212268	0.994229	-0.161896	0.0138144	0.986711	-0.105155	0.0212268	0.994229	-0.161896	0.0138144	0.986711	-6.03745	1.2163	-9.31785	0.791531	-6.03745	1.2163	-9.31785	0.791531	83.7432	103.498	113.733	95.0988	467.187	577.396	634.495	530.537	549.161	551.806	1	0	0
"
 tid_4360_time_14:54:46:726 DPETW@ "GAZE_LOG_CALI: 717.83	521.781	720.42	526.596	978.283	500.798	980.05	506.091	384.125	513.2	387.321	517.912	641.1	494.433	643.525	499.56	
106.334	2.20412	366.277	-18.3174	-288.352	13.1805	-32.0078	-5.17801	103.743	-2.61137	364.507	-23.6149	-291.552	8.46603	-34.4335	-10.3048	26.4905	-0.168061	-635.877	90.8879	-4.75088	-633.493	26.5059	-0.170143	-643.677	91.6985	-4.80964	-641.251	25.9638	-1.36916	-638.784	90.8524	-6.07888	-636.32	-0.106975	-0.23662	0.965695	-0.163927	-0.24591	0.95533	-0.106975	0.0213825	0.994032	-0.163927	0.00972641	0.986425	-0.106975	0.0213825	0.994032	-0.163927	0.00972641	0.986425	-6.14235	1.22522	-9.43534	0.557291	-6.14235	1.22522	-9.43534	0.557291	82.5456	103.674	112.388	92.6357	460.506	578.374	626.988	516.796	541.06	544.148	1	0	0
"
 tid_4360_time_14:54:46:748 DPETW@ "GAZE_LOG_CALI: 717.826	522.073	720.415	526.916	978.398	501.136	980.089	506.432	384.122	513.47	387.275	518.292	641.018	494.772	643.463	499.943	
106.328	2.52385	366.316	-17.976	-288.397	13.5613	-32.07	-4.79459	103.739	-2.31899	364.623	-23.2768	-291.555	8.73619	-34.5146	-9.96557	26.4862	-0.0805388	-635.808	90.8739	-4.65955	-633.332	26.5016	-0.0815366	-643.608	91.6845	-4.71719	-641.089	25.9626	-1.29854	-638.787	90.8359	-5.99142	-636.004	-0.107761	-0.243315	0.963943	-0.159807	-0.239956	0.95754	-0.107761	0.0144621	0.994072	-0.159807	0.0160497	0.987018	-0.107761	0.0144621	0.994072	-0.159807	0.0160497	0.987018	-6.1869	0.828647	-9.19691	0.919621	-6.1869	0.828647	-9.19691	0.919621	82.0633	99.5037	115.002	96.6698	457.815	555.112	641.575	539.301	547.39	544.213	1	0	0
"
 tid_4360_time_14:54:46:771 DPETW@ "GAZE_LOG_CALI: 717.826	522.248	720.42	527.11	978.454	501.228	980.12	506.56	384.008	513.636	387.277	518.436	641.057	494.893	643.479	500.028	
106.334	2.71851	366.348	-17.8481	-288.396	13.7046	-32.0536	-4.70972	103.739	-2.14429	364.678	-23.1845	-291.669	8.90235	-34.4765	-9.84481	26.4872	-0.0383232	-635.8	90.8777	-4.63284	-633.299	26.5026	-0.038798	-643.6	91.6884	-4.69016	-641.057	25.9551	-1.25558	-638.601	90.8456	-5.96447	-635.975	-0.105802	-0.235159	0.966181	-0.15883	-0.240156	0.957653	-0.105802	0.0229205	0.994123	-0.15883	0.0158859	0.987178	-0.105802	0.0229205	0.994123	-0.15883	0.0158859	0.987178	-6.07495	1.31336	-9.14015	0.910233	-6.07495	1.31336	-9.14015	0.910233	83.2768	104.768	115.63	96.6011	464.584	584.478	645.078	538.918	554.033	560.678	1	0	0
"
 tid_4360_time_14:54:46:793 DPETW@ "GAZE_LOG_CALI: 717.817	522.219	720.417	527.083	978.468	501.172	980.149	506.451	383.956	513.623	387.265	518.448	641.071	494.798	643.466	499.928	
106.33	2.69092	366.377	-17.9572	-288.408	13.717	-32.067	-4.80936	103.73	-2.17359	364.692	-23.2409	-291.721	8.88959	-34.4618	-9.93984	26.4858	-0.0402219	-635.786	90.8752	-4.65837	-633.232	26.5011	-0.0407202	-643.586	91.686	-4.716	-640.989	25.9499	-1.2608	-638.531	90.8494	-5.98342	-635.977	-0.105405	-0.233307	0.966673	-0.159736	-0.241991	0.95704	-0.105405	0.0248362	0.994119	-0.159736	0.0139549	0.987061	-0.105405	0.0248362	0.994119	-0.159736	0.0139549	0.987061	-6.05236	1.42316	-9.19246	0.799582	-6.05236	1.42316	-9.19246	0.799582	83.5215	105.952	115.068	95.4005	465.95	591.083	641.941	532.22	553.087	560.556	1	0	0
"
 tid_4360_time_14:54:46:815 DPETW@ "GAZE_LOG_CALI: 717.765	521.996	720.408	526.914	978.388	500.926	980.174	506.278	383.942	513.454	387.19	518.307	641.05	494.52	643.502	499.721	
106.321	2.52189	366.402	-18.1304	-288.483	13.5754	-32.0314	-5.01676	103.678	-2.3959	364.612	-23.4871	-291.735	8.72062	-34.4832	-10.2177	26.4791	-0.0791424	-635.683	90.8843	-4.70587	-633.251	26.4944	-0.0801231	-643.483	91.6951	-4.76409	-641.008	25.9396	-1.31	-638.59	90.8431	-6.04983	-636.071	-0.109288	-0.242311	0.964024	-0.16472	-0.24857	0.954505	-0.109288	0.0154529	0.99389	-0.16472	0.0069444	0.986316	-0.109288	0.0154529	0.99389	-0.16472	0.0069444	0.986316	-6.27502	0.885423	-9.4812	0.397888	-6.27502	0.885423	-9.4812	0.397888	81.1143	100.149	111.92	91.0207	452.521	558.711	624.377	507.787	534.192	527.728	1	0	0
"
 tid_4360_time_14:54:46:838 DPETW@ "GAZE_LOG_CALI: 717.763	522.066	720.357	526.905	978.519	500.893	980.105	506.146	383.881	513.47	387.016	518.284	640.949	494.453	643.397	499.584	
106.27	2.51359	366.333	-18.2619	-288.657	13.5525	-32.1356	-5.15354	103.676	-2.32662	364.743	-23.5194	-291.796	8.73692	-34.5837	-10.2846	26.458	-0.0832985	-635.485	90.8593	-4.739	-633.198	26.473	-0.084331	-643.285	91.6699	-4.79763	-640.956	25.9349	-1.29921	-638.504	90.8232	-6.05901	-635.703	-0.108426	-0.2448	0.963492	-0.154862	-0.230692	0.960624	-0.108426	0.0129116	0.994021	-0.154862	0.0257965	0.987599	-0.108426	0.0129116	0.994021	-0.154862	0.0257965	0.987599	-6.22509	0.739803	-8.9118	1.4782	-6.22509	0.739803	-8.9118	1.4782	81.6551	98.624	118.124	102.637	455.537	550.203	658.989	572.591	556.597	560.539	1	0	0
"
 tid_4360_time_14:54:46:861 DPETW@ "GAZE_LOG_CALI: 717.439	522.24	720.14	527.194	978.273	501.05	979.947	506.323	383.636	513.775	386.687	518.459	640.698	494.608	643.108	499.783	
106.053	2.80219	366.175	-18.0854	-288.986	13.7281	-32.425	-4.95511	103.352	-2.15204	364.497	-23.3627	-292.041	9.04207	-34.8354	-10.13	26.3966	-0.0257855	-635.287	90.7891	-4.69111	-632.981	26.4109	-0.0261052	-643.087	91.5992	-4.74917	-640.738	25.859	-1.23935	-638.618	90.7597	-6.02024	-635.688	-0.118338	-0.260157	0.958287	-0.159135	-0.240969	0.957398	-0.118338	-0.0032689	0.992968	-0.159135	0.015035	0.987142	-0.118338	-0.0032689	0.992968	-0.159135	0.015035	0.987142	-6.79626	-0.187294	-9.15772	0.861475	-6.79626	-0.187294	-9.15772	0.861475	75.4204	88.7466	115.401	96.0961	420.755	495.1	643.8	536.101	526.058	507.394	1	0	0
"
 tid_4360_time_14:54:46:883 DPETW@ "GAZE_LOG_CALI: 717.237	522.797	719.892	527.609	978.006	501.373	979.795	506.559	383.301	514.227	386.485	518.971	640.48	494.928	642.914	500.119	
105.805	3.21745	366.022	-17.8492	-289.189	14.2403	-32.6189	-4.61829	103.15	-1.59547	364.229	-23.0391	-292.377	9.49403	-35.0535	-9.80972	26.3374	0.0899217	-635.358	90.7407	-4.61945	-632.907	26.3509	0.0910366	-643.158	91.5503	-4.67664	-640.665	25.7995	-1.11285	-638.39	90.7036	-5.94067	-635.763	-0.111413	-0.243276	0.963537	-0.164976	-0.246307	0.955047	-0.111413	0.0143953	0.99367	-0.164976	0.00927001	0.986254	-0.111413	0.0143953	0.99367	-0.164976	0.00927001	0.986254	-6.39742	0.824817	-9.49628	0.53114	-6.39742	0.824817	-9.49628	0.53114	79.6744	99.7437	111.661	92.6296	444.488	556.45	622.937	516.762	529.38	531.084	1	0	0
"
 tid_4360_time_14:54:46:906 DPETW@ "GAZE_LOG_CALI: 717.301	523.174	719.889	528.102	978.033	501.729	979.829	506.904	383.176	514.538	386.413	519.353	640.398	495.262	642.858	500.421	
105.802	3.71041	366.056	-17.5031	-289.261	14.6223	-32.6753	-4.31671	103.214	-1.21818	364.256	-22.6831	-292.502	9.80541	-35.1355	-9.47609	26.3319	0.198982	-635.235	90.7278	-4.53793	-632.757	26.3454	0.201449	-643.035	91.5373	-4.59412	-640.514	25.8028	-1.02624	-638.089	90.6848	-5.85301	-635.584	-0.105874	-0.239555	0.965093	-0.165249	-0.244021	0.955587	-0.105874	0.018392	0.994209	-0.165249	0.0116179	0.986184	-0.105874	0.018392	0.994209	-0.165249	0.0116179	0.986183	-6.07853	1.05384	-9.51235	0.665672	-6.07853	1.05384	-9.51235	0.665672	83.1324	102.341	111.494	94.1985	463.779	570.939	622	525.514	540.195	544.791	1	0	0
"
 tid_4360_time_14:54:46:929 DPETW@ "GAZE_LOG_CALI: 717.391	523.822	720.046	528.627	978.251	502.156	979.919	507.468	383.268	515.177	386.426	519.982	640.541	495.699	642.953	500.848	
105.96	4.2353	366.146	-16.9393	-289.248	15.2513	-32.5805	-3.8894	103.304	-0.5703	364.475	-22.2553	-292.41	10.4442	-34.9925	-9.03856	26.3609	0.342894	-635	90.7509	-4.41468	-632.765	26.3748	0.347147	-642.8	91.5607	-4.46934	-640.522	25.8253	-0.864755	-638.082	90.7216	-5.74369	-635.461	-0.112084	-0.247199	0.96246	-0.158717	-0.241054	0.957445	-0.112084	0.0103275	0.993645	-0.158717	0.0149647	0.987211	-0.112084	0.0103275	0.993645	-0.158717	0.0149647	0.987211	-6.43579	0.591735	-9.13347	0.857444	-6.43579	0.591735	-9.13347	0.857444	79.3139	97.5706	115.649	96.3762	442.476	544.327	645.185	537.664	540.608	536.822	1	0	0
"
 tid_4360_time_14:54:46:952 DPETW@ "GAZE_LOG_CALI: 717.478	524.016	720.142	528.927	978.376	502.414	980.104	507.7	383.294	515.408	386.497	520.246	640.571	495.944	643.049	501.138	
106.056	4.53513	366.332	-16.7065	-289.176	15.5159	-32.4839	-3.59997	103.391	-0.376314	364.6	-21.9974	-292.384	10.6758	-34.9617	-8.79393	26.3835	0.413347	-634.95	90.7764	-4.34869	-632.623	26.3976	0.418475	-642.75	91.5867	-4.40255	-640.381	25.8428	-0.811257	-637.984	90.7311	-5.67962	-635.31	-0.112004	-0.248265	0.962195	-0.161486	-0.241029	0.956989	-0.112004	0.00922917	0.993665	-0.161486	0.0148703	0.986763	-0.112004	0.00922917	0.993665	-0.161486	0.0148703	0.986763	-6.4311	0.5288	-9.29418	0.852038	-6.4311	0.5288	-9.29418	0.852038	79.391	96.9746	113.94	96.4214	442.906	541.002	635.65	537.916	535.599	534.732	1	0	0
"
 tid_4360_time_14:54:46:974 DPETW@ "GAZE_LOG_CALI: 718.12	524.231	720.652	529.147	979.092	502.427	980.835	507.719	383.765	515.608	386.832	520.343	641.171	496.057	643.582	501.15	
106.566	4.75513	367.065	-16.6878	-288.841	15.6129	-31.9512	-3.58755	104.033	-0.161513	365.318	-21.9843	-291.912	10.8754	-34.3621	-8.6808	26.4986	0.452863	-634.676	90.9128	-4.34227	-632.307	26.5141	0.458484	-642.476	91.7252	-4.39607	-640.064	25.9925	-0.75862	-637.711	90.8837	-5.66166	-635.128	-0.105459	-0.246088	0.963493	-0.16294	-0.245044	0.955722	-0.105459	0.0116681	0.994355	-0.16294	0.0106641	0.986578	-0.105459	0.0116681	0.994355	-0.16294	0.0106641	0.986578	-6.05404	0.668546	-9.3781	0.611022	-6.05404	0.668546	-9.3781	0.611022	83.6163	98.5806	113.212	93.91	466.479	549.961	631.589	523.905	545.845	532.719	1	0	0
"
 tid_4360_time_14:54:46:997 DPETW@ "GAZE_LOG_CALI: 718.457	523.801	721.096	528.633	979.476	502.041	981.279	507.399	383.982	515.164	387.192	519.992	641.534	495.604	643.98	500.748	
107.01	4.24141	367.509	-17.0081	-288.481	15.2617	-31.5535	-3.98947	104.37	-0.591238	365.703	-22.3706	-291.695	10.4317	-33.9996	-9.13408	26.6034	0.345274	-634.558	91.0137	-4.43126	-632.244	26.6203	0.34956	-642.358	91.8274	-4.48618	-640.001	26.0691	-0.867735	-637.526	90.9755	-5.7659	-635.099	-0.109958	-0.242843	0.963814	-0.165836	-0.24912	0.954168	-0.109958	0.0148852	0.993825	-0.165836	0.00632553	0.986133	-0.109958	0.0148852	0.993825	-0.165836	0.00632553	0.986133	-6.3136	0.852893	-9.54601	0.362429	-6.3136	0.852893	-9.54601	0.362429	80.9302	100.491	111.494	91.1621	451.493	560.619	622.004	508.575	532.477	529.093	1	0	0
"
 tid_4360_time_14:54:47:20 DPETW@ "GAZE_LOG_CALI: 718.708	523.552	721.313	528.445	979.923	501.865	981.752	507.259	384.022	514.939	387.193	519.68	641.661	495.433	644.092	500.615	
107.227	4.05384	367.984	-17.1482	-288.48	14.9498	-31.4411	-4.12225	104.621	-0.840283	366.151	-22.5469	-291.654	10.2066	-33.8721	-9.30427	26.6432	0.282599	-634.209	91.0488	-4.4613	-631.674	26.6605	0.286109	-642.009	91.8637	-4.51663	-639.431	26.1179	-0.926776	-637.2	91.0146	-5.80465	-634.594	-0.108759	-0.243099	0.963885	-0.167257	-0.253721	0.952707	-0.108759	0.0146564	0.99396	-0.167257	0.00150336	0.985912	-0.108759	0.0146564	0.99396	-0.167257	0.00150336	0.985912	-6.24443	0.83978	-9.6284	0.0861364	-6.24443	0.83978	-9.6284	0.0861364	81.7575	100.372	110.724	88.3017	456.109	559.957	617.71	492.617	531.954	519.802	1	0	0
"
 tid_4360_time_14:54:47:42 DPETW@ "GAZE_LOG_CALI: 718.702	523.405	721.359	528.331	980.189	501.821	981.888	507.214	383.831	514.892	386.939	519.604	641.616	495.398	644.068	500.592	
107.273	3.9389	368.12	-17.1929	-288.734	14.8741	-31.4653	-4.14541	104.615	-0.98678	366.417	-22.5907	-291.846	10.1594	-33.9174	-9.33992	26.6344	0.258158	-633.725	91.0457	-4.46805	-631.416	26.6516	0.261367	-641.525	91.8608	-4.52349	-639.173	26.1044	-0.950886	-636.896	91.0105	-5.81039	-634.108	-0.113612	-0.251669	0.961122	-0.160604	-0.24306	0.956623	-0.113612	0.00566263	0.993509	-0.160604	0.0128144	0.986936	-0.113612	0.00566263	0.993509	-0.160604	0.0128144	0.986936	-6.52367	0.324447	-9.24272	0.734229	-6.52367	0.324447	-9.24272	0.734229	78.7819	94.9334	114.971	95.3306	439.509	529.614	641.401	531.83	536.136	525.068	1	0	0
"
 tid_4360_time_14:54:47:64 DPETW@ "GAZE_LOG_CALI: 718.371	523.488	721.057	528.451	980.081	501.97	981.838	507.348	383.327	514.951	386.462	519.648	641.268	495.591	643.769	500.716	
106.971	4.05884	368.07	-17.0593	-289.212	14.9173	-31.7641	-4.02145	104.284	-0.904375	366.309	-22.4423	-292.351	10.2184	-34.2652	-9.14674	26.5475	0.277705	-633.435	90.9753	-4.43374	-631.011	26.5637	0.281158	-641.235	91.7901	-4.48879	-638.768	26.01	-0.933425	-636.621	90.9277	-5.76474	-633.713	-0.115274	-0.252869	0.960609	-0.163203	-0.241451	0.956591	-0.115274	0.00437148	0.993324	-0.163203	0.0143604	0.986488	-0.115274	0.00437148	0.993324	-0.163203	0.0143604	0.986488	-6.61952	0.250468	-9.39386	0.822816	-6.61952	0.250468	-9.39386	0.822816	77.6891	94.2321	113.316	96.42	433.412	525.702	632.168	537.908	527.984	525.638	1	0	0
"
 tid_4360_time_14:54:47:87 DPETW@ "GAZE_LOG_CALI: 717.719	524.045	720.329	528.87	979.421	502.436	981.208	507.75	382.171	515.388	385.437	520.258	640.364	495.957	642.886	501.206	
106.243	4.4788	367.438	-16.6572	-290.238	15.5277	-32.6467	-3.53195	103.632	-0.346648	365.647	-21.9749	-293.509	10.6552	-35.1693	-8.7809	26.3459	0.40451	-632.948	90.7597	-4.32136	-630.599	26.3596	0.409544	-640.747	91.5724	-4.37505	-638.357	25.8142	-0.809544	-635.786	90.7065	-5.65853	-633.315	-0.106142	-0.237265	0.965629	-0.164187	-0.243355	0.95594	-0.106142	0.0207429	0.994135	-0.164187	0.0123528	0.986352	-0.106142	0.0207429	0.994135	-0.164187	0.0123528	0.986352	-6.09427	1.18856	-9.45075	0.70778	-6.09427	1.18856	-9.45075	0.70778	83.2063	104.54	112.54	95.3959	464.191	583.206	627.836	532.195	544.309	555.55	1	0	0
"
 tid_4360_time_14:54:47:109 DPETW@ "GAZE_LOG_CALI: 716.869	524.457	719.501	529.412	978.797	502.8	980.627	508.196	381.161	515.909	384.351	520.658	639.381	496.369	641.92	501.599	
105.415	5.0201	366.856	-16.2103	-291.325	15.9282	-33.6127	-3.13879	102.781	0.0648858	365.022	-21.6113	-294.52	11.1769	-36.1522	-8.36903	26.123	0.519958	-632.512	90.5264	-4.21436	-629.978	26.1339	0.526434	-640.312	91.337	-4.26678	-637.735	25.5913	-0.693706	-635.514	90.4687	-5.55818	-632.739	-0.108939	-0.244986	0.963387	-0.165945	-0.246793	0.954754	-0.108939	0.0127045	0.993967	-0.165945	0.00872456	0.986096	-0.108939	0.0127045	0.993967	-0.165945	0.00872456	0.986096	-6.25464	0.727936	-9.55252	0.499887	-6.25464	0.727936	-9.55252	0.499887	81.2933	99.8214	111.291	93.4233	453.519	556.883	620.872	521.19	533.328	534.088	1	0	0
"
 tid_4360_time_14:54:47:131 DPETW@ "GAZE_LOG_CALI: 715.559	525.502	718.289	530.46	977.733	503.681	979.583	508.961	379.581	516.866	382.71	521.682	638.037	497.04	640.562	502.414	
104.202	6.06821	365.809	-15.4446	-292.969	16.9529	-34.9713	-2.32323	101.472	1.10977	363.956	-20.7293	-296.103	12.1343	-37.4957	-7.69816	25.7933	0.77479	-631.788	90.1938	-4.01683	-629.46	25.8001	0.78445	-639.588	91.0011	-4.06683	-637.218	25.247	-0.445108	-635.046	90.1391	-5.36284	-632.285	-0.116751	-0.259533	0.958651	-0.166628	-0.250542	0.953658	-0.116751	-0.00257234	0.993158	-0.166628	0.0048202	0.986008	-0.116751	-0.00257234	0.993158	-0.166628	0.0048202	0.986008	-6.70464	-0.147385	-9.59195	0.276178	-6.70464	-0.147385	-9.59195	0.276178	76.1765	90.8738	110.602	91.3457	424.973	506.967	617.025	509.599	513.226	498.161	1	0	0
"
 tid_4360_time_14:54:47:154 DPETW@ "GAZE_LOG_CALI: 714.147	526.935	716.793	531.795	976.368	504.689	978.216	510.057	377.81	518.267	380.947	523.113	636.445	498.214	638.922	503.502	
102.705	7.40364	364.439	-14.3478	-294.735	18.3842	-36.611	-1.23539	100.059	2.5436	362.587	-19.7203	-297.876	13.5359	-39.0885	-6.52332	25.404	1.11563	-631.33	89.7907	-3.74565	-629.004	25.406	1.12955	-639.13	90.5935	-3.79231	-636.762	24.8717	-0.093169	-634.438	89.7449	-5.08995	-631.891	-0.10952	-0.250638	0.961866	-0.166	-0.25383	0.952898	-0.10952	0.0068513	0.993961	-0.166	0.00144756	0.986125	-0.10952	0.0068513	0.993961	-0.166	0.00144756	0.986125	-6.2878	0.392554	-9.55532	0.082939	-6.2878	0.392554	-9.55532	0.082939	80.3163	97.1075	110.655	89.6539	448.069	541.743	617.322	500.161	526.964	513.454	1	0	0
"
 tid_4360_time_14:54:47:176 DPETW@ "GAZE_LOG_CALI: 712.811	528.022	715.505	532.953	975.27	505.569	977.057	510.896	376.318	519.345	379.551	524.228	635.03	498.936	637.569	504.312	
101.418	8.5618	363.278	-13.5073	-296.133	19.5	-37.9646	-0.425999	98.7225	3.63029	361.487	-18.8392	-299.37	14.6145	-40.5032	-5.80219	25.0775	1.39585	-631.121	89.4574	-3.54129	-628.669	25.0754	1.41327	-638.921	90.2566	-3.58544	-636.428	24.5284	0.175156	-634.164	89.399	-4.88864	-631.371	-0.110592	-0.250317	0.961827	-0.162039	-0.246241	0.955567	-0.110592	0.00715192	0.99384	-0.162039	0.00946872	0.986739	-0.110592	0.00715192	0.99384	-0.162039	0.00946872	0.986739	-6.34961	0.409778	-9.32567	0.542526	-6.34961	0.409778	-9.32567	0.542526	79.3343	97.6196	112.858	94.8635	442.59	544.6	629.615	529.225	531.976	531.626	1	0	0
"
 tid_4360_time_14:54:47:198 DPETW@ "GAZE_LOG_CALI: 711.365	529.534	714.051	534.42	973.849	506.72	975.738	512.093	374.601	520.75	377.718	525.593	633.456	500.163	635.97	505.489	
99.9629	10.0286	361.956	-12.31	-297.968	20.8658	-39.5633	0.751411	97.2767	5.14272	360.062	-17.6869	-301.09	16.0205	-42.0778	-4.57445	24.6929	1.74329	-630.476	89.0655	-3.24724	-628.201	24.686	1.76507	-638.276	89.8604	-3.28775	-635.96	24.1518	0.536545	-633.681	89.0087	-4.59296	-631.1	-0.111602	-0.25667	0.960034	-0.166864	-0.255704	0.952246	-0.111602	0.000550508	0.993753	-0.166864	-0.000532255	0.98598	-0.111602	0.000550509	0.993753	-0.166864	-0.000532255	0.98598	-6.40767	0.0315418	-9.60551	-0.0304959	-6.40767	0.0315418	-9.60551	-0.0304959	78.3793	94.0777	109.485	89.1323	437.262	524.841	610.793	497.252	516.749	501.547	1	0	0
"
 tid_4360_time_14:54:47:221 DPETW@ "GAZE_LOG_CALI: 710.18	530.531	712.898	535.467	972.762	507.592	974.71	512.904	373.273	521.871	376.513	526.61	632.186	500.931	634.766	506.322	
98.8094	11.0762	360.925	-11.4983	-299.175	21.884	-40.7669	1.58483	96.0911	6.13937	358.973	-16.8142	-302.42	17.1422	-43.347	-3.80635	24.4036	1.9977	-630.369	88.7702	-3.044	-627.909	24.3931	2.02266	-638.169	89.5619	-3.082	-635.668	23.8476	0.798693	-633.43	88.6966	-4.38877	-630.797	-0.110766	-0.248546	0.962266	-0.169101	-0.255395	0.951934	-0.110766	0.00897618	0.993806	-0.169101	-0.000314444	0.985599	-0.110766	0.00897618	0.993806	-0.169101	-0.000314444	0.985599	-6.35974	0.514304	-9.73557	-0.0180163	-6.35974	0.514304	-9.73557	-0.0180163	78.6064	99.5168	107.811	89.5404	438.529	555.184	601.458	499.528	513.788	519.562	1	0	0
"
 tid_4360_time_14:54:47:243 DPETW@ "GAZE_LOG_CALI: 708.867	531.55	711.503	536.525	971.431	508.334	973.267	513.735	371.925	522.91	375.081	527.673	630.788	501.799	633.277	507.119	
97.4141	12.1339	359.479	-10.6658	-300.609	22.9475	-42.256	2.38162	94.7783	7.15829	357.639	-16.0714	-303.77	18.1824	-44.745	-2.93876	24.0555	2.25873	-630.279	88.401	-2.844	-627.812	24.0406	2.28696	-638.079	89.1882	-2.87951	-635.572	23.5185	1.05355	-633.346	88.3492	-4.18964	-630.671	-0.106139	-0.250743	0.962217	-0.163181	-0.254811	0.953123	-0.106139	0.00684097	0.994328	-0.163181	0.000557631	0.986596	-0.106139	0.00684097	0.994328	-0.163181	0.000557631	0.986596	-6.09292	0.391962	-9.3916	0.0319499	-6.09292	0.391962	-9.3916	0.0319499	81.1253	98.4847	111.181	90.2961	452.582	549.427	620.255	503.744	531.45	520.094	1	0	0
"
 tid_4360_time_14:54:47:265 DPETW@ "GAZE_LOG_CALI: 707.435	532.439	710.121	537.393	970.005	508.951	971.895	514.426	370.336	523.647	373.531	528.531	629.348	502.43	631.862	507.741	
96.0324	13.0015	358.105	-9.97481	-302.162	23.8058	-43.6712	3.00327	93.3457	8.04793	356.21	-15.4541	-305.361	18.9196	-46.1855	-2.30805	23.7033	2.46968	-629.976	88.0509	-2.68314	-627.728	23.684	2.50056	-637.776	88.8339	-2.71664	-635.489	23.1534	1.2537	-633.057	87.9903	-4.03612	-630.63	-0.108066	-0.253949	0.961162	-0.165254	-0.258468	0.95178	-0.108066	0.00347105	0.994138	-0.165254	-0.00332226	0.986246	-0.108066	0.00347105	0.994138	-0.165254	-0.00332226	0.986245	-6.20388	0.198877	-9.51205	-0.190352	-6.20388	0.198877	-9.51205	-0.190352	79.6015	96.7054	109.525	88.0945	444.081	539.5	611.02	491.462	520.942	506.855	1	0	0
"
 tid_4360_time_14:54:47:287 DPETW@ "GAZE_LOG_CALI: 706.231	533.167	708.855	538.2	968.844	509.623	970.714	514.968	369.094	524.379	372.359	529.271	628.072	503.062	630.581	508.333	
94.7656	13.8086	356.921	-9.43249	-303.335	24.546	-44.9527	3.59545	92.1414	8.77575	355.047	-14.7819	-306.604	19.6519	-47.4613	-1.67593	23.3955	2.66064	-630.096	87.7353	-2.54377	-627.552	23.3724	2.6939	-637.896	88.5146	-2.57555	-635.313	22.8516	1.43393	-632.973	87.6754	-3.8746	-630.432	-0.101969	-0.246691	0.963715	-0.163894	-0.253703	0.953296	-0.101969	0.0111429	0.994725	-0.163894	0.00167294	0.986477	-0.101969	0.0111429	0.994725	-0.163894	0.00167294	0.986477	-5.85293	0.638454	-9.43298	0.0958524	-5.85293	0.638454	-9.43298	0.0958524	83.0427	101.556	110.086	91.3405	463.279	566.561	614.15	509.57	534.879	533.131	1	0	0
"
 tid_4360_time_14:54:47:310 DPETW@ "GAZE_LOG_CALI: 704.468	534.367	707.211	539.331	967.127	510.609	968.966	515.957	367.403	525.587	370.603	530.46	626.307	503.943	628.895	509.276	
93.1216	14.9398	355.169	-8.44173	-305.094	25.736	-46.639	4.538	90.3785	9.97515	353.326	-13.7946	-308.298	20.8606	-49.227	-0.794965	22.9817	2.94531	-629.884	87.3144	-2.30721	-627.622	22.9534	2.98214	-637.684	88.0885	-2.33602	-635.383	22.4172	1.73209	-633.048	87.2362	-3.64435	-630.328	-0.110963	-0.258713	0.95956	-0.161079	-0.247282	0.955461	-0.110963	-0.00154498	0.993823	-0.161079	0.00843586	0.986905	-0.110963	-0.00154498	0.993823	-0.161079	0.00843586	0.986905	-6.37083	-0.088521	-9.26987	0.483345	-6.37083	-0.088521	-9.26987	0.483345	77.0718	94.123	111.408	95.7	429.968	525.093	621.523	533.891	520.191	522.45	2	0	0
"
 tid_4360_time_14:54:47:332 DPETW@ "GAZE_LOG_CALI: 703.188	535.701	705.93	540.636	965.814	511.753	967.711	517.151	366.143	526.904	369.398	531.711	625.109	505.107	627.562	510.373	
91.8404	16.245	353.911	-7.24709	-306.3	26.9881	-47.9719	5.63522	89.0976	11.3092	352.01	-12.6497	-309.56	22.1788	-50.4244	0.36936	22.6688	3.2612	-629.971	86.9846	-2.02541	-627.473	22.6366	3.30198	-637.771	87.7548	-2.05072	-635.235	22.0994	2.06086	-633.049	86.933	-3.36018	-630.487	-0.109376	-0.252689	0.961346	-0.164591	-0.262269	0.950855	-0.109376	0.00473593	0.993989	-0.164591	-0.00723265	0.986335	-0.109376	0.00473593	0.993989	-0.164591	-0.00723265	0.986335	-6.27942	0.27135	-9.47371	-0.414404	-6.27942	0.27135	-9.47371	-0.414404	77.7198	98.2566	108.875	86.4053	433.583	548.154	607.39	482.038	513.263	505.811	1	1	1
"
 tid_4360_time_14:54:47:354 DPETW@ "GAZE_LOG_CALI: 701.647	537.554	704.394	542.563	964.155	513.43	965.979	518.744	364.764	528.739	367.977	533.611	623.563	506.804	626.043	512.074	
90.3046	18.1724	352.175	-5.65276	-307.724	28.8891	-49.4907	7.33618	87.5566	13.1631	350.348	-10.9709	-310.942	24.0147	-51.9709	2.06602	22.2949	3.73469	-630.104	86.5996	-1.62106	-627.774	22.2581	3.78138	-637.904	87.3646	-1.6413	-635.537	21.7246	2.51956	-633.264	86.5422	-2.94398	-630.632	-0.110271	-0.260819	0.959069	-0.159982	-0.253402	0.95404	-0.110271	-0.00370647	0.993895	-0.159982	0.00215591	0.987118	-0.110271	-0.00370647	0.993895	-0.159982	0.00215591	0.987118	-6.33101	-0.212366	-9.20586	0.123525	-6.33101	-0.212366	-9.20586	0.123525	76.7584	93.5129	111.325	92.4814	428.22	521.69	621.059	515.935	518.081	510.358	1	1	1
"
 tid_4360_time_14:54:47:377 DPETW@ "GAZE_LOG_CALI: 700.59	538.882	703.278	543.73	962.965	514.596	964.847	519.896	363.95	530.082	367.126	534.885	622.497	507.907	624.989	513.173	
89.1879	19.3392	351.041	-4.49975	-308.576	30.1643	-50.5449	8.43557	86.4993	14.4906	349.155	-9.80441	-311.757	25.358	-53.0366	3.16955	22.0327	4.0391	-630.505	86.3343	-1.34435	-627.875	21.9926	4.08956	-638.305	87.096	-1.36114	-635.638	21.4742	2.85301	-633.623	86.2707	-2.66428	-630.798	-0.106459	-0.25395	0.961341	-0.162442	-0.256517	0.952791	-0.106459	0.00351615	0.994311	-0.162442	-0.00117616	0.986717	-0.106459	0.00351615	0.994311	-0.162442	-0.00117616	0.986717	-6.11126	0.201461	-9.3487	-0.0673892	-6.11126	0.201461	-9.3487	-0.0673892	78.8068	98.1339	109.479	90.6816	439.647	547.47	610.759	505.895	519.365	519.253	1	1	1
"
 tid_4360_time_14:54:47:399 DPETW@ "GAZE_LOG_CALI: 699.431	539.822	702.166	544.696	961.622	515.402	963.442	520.724	363.087	530.924	366.301	535.728	621.43	508.744	623.965	514.045	
88.0755	20.305	349.632	-3.67116	-309.403	31.0076	-51.5691	9.30754	85.3398	15.4312	347.809	-8.99767	-312.621	26.2005	-54.1041	4.00661	21.7732	4.26549	-630.928	86.0673	-1.13623	-628.453	21.73	4.31875	-638.727	86.825	-1.15041	-636.216	21.2019	3.07651	-634.059	85.9947	-2.46294	-631.216	-0.108672	-0.255626	0.960648	-0.158572	-0.250675	0.954996	-0.108672	0.00171801	0.994076	-0.158572	0.00503765	0.987335	-0.108672	0.00171801	0.994076	-0.158572	0.00503765	0.987335	-6.2388	0.098435	-9.12413	0.288637	-6.2388	0.098435	-9.12413	0.288637	77.1202	97.1446	111.545	94.5504	430.238	541.95	622.29	527.478	521.194	528.34	1	1	1
"
 tid_4360_time_14:54:47:421 DPETW@ "GAZE_LOG_CALI: 698.786	539.918	701.394	544.782	960.684	515.44	962.525	520.727	362.723	531.092	365.852	535.86	620.837	508.873	623.375	514.103	
87.3033	20.3917	348.713	-3.66797	-309.853	31.1399	-52.1593	9.36559	84.695	15.527	346.869	-8.95977	-312.986	26.3692	-54.6969	4.13497	21.5996	4.29591	-631.435	85.911	-1.12991	-628.968	21.5542	4.3495	-639.235	86.6661	-1.14399	-636.732	21.0561	3.11151	-634.499	85.8349	-2.44466	-631.747	-0.10123	-0.2516	0.962523	-0.159304	-0.249264	0.955243	-0.10123	0.00609225	0.994844	-0.159304	0.00646444	0.987208	-0.10123	0.00609225	0.994844	-0.159304	0.00646444	0.987208	-5.81012	0.349062	-9.16668	0.370388	-5.81012	0.349062	-9.16668	0.370388	81.5089	99.7275	110.844	95.3029	454.722	556.36	618.378	531.676	533.049	539.586	1	1	1
"
 tid_4360_time_14:54:47:444 DPETW@ "GAZE_LOG_CALI: 698.534	539.751	701.245	544.645	960.375	515.288	962.199	520.678	362.692	530.924	365.793	535.672	620.685	508.662	623.225	513.93	
87.1551	20.2543	348.387	-3.71702	-309.911	30.951	-52.3084	9.19206	84.4433	15.3595	346.56	-9.11101	-313.016	26.2013	-54.8485	3.92479	21.568	4.25636	-631.577	85.8682	-1.158	-629.238	21.5222	4.30944	-639.377	86.6225	-1.17243	-637.002	21.0051	3.07152	-634.853	85.7922	-2.49059	-631.997	-0.109561	-0.262324	0.95874	-0.158425	-0.251499	0.954804	-0.109561	-0.00524487	0.993966	-0.158425	0.00419198	0.987362	-0.109561	-0.00524487	0.993966	-0.158425	0.00419198	0.987362	-6.29007	-0.30051	-9.11554	0.240183	-6.29007	-0.30051	-9.11554	0.240183	76.291	92.6908	111.315	93.8097	425.612	517.104	621.006	523.346	516.763	511.833	1	1	1
"
 tid_4360_time_14:54:47:466 DPETW@ "GAZE_LOG_CALI: 698.056	538.656	700.697	543.506	959.504	514.331	961.313	519.669	362.755	529.847	365.834	534.577	620.422	507.731	622.987	512.94	
86.6062	19.1156	347.5	-4.7268	-309.871	29.8561	-52.5473	8.20291	83.9652	14.2651	345.686	-10.0693	-312.953	25.1234	-55.1117	2.99338	21.464	3.98564	-632.539	85.7905	-1.4073	-630.277	21.417	4.03528	-640.339	86.5425	-1.42481	-638.041	20.9149	2.80479	-635.727	85.7072	-2.72933	-632.968	-0.10461	-0.256374	0.9609	-0.157487	-0.245939	0.956406	-0.10461	0.00106137	0.994513	-0.157487	0.00997683	0.987471	-0.10461	0.00106136	0.994513	-0.157487	0.00997683	0.987471	-6.0047	0.0608117	-9.06154	0.57164	-6.0047	0.0608117	-9.06154	0.57164	79.1724	96.052	111.673	96.862	441.687	535.855	622.999	540.374	528.033	532.653	1	1	1
"
 tid_4360_time_14:54:47:489 DPETW@ "GAZE_LOG_CALI: 698.012	538.157	700.538	543.045	959.572	513.89	961.128	519.282	362.911	529.326	366.002	534.109	620.652	507.335	622.992	512.497	
86.4477	18.6537	347.314	-5.11426	-309.702	29.3877	-52.5415	7.75991	83.9208	13.7657	345.755	-10.5105	-312.797	24.6017	-54.8821	2.59697	21.443	3.87358	-633.062	85.7862	-1.51079	-630.578	21.3958	3.92178	-640.862	86.5378	-1.52958	-638.342	20.9144	2.67889	-636.059	85.7597	-2.83435	-633.231	-0.0965825	-0.249355	0.963584	-0.145936	-0.244714	0.95855	-0.0965825	0.00853549	0.995288	-0.145936	0.0117157	0.989225	-0.0965826	0.00853549	0.995288	-0.145936	0.0117157	0.989225	-5.54261	0.489054	-8.39205	0.671276	-5.54261	0.489054	-8.39205	0.671276	84.0874	100.403	118.899	97.7435	469.107	560.128	663.316	545.292	565.414	551.641	1	1	1
"
 tid_4360_time_14:54:47:511 DPETW@ "GAZE_LOG_CALI: 703.3	537.349	703.133	542.547	964.251	513.191	962.778	518.79	368.263	528.447	368.712	533.573	625.915	506.286	625.077	512.072	
89.0429	18.1557	348.967	-5.60651	-306.987	28.8509	-50.4563	7.33405	89.2101	12.9581	350.444	-11.2106	-307.437	23.7218	-49.619	1.54873	22.0946	3.74899	-633.29	86.2926	-1.62398	-631.299	22.0555	3.79562	-641.089	87.0496	-1.64415	-639.062	22.2389	2.4741	-636.242	87.0571	-3.05104	-634.205	0.036499	-0.262859	0.964144	0.00148464	-0.278226	0.960515	0.036499	-0.00436324	0.999324	0.00148464	-0.0201461	0.999796	0.036499	-0.00436324	0.999324	0.00148464	-0.0201461	0.999796	2.09172	-0.249996	0.085081	-1.15437	2.09172	-0.249996	0.085081	-1.15437	166.495	92.3007	210.034	77.9761	928.841	514.927	1171.74	435.013	1050.29	474.97	1	1	1
"
 tid_4360_time_14:54:47:534 DPETW@ "GAZE_LOG_CALI: 706.327	537.783	704.169	542.907	966.378	513.767	962.947	519.209	371.468	528.935	369.912	533.985	628.323	506.829	625.664	512.464	
90.0795	18.5164	349.137	-5.1868	-305.786	29.2632	-49.8699	7.72687	92.2379	13.3922	352.575	-10.6335	-304.227	24.2103	-47.2101	2.09094	22.3613	3.84825	-633.565	86.4253	-1.52385	-631.963	22.3255	3.89609	-641.364	87.1832	-1.54276	-639.726	23.0051	2.59422	-636.564	87.6503	-2.91099	-634.667	0.135388	-0.25935	0.956247	0.0887687	-0.260028	0.961512	0.135388	-0.00301793	0.990788	0.0887687	-0.00231002	0.99605	0.135388	-0.00301793	0.990788	0.0887687	-0.00231002	0.99605	7.7811	-0.172915	5.09279	-0.132355	7.7811	-0.172915	5.09279	-0.132355	228.099	93.1339	263.581	88.7565	1272.52	519.575	1470.47	495.155	1377.17	499.47	1	1	1
"
 tid_4360_time_14:54:47:555 DPETW@ "GAZE_LOG_CALI: 705.343	538.511	703.012	543.612	965.385	514.305	961.992	519.692	370.648	529.612	368.904	534.59	627.466	507.396	624.725	512.925	
88.9218	19.2215	348.18	-4.70354	-306.796	29.869	-50.8087	8.18703	91.2536	14.1198	351.58	-10.0959	-305.049	24.8873	-48.0672	2.65812	22.0816	4.01191	-633.779	86.1902	-1.40764	-631.978	22.0423	4.06177	-641.579	86.9451	-1.4251	-639.741	22.7685	2.77025	-636.8	87.4313	-2.77483	-634.879	0.145148	-0.25814	0.955142	0.0958981	-0.266258	0.959119	0.145148	-0.00213526	0.989408	0.0958981	-0.00894737	0.995351	0.145148	-0.00213526	0.989408	0.0958981	-0.00894737	0.995351	8.34587	-0.122342	5.50323	-0.512654	8.34587	-0.122342	5.50323	-0.512654	234.011	93.7818	267.751	84.8005	1305.5	523.19	1493.73	473.085	1408.33	486.607	1	1	1
"
 tid_4360_time_14:54:47:578 DPETW@ "GAZE_LOG_CALI: 703.816	539.851	701.485	545.06	963.865	515.338	960.546	520.684	369.274	530.968	367.565	536.08	626.013	508.397	623.395	513.907	
87.3949	20.6693	346.731	-3.7107	-308.137	31.3594	-52.1389	9.16917	89.7256	15.4595	350.057	-9.06128	-306.425	26.2449	-49.5209	3.65979	21.7113	4.37859	-634.046	85.8529	-1.16384	-632.133	21.6675	4.43298	-641.846	86.6036	-1.17828	-639.896	22.3946	3.10767	-637.016	87.0631	-2.52244	-634.953	0.143652	-0.261854	0.954357	0.0893447	-0.261352	0.9611	0.143652	-0.00592586	0.98961	0.0893447	-0.00369525	0.995994	0.143652	-0.00592586	0.98961	0.0893447	-0.00369525	0.995994	8.25937	-0.339529	5.12595	-0.211723	8.25937	-0.339529	5.12595	-0.211723	232.743	91.7223	263.38	88.2158	1298.43	511.7	1469.35	492.138	1390.97	492.26	1	1	1
"
 tid_4360_time_14:54:47:602 DPETW@ "GAZE_LOG_CALI: 702.65	541.105	700.331	546.353	962.693	516.155	959.372	521.581	368.039	532.199	366.485	537.283	624.939	509.27	622.322	514.79	
86.2403	21.9628	345.554	-2.8133	-309.219	32.5631	-53.2121	10.0525	88.5598	16.7143	348.882	-8.24349	-307.662	27.4764	-50.595	4.53252	21.4278	4.68935	-634.131	85.5806	-0.943793	-632.272	21.3805	4.74759	-641.93	86.3277	-0.955498	-640.036	22.0988	3.41687	-636.869	86.7893	-2.31291	-635.086	0.135978	-0.251905	0.958151	0.0895631	-0.263362	0.96053	0.135978	0.00466599	0.990701	0.0895631	-0.0057849	0.995964	0.135978	0.00466599	0.990701	0.0895631	-0.0057849	0.995964	7.81524	0.267342	5.13856	-0.331452	7.81524	0.267342	5.13856	-0.331452	227.631	98.5638	263.257	87.1142	1269.91	549.868	1468.66	485.992	1373.92	511.565	1	1	1
"
 tid_4360_time_14:54:47:624 DPETW@ "GAZE_LOG_CALI: 701.06	542.847	698.898	548.034	961.265	517.434	957.935	522.805	366.789	533.924	365.238	539.011	623.446	510.531	620.926	516.079	
84.8069	23.6436	344.114	-1.58873	-310.468	34.2928	-54.6082	11.3418	86.9692	18.4566	347.451	-6.96403	-308.914	29.2029	-52.088	5.79393	21.0803	5.11544	-634.39	85.2292	-0.632751	-632.314	21.0287	5.17895	-642.19	85.972	-0.640598	-640.079	21.7194	3.8531	-637.369	86.4154	-1.99687	-634.954	0.136827	-0.262664	0.955137	0.0833473	-0.254945	0.963357	0.136827	-0.0065068	0.990574	0.0833473	0.00307731	0.996516	0.136827	-0.0065068	0.990574	0.0833473	0.00307731	0.996516	7.86446	-0.372815	4.78102	0.176317	7.86446	-0.372815	4.78102	0.176317	227.866	91.9944	259.077	92.8341	1271.22	513.218	1445.34	517.903	1362.34	509.802	1	1	1
"
 tid_4360_time_14:54:47:646 DPETW@ "GAZE_LOG_CALI: 700.523	543.974	698.268	549.166	960.45	518.317	957.267	523.676	366.15	535.004	364.674	540.067	622.935	511.387	620.37	516.894	
84.1772	24.7759	343.444	-0.717002	-311.033	35.3487	-55.1639	12.157	86.4322	19.5833	346.634	-6.0803	-309.554	30.2833	-52.5985	6.64978	20.9268	5.38842	-634.472	85.0854	-0.423681	-632.478	20.8732	5.45532	-642.271	85.8262	-0.428934	-640.243	21.5789	4.12769	-637.186	86.2762	-1.78138	-635.429	0.133082	-0.25039	0.958955	0.0896302	-0.269388	0.958852	0.133082	0.00633726	0.991085	0.0896302	-0.0120402	0.995902	0.133082	0.00633726	0.991085	0.0896302	-0.0120402	0.995902	7.64786	0.3631	5.14271	-0.689869	7.64786	0.3631	5.14271	-0.689869	225.368	100.195	262.831	83.734	1257.28	558.97	1466.28	467.135	1366.29	506.692	1	1	1
"
 tid_4360_time_14:54:47:670 DPETW@ "GAZE_LOG_CALI: 700.268	544.652	698.16	549.699	960.329	518.921	957.084	524.33	366.098	535.708	364.637	540.723	622.854	511.875	620.319	517.346	
84.0693	25.3083	343.262	-0.0616946	-311.069	36.0052	-55.215	12.6082	86.177	20.2609	346.513	-5.47562	-309.606	30.9878	-52.6796	7.13703	20.9031	5.53777	-634.586	85.0671	-0.286254	-632.675	20.8493	5.60651	-642.385	85.8074	-0.289802	-640.439	21.5257	4.30305	-637.505	86.2534	-1.64523	-635.48	0.132741	-0.255781	0.957578	0.0864199	-0.262646	0.961014	0.132741	0.000773937	0.99115	0.0864199	-0.00496766	0.996246	0.132741	0.000773937	0.99115	0.0864199	-0.00496766	0.996246	7.62804	0.0443433	4.95774	-0.284627	7.62804	0.0443433	4.95774	-0.284627	225.148	96.8668	260.846	88.1515	1256.06	540.401	1455.21	491.779	1359.47	510.613	1	1	1
"
 tid_4360_time_14:54:47:692 DPETW@ "GAZE_LOG_CALI: 700.401	545.292	698.332	550.365	960.484	519.414	957.255	524.776	366.371	536.259	365.038	541.285	623.196	512.484	620.587	517.954	
84.2412	25.9743	343.432	0.384706	-310.668	36.5679	-54.9469	13.2167	86.3107	20.901	346.669	-4.98218	-309.332	31.5391	-52.338	7.74678	20.9584	5.69474	-634.941	85.13	-0.154684	-632.831	20.9053	5.76539	-642.74	85.8709	-0.156601	-640.596	21.5667	4.45421	-637.721	86.3314	-1.50756	-635.766	0.126482	-0.250733	0.959758	0.0914367	-0.268232	0.959005	0.126482	0.00621369	0.991949	0.0914367	-0.0108831	0.995751	0.126482	0.0062137	0.991949	0.0914367	-0.0108831	0.995751	7.26652	0.356021	5.24658	-0.623567	7.26652	0.356021	5.24658	-0.623567	221.313	100.297	264.029	84.6092	1234.66	559.537	1472.96	472.018	1357.56	510.408	1	1	1
"
 tid_4360_time_14:54:47:714 DPETW@ "GAZE_LOG_CALI: 701.197	545.584	698.859	550.583	960.979	519.851	957.605	525.133	367.271	536.675	365.658	541.507	623.829	512.886	621.099	518.282	
84.7684	26.1931	343.783	0.741986	-310.048	36.79	-54.4352	13.5442	87.1068	21.193	347.165	-4.54513	-308.431	31.9549	-51.7051	8.14895	21.0946	5.75188	-635.095	85.2517	-0.0689016	-633.088	21.0432	5.82321	-642.895	85.9938	-0.0697551	-640.853	21.7714	4.54523	-637.897	86.4852	-1.40245	-635.991	0.139782	-0.245325	0.95931	0.0970135	-0.263115	0.959874	0.139782	0.0113225	0.990117	0.0970135	-0.00571571	0.995267	0.139782	0.0113225	0.990118	0.0970135	-0.00571571	0.995267	8.03577	0.648744	5.56731	-0.327488	8.03577	0.648744	5.56731	-0.327488	229.871	103.491	267.627	87.7925	1282.4	577.358	1493.04	489.777	1392.42	527.567	1	1	1
"
 tid_4360_time_14:54:47:736 DPETW@ "GAZE_LOG_CALI: 701.515	545.57	699.24	550.589	961.348	519.999	957.914	525.298	367.943	536.619	366.202	541.509	624.367	513.014	621.728	518.45	
85.1491	26.1991	344.093	0.906853	-309.502	36.7918	-53.8063	13.7127	87.4248	21.1791	347.534	-4.39676	-307.759	31.8991	-51.1666	8.27682	21.1983	5.75599	-635.368	85.3982	-0.0265527	-633.608	21.1482	5.82735	-643.167	86.1415	-0.0268813	-641.373	21.8705	4.54156	-638.477	86.6147	-1.36784	-636.269	0.146926	-0.261528	0.953947	0.0893156	-0.253096	0.963309	0.146926	-0.00571734	0.989131	0.0893156	0.00485061	0.995992	0.146926	-0.00571734	0.989131	0.0893156	0.00485061	0.995992	8.44894	-0.327581	5.12429	0.277921	8.44894	-0.327581	5.12429	0.277921	234.539	92.8452	263.055	94.186	1308.44	517.965	1467.53	525.445	1393.71	514.242	1	1	1
"
 tid_4360_time_14:54:47:759 DPETW@ "GAZE_LOG_CALI: 702.037	545.635	699.623	550.603	961.608	520.111	958.228	525.477	368.299	536.679	366.736	541.566	624.846	513.157	622.161	518.506	
85.5321	26.2125	344.408	1.08534	-308.967	36.8483	-53.3732	13.7682	87.9467	21.2443	347.795	-4.28449	-307.401	31.9591	-50.688	8.41952	21.3022	5.76764	-635.614	85.502	0.00305771	-633.795	21.2534	5.83911	-643.413	86.2464	0.00309554	-641.559	21.9924	4.55559	-638.209	86.7272	-1.33601	-636.615	0.136564	-0.237202	0.961814	0.0934628	-0.260286	0.960997	0.136564	0.0198164	0.990433	0.0934628	-0.0026926	0.995619	0.136564	0.0198164	0.990433	0.0934628	-0.0026926	0.995619	7.85061	1.13547	5.36287	-0.154275	7.85061	1.13547	5.36287	-0.154275	228.126	108.65	265.745	89.5346	1272.67	606.137	1482.54	499.496	1379.96	549.845	1	1	1
"
 tid_4360_time_14:54:47:782 DPETW@ "GAZE_LOG_CALI: 702.245	545.722	699.911	550.678	961.858	520.208	958.425	525.473	368.639	536.806	367.031	541.601	625.229	513.267	622.473	518.63	
85.8202	26.2881	344.605	1.08143	-308.672	36.8836	-53.0607	13.8922	88.1545	21.3317	348.045	-4.18743	-307.062	32.0854	-50.3052	8.52975	21.3743	5.78195	-635.632	85.5761	0.0184822	-633.98	21.3264	5.85359	-643.432	86.3211	0.0187107	-641.745	22.0516	4.58442	-638.426	86.8195	-1.31003	-636.841	0.139069	-0.243392	0.959906	0.0976218	-0.260279	0.960586	0.139069	0.013343	0.990193	0.0976218	-0.00279191	0.99522	0.139069	0.013343	0.990193	0.0976218	-0.00279191	0.99522	7.99472	0.764522	5.60226	-0.159965	7.99472	0.764522	5.60226	-0.159965	229.779	104.642	268.417	89.4394	1281.89	583.778	1497.45	498.965	1393.86	536.118	1	1	1
"
 tid_4360_time_14:54:47:805 DPETW@ "GAZE_LOG_CALI: 702.766	545.852	700.305	550.876	962.207	520.337	958.76	525.6	369.274	536.929	367.69	541.844	625.752	513.373	623.054	518.713	
86.2149	26.4859	344.941	1.2091	-308.012	37.1271	-52.4795	13.9759	88.6762	21.4616	348.395	-4.05806	-306.425	32.209	-49.7813	8.63546	21.4869	5.84197	-636.067	85.7134	0.0456128	-634.38	21.4405	5.91431	-643.867	86.4597	0.0461766	-642.144	22.1884	4.6184	-638.621	86.9445	-1.28049	-637.108	0.137121	-0.237583	0.96164	0.0926702	-0.253617	0.962855	0.137121	0.0194037	0.990364	0.0926702	0.00422966	0.995688	0.137121	0.0194037	0.990364	0.0926702	0.00422967	0.995688	7.88278	1.11182	5.31729	0.242343	7.88278	1.11182	5.31729	0.242343	228.728	108.359	265.521	93.6797	1276.03	604.513	1481.29	522.62	1380.21	561.654	1	1	1
"
 tid_4360_time_14:54:47:827 DPETW@ "GAZE_LOG_CALI: 702.832	546	700.392	551.069	962.31	520.339	958.857	525.628	369.402	537.073	367.829	541.947	625.928	513.393	623.238	518.78	
86.3021	26.679	345.038	1.23732	-307.873	37.2295	-52.2957	14.0424	88.7424	21.6094	348.498	-4.05641	-306.297	32.3525	-49.606	8.65541	21.5116	5.87985	-636.152	85.7566	0.0577113	-634.522	21.4654	5.95265	-643.951	86.5032	0.0584244	-642.286	22.2086	4.65583	-638.717	86.9863	-1.27779	-637.229	0.136526	-0.238243	0.961562	0.0919681	-0.254371	0.962724	0.136526	0.018745	0.990459	0.0919681	0.00346807	0.995756	0.136526	0.018745	0.990459	0.0919681	0.00346807	0.995756	7.84825	1.07407	5.27687	0.198706	7.84825	1.07407	5.27687	0.198706	228.388	107.965	265.142	93.1869	1274.13	602.317	1479.18	519.871	1378.27	559.086	1	1	1
"
 tid_4360_time_14:54:47:850 DPETW@ "GAZE_LOG_CALI: 702.897	546.253	700.499	551.3	962.363	520.347	958.912	525.668	369.507	537.261	368.002	542.135	626.012	513.391	623.307	518.792	
86.4088	26.9098	345.093	1.27745	-307.7	37.4184	-52.2269	14.0541	88.8071	21.8624	348.552	-4.04816	-306.192	32.5407	-49.5219	8.65383	21.5416	5.93354	-636.261	85.7735	0.0642417	-634.547	21.4959	6.007	-644.06	86.5203	0.0650356	-642.311	22.2273	4.71173	-638.774	87.0065	-1.27695	-637.278	0.133189	-0.235865	0.962615	0.0929442	-0.256528	0.962058	0.133189	0.0213154	0.990861	0.0929442	0.00121193	0.995671	0.133189	0.0213154	0.990861	0.0929442	0.00121193	0.995671	7.65568	1.22137	5.33301	0.0694383	7.65568	1.22137	5.33301	0.0694383	226.327	109.584	265.767	91.7994	1262.64	611.348	1482.66	512.131	1373.94	560.123	1	1	1
"
 tid_4360_time_14:54:47:872 DPETW@ "GAZE_LOG_CALI: 702.97	546.345	700.565	551.327	962.416	520.294	958.969	525.586	369.772	537.317	368.034	542.194	626.084	513.357	623.337	518.703	
86.4742	26.9363	345.151	1.19505	-307.668	37.4773	-52.1969	13.9657	88.8801	21.9548	348.605	-4.10125	-305.926	32.5973	-49.4498	8.61965	21.5563	5.9437	-636.202	85.7815	0.0429397	-634.496	21.5107	6.01728	-644.002	86.5285	0.0434704	-642.261	22.256	4.73324	-639.096	87.0241	-1.28784	-637.309	0.145418	-0.250528	0.957126	0.0961979	-0.258446	0.961224	0.145418	0.00573105	0.989354	0.0961979	-0.000856787	0.995362	0.145418	0.00573105	0.989354	0.0961979	-0.000856787	0.995362	8.3616	0.328367	5.52027	-0.0490903	8.3616	0.328367	5.52027	-0.0490903	234.069	99.9317	267.79	90.5191	1305.83	557.499	1493.94	504.988	1405.75	523.931	1	1	1
"
 tid_4360_time_14:54:47:895 DPETW@ "GAZE_LOG_CALI: 703.144	546.278	700.719	551.317	962.557	520.206	959.151	525.507	369.912	537.342	368.232	542.159	626.185	513.229	623.465	518.589	
86.6284	26.9264	345.333	1.11607	-307.469	37.4419	-52.0692	13.8511	89.0537	21.8871	348.745	-4.18946	-305.786	32.6219	-49.3484	8.49135	21.5973	5.93893	-636.274	85.816	0.0188668	-634.421	21.5523	6.01245	-644.074	86.5635	0.0191	-642.185	22.2977	4.7276	-639.043	87.0514	-1.3148	-637.257	0.142105	-0.244946	0.959066	0.0951398	-0.260089	0.960886	0.142105	0.0116254	0.989783	0.0951398	-0.00253057	0.995461	0.142105	0.0116254	0.989783	0.0951398	-0.00253057	0.995461	8.17023	0.666101	5.45939	-0.144991	8.17023	0.666101	5.45939	-0.144991	232.021	103.574	267.16	89.4857	1294.4	577.816	1490.43	499.223	1397.06	532.705	1	1	1
"
 tid_4360_time_14:54:47:917 DPETW@ "GAZE_LOG_CALI: 703.33	546.306	701.011	551.256	962.847	520.104	959.397	525.435	370.175	537.274	368.456	542.128	626.517	513.194	623.757	518.505	
86.9209	26.8654	345.579	1.04411	-307.245	37.4109	-51.7768	13.7673	89.2401	21.9153	349.037	-4.2919	-305.523	32.5535	-49.0163	8.45643	21.6663	5.92669	-636.175	85.8873	-0.000235206	-634.491	21.6221	6.00006	-643.974	86.6355	-0.000238113	-642.255	22.3488	4.72375	-639.167	87.1334	-1.33174	-637.322	0.1446	-0.253941	0.95635	0.0969695	-0.259335	0.960907	0.1446	0.00223295	0.989488	0.0969695	-0.00179712	0.995286	0.1446	0.00223295	0.989488	0.0969695	-0.00179712	0.995286	8.31415	0.127939	5.5647	-0.102968	8.31415	0.127939	5.5647	-0.102968	233.656	97.7454	268.374	89.8997	1303.52	545.302	1497.21	501.532	1406.94	515.107	1	1	1
"
 tid_4360_time_14:54:47:940 DPETW@ "GAZE_LOG_CALI: 704.004	546.085	701.535	551.167	963.425	520.009	959.933	525.297	370.542	537.167	369.047	542.068	627.019	513.01	624.302	518.373	
87.4452	26.7765	346.117	0.906126	-306.653	37.3508	-51.2319	13.6356	89.9144	21.694	349.616	-4.38702	-305.155	32.4466	-48.5142	8.27259	21.8011	5.90976	-636.286	86.0241	-0.0333014	-634.52	21.7586	5.98292	-644.086	86.774	-0.0337129	-642.283	22.5004	4.67917	-638.685	87.2623	-1.36603	-637.209	0.132335	-0.232572	0.963534	0.0926747	-0.25284	0.963059	0.132335	0.0247338	0.990896	0.0926747	0.00503328	0.995684	0.132335	0.0247338	0.990896	0.0926747	0.00503328	0.995684	7.60691	1.41729	5.31757	0.288387	7.60691	1.41729	5.31757	0.288387	226.059	111.678	265.849	94.0612	1261.14	623.029	1483.12	524.749	1372.41	573.549	1	1	1
"
 tid_4360_time_14:54:47:962 DPETW@ "GAZE_LOG_CALI: 704.409	545.979	702.036	550.967	963.888	519.982	960.447	525.265	371.162	536.997	369.493	541.926	627.546	513.049	624.802	518.404	
87.9464	26.5771	346.632	0.873509	-306.206	37.2081	-50.7315	13.6663	90.3195	21.5885	350.08	-4.41354	-304.534	32.2769	-47.9872	8.3119	21.9229	5.86676	-636.215	86.1495	-0.0330231	-634.499	21.8818	5.9394	-644.015	86.901	-0.0334312	-642.263	22.6145	4.64797	-639.039	87.3929	-1.36405	-637.318	0.141086	-0.248693	0.958252	0.0956075	-0.258641	0.96123	0.141086	0.0077952	0.989967	0.0956075	-0.00104368	0.995418	0.141086	0.0077952	0.989967	0.0956076	-0.00104368	0.995419	8.11097	0.446637	5.48629	-0.0597983	8.11097	0.446637	5.48629	-0.0597983	231.69	101.134	267.794	90.3293	1292.55	564.208	1493.97	503.929	1398.35	527.659	1	1	1
"
 tid_4360_time_14:54:47:985 DPETW@ "GAZE_LOG_CALI: 705.11	545.886	702.647	550.874	964.51	520.024	961.045	525.29	371.738	536.953	370.175	541.88	628.209	513.025	625.497	518.429	
88.5574	26.4839	347.231	0.898617	-305.524	37.1624	-50.0368	13.6919	91.0206	21.4956	350.703	-4.37146	-303.958	32.2327	-47.3241	8.28766	22.0795	5.85128	-636.338	86.3201	-0.0259178	-634.656	22.0404	5.92371	-644.137	87.0735	-0.026238	-642.42	22.7832	4.62986	-638.844	87.5581	-1.36129	-637.387	0.135065	-0.235269	0.9625	0.0926645	-0.255288	0.962414	0.135065	0.0218606	0.990596	0.0926645	0.0025018	0.995694	0.135065	0.0218606	0.990596	0.0926645	0.0025018	0.995694	7.76423	1.25262	5.31693	0.143343	7.76423	1.25262	5.31693	0.143343	228.067	109.827	266.154	92.4767	1272.34	612.705	1484.82	515.909	1380.07	562.477	1	1	1
"
 tid_4360_time_14:54:48:9 DPETW@ "GAZE_LOG_CALI: 705.518	545.908	703.213	550.792	965.075	519.994	961.613	525.317	372.343	536.943	370.77	541.787	628.798	513.054	626.043	518.417	
89.1227	26.4014	347.8	0.925374	-304.928	37.0691	-49.4902	13.6792	91.4286	21.5176	351.269	-4.40195	-303.352	32.2225	-46.7354	8.31659	22.2224	5.83046	-636.396	86.4577	-0.0236421	-634.629	22.1851	5.90262	-644.195	87.2128	-0.0239342	-642.392	22.8968	4.63445	-639.17	87.7057	-1.36094	-637.437	0.136052	-0.242412	0.960586	0.0956005	-0.259301	0.961053	0.136052	0.0144664	0.990596	0.0956005	-0.00172648	0.995418	0.136052	0.0144664	0.990596	0.0956005	-0.00172648	0.995418	7.82028	0.828893	5.48589	-0.09892	7.82028	0.828893	5.48589	-0.09892	228.832	105.197	268.114	89.8848	1276.61	586.873	1495.75	501.449	1389.87	539.519	1	1	1
"
 tid_4360_time_14:54:48:31 DPETW@ "GAZE_LOG_CALI: 706.013	545.573	703.534	550.608	965.435	519.857	961.934	525.095	372.846	536.704	371.137	541.534	629.208	512.857	626.487	518.253	
89.4446	26.2182	348.122	0.703881	-304.561	36.8161	-49.0462	13.5159	91.9235	21.1826	351.63	-4.53885	-302.848	31.9837	-46.3257	8.11938	22.3058	5.77693	-636.469	86.5658	-0.071106	-634.838	22.2695	5.84842	-644.268	87.3219	-0.0719842	-642.601	23.0214	4.56313	-639.198	87.8069	-1.40254	-637.51	0.142278	-0.24322	0.95948	0.091759	-0.251761	0.96343	0.142278	0.0133996	0.989736	0.091759	0.00617157	0.995762	0.142278	0.0133996	0.989736	0.091759	0.00617157	0.995762	8.18045	0.767762	5.26491	0.353607	8.18045	0.767762	5.26491	0.353607	232.872	104.471	265.857	94.6436	1299.14	582.821	1483.16	527.997	1394.28	551.601	1	1	1
"
 tid_4360_time_14:54:48:54 DPETW@ "GAZE_LOG_CALI: 706.394	545.089	704.164	550.127	965.933	519.314	962.516	524.616	373.305	536.119	371.783	541.059	629.793	512.473	627.11	517.842	
90.0742	25.7368	348.704	0.224182	-303.913	36.3406	-48.4236	13.1048	92.3044	20.6987	352.129	-5.08203	-302.388	31.3978	-45.7409	7.73546	22.4643	5.65825	-636.51	86.7216	-0.181592	-634.922	22.43	5.72827	-644.309	87.4796	-0.183834	-642.685	23.1219	4.43015	-639.335	87.9521	-1.51834	-637.659	0.133395	-0.250253	0.958947	0.0904997	-0.255573	0.962545	0.133395	0.00646779	0.991042	0.0904997	0.0022606	0.995894	0.133395	0.00646779	0.991042	0.0904998	0.0022606	0.995894	7.66596	0.37058	5.19237	0.129523	7.66596	0.37058	5.19237	0.129523	227.397	100.026	265.237	92.1075	1268.6	558.024	1479.71	513.849	1377.65	531.345	1	1	1
"
 tid_4360_time_14:54:48:76 DPETW@ "GAZE_LOG_CALI: 707.068	544.533	704.656	549.579	966.499	518.946	963.035	524.24	374.021	535.678	372.386	540.578	630.468	512.062	627.755	517.474	
90.566	25.1885	349.225	-0.152285	-303.309	35.8592	-47.7791	12.7368	92.9788	20.1427	352.696	-5.45064	-301.672	30.9566	-45.0657	7.32438	22.5933	5.53197	-636.717	86.8795	-0.273842	-635.126	22.5606	5.60041	-644.517	87.6392	-0.277222	-642.889	23.2939	4.30619	-639.416	88.1199	-1.6158	-637.852	0.137993	-0.243561	0.960019	0.0918482	-0.25575	0.96237	0.137993	0.0132092	0.990345	0.0918482	0.00204375	0.995771	0.137993	0.0132092	0.990345	0.0918482	0.00204375	0.995771	7.93239	0.756855	5.26995	0.117099	7.93239	0.756855	5.26995	0.117099	230.468	104.046	266.249	91.8317	1285.73	580.449	1485.35	512.31	1389	542.041	1	1	1
"
 tid_4360_time_14:54:48:98 DPETW@ "GAZE_LOG_CALI: 707.583	544.063	705.271	549.076	967.069	518.413	963.619	523.724	374.568	535.224	373.068	540.086	631.041	511.567	628.366	516.97	
91.182	24.6854	349.81	-0.66809	-302.626	35.3676	-47.1674	12.2329	93.4938	19.6725	353.268	-5.9843	-301.124	30.5028	-44.4922	6.82913	22.7514	5.40926	-636.838	87.0328	-0.400537	-635.181	22.7206	5.47616	-644.638	87.7943	-0.40548	-642.944	23.4251	4.1911	-639.484	88.2648	-1.74424	-637.865	0.131467	-0.239816	0.961876	0.0892301	-0.253889	0.963109	0.131467	0.0173076	0.991169	0.0892301	0.0040326	0.996003	0.131467	0.0173076	0.99117	0.0892302	0.0040326	0.996003	7.55549	0.991703	5.11936	0.231051	7.55549	0.991703	5.11936	0.231051	226.512	106.436	264.782	92.9172	1263.67	593.784	1477.17	518.366	1372.01	554.04	1	1	1
"
 tid_4360_time_14:54:48:120 DPETW@ "GAZE_LOG_CALI: 708.125	543.661	705.701	548.682	967.513	518.05	964.065	523.447	375.119	534.862	373.531	539.78	631.536	511.157	628.844	516.552	
91.6115	24.2916	350.257	-0.945663	-302.162	35.0606	-46.6899	11.8146	94.0357	19.2703	353.713	-6.34765	-300.572	30.1401	-43.9976	6.41955	22.8609	5.3226	-636.902	87.1523	-0.487013	-635.243	22.8315	5.38843	-644.702	87.9151	-0.493023	-643.006	23.5613	4.09581	-639.523	88.3886	-1.8409	-637.957	0.135472	-0.239927	0.961292	0.0902459	-0.256911	0.962212	0.135472	0.0170487	0.990634	0.0902459	0.000881493	0.995919	0.135472	0.0170487	0.990635	0.0902459	0.000881493	0.995919	7.78704	0.976867	5.17776	0.0505058	7.78704	0.976867	5.17776	0.0505058	229.163	106.18	265.536	90.8776	1278.46	592.357	1481.37	506.988	1382.69	546.167	1	1	1
"
 tid_4360_time_14:54:48:142 DPETW@ "GAZE_LOG_CALI: 708.41	543.446	706.145	548.541	967.878	517.885	964.406	523.251	375.468	534.591	373.875	539.557	631.946	510.982	629.269	516.372	
92.0558	24.1508	350.598	-1.1423	-301.818	34.8374	-46.2647	11.634	94.3214	19.055	354.078	-6.51235	-300.222	29.8691	-43.5878	6.24428	22.9661	5.27601	-636.75	87.2568	-0.533734	-635.384	22.9379	5.34128	-644.55	88.0207	-0.540319	-643.147	23.6374	4.03569	-639.625	88.4908	-1.88332	-638.037	0.136012	-0.253877	0.957626	0.0886232	-0.253178	0.963352	0.136012	0.00262581	0.990704	0.0886232	0.00478278	0.996054	0.136012	0.00262581	0.990704	0.0886232	0.00478278	0.996054	7.81718	0.150448	5.08446	0.274034	7.81718	0.150448	5.08446	0.274034	229.578	97.2035	264.647	93.1966	1280.77	542.279	1476.41	519.925	1382.81	525.573	1	1	1
"
 tid_4360_time_14:54:48:164 DPETW@ "GAZE_LOG_CALI: 708.812	543.667	706.375	548.63	968.119	518.009	964.706	523.308	375.944	534.814	374.238	539.764	632.309	511.145	629.571	516.527	
92.2854	24.2398	350.9	-1.08457	-301.455	35.0452	-45.9623	11.7891	94.7231	19.276	354.32	-6.38865	-299.746	30.0919	-43.224	6.40706	23.0313	5.31546	-636.964	87.3321	-0.506811	-635.385	23.004	5.38119	-644.764	88.0969	-0.513064	-643.147	23.7425	4.09284	-639.75	88.5784	-1.84747	-638.23	0.14123	-0.246379	0.958828	0.0940862	-0.26073	0.960816	0.14123	0.0101793	0.989924	0.0940862	-0.00316794	0.995559	0.14123	0.0101793	0.989924	0.0940862	-0.00316794	0.995559	8.11946	0.583243	5.39875	-0.18151	8.11946	0.583243	5.39875	-0.18151	232.988	101.89	268.115	88.3283	1299.8	568.424	1495.76	492.766	1403.52	523.385	1	1	1
"
 tid_4360_time_14:54:48:187 DPETW@ "GAZE_LOG_CALI: 708.796	544.321	706.411	549.366	968.144	518.442	964.689	523.763	375.91	535.478	374.218	540.286	632.29	511.599	629.555	516.98	
92.3219	24.9753	350.882	-0.629975	-301.474	35.5667	-45.9788	12.2421	94.7071	19.9304	354.345	-5.95524	-299.78	30.7561	-43.2431	6.86102	23.0372	5.47179	-636.86	87.3273	-0.393462	-635.383	23.0099	5.53946	-644.659	88.0921	-0.398316	-643.146	23.737	4.25836	-639.715	88.5744	-1.736	-638.162	0.140924	-0.248301	0.958377	0.0930701	-0.258089	0.961628	0.140924	0.00820637	0.989986	0.0930701	-0.000407606	0.995659	0.140924	0.00820637	0.989986	0.0930701	-0.000407606	0.995659	8.10159	0.470196	5.34025	-0.0233541	8.10159	0.470196	5.34025	-0.0233541	232.79	100.841	267.481	90.1394	1298.69	562.572	1492.22	502.87	1400.83	525.964	1	1	1
"
 tid_4360_time_14:54:48:209 DPETW@ "GAZE_LOG_CALI: 708.617	544.936	706.157	549.934	967.858	518.9	964.426	524.164	375.656	536.03	373.963	540.991	631.959	511.946	629.341	517.383	
92.0678	25.5434	350.619	-0.227971	-301.73	36.273	-46.1922	12.6459	94.5279	20.545	354.058	-5.49672	-300.034	31.3088	-43.574	7.2088	22.9731	5.63103	-636.849	87.2712	-0.29303	-635.449	22.9451	5.70067	-644.649	88.0353	-0.296645	-643.211	23.6874	4.4039	-639.583	88.4918	-1.63507	-638.081	0.140521	-0.2455	0.959158	0.0857837	-0.251517	0.964044	0.140521	0.0111135	0.990015	0.0857837	0.0065659	0.996292	0.140521	0.0111135	0.990015	0.0857837	0.0065659	0.996292	8.07853	0.636772	4.9212	0.376201	8.07853	0.636772	4.9212	0.376201	232.476	102.809	262.912	94.5126	1296.94	573.55	1466.73	527.267	1384.69	546.826	1	1	1
"
 tid_4360_time_14:54:48:231 DPETW@ "GAZE_LOG_CALI: 707.944	545.808	705.508	550.813	967.279	519.406	963.777	524.726	374.982	536.941	373.316	541.882	631.228	512.529	628.607	517.974	
91.4189	26.4227	349.969	0.334076	-302.378	37.1646	-46.9264	13.2363	93.8549	21.4172	353.478	-4.99037	-300.709	32.2198	-44.3059	7.791	22.8105	5.85193	-636.836	87.0895	-0.149846	-635.312	22.7804	5.92431	-644.636	87.8515	-0.151695	-643.074	23.5183	4.62715	-639.547	88.3106	-1.49875	-637.817	0.139157	-0.244619	0.959582	0.0842974	-0.247331	0.965257	0.139157	0.0120744	0.990197	0.0842974	0.0109238	0.996381	0.139157	0.0120744	0.990197	0.0842974	0.0109238	0.996381	7.99963	0.691826	4.83591	0.625901	7.99963	0.691826	4.83591	0.625901	231.453	103.625	261.801	97.3686	1291.23	578.105	1460.53	543.2	1377.48	558.661	1	1	1
"
 tid_4360_time_14:54:48:254 DPETW@ "GAZE_LOG_CALI: 707.387	546.687	704.933	551.63	966.576	519.959	963.167	525.287	374.324	537.679	372.637	542.629	630.626	512.994	627.892	518.432	
90.8436	27.2402	349.358	0.89557	-303.058	37.9114	-47.6415	13.6947	93.2978	22.2964	352.773	-4.43655	-301.368	32.959	-44.9077	8.2564	22.6603	6.04518	-636.651	86.9121	-0.0233247	-635.122	22.6283	6.11997	-644.451	87.6722	-0.0236126	-642.885	23.372	4.82844	-639.37	88.1558	-1.37187	-637.974	0.140457	-0.243943	0.959564	0.0945369	-0.263551	0.960002	0.140457	0.0127222	0.990005	0.0945369	-0.00610383	0.995503	0.140457	0.0127222	0.990005	0.0945369	-0.00610383	0.995503	8.07496	0.728947	5.42477	-0.349726	8.07496	0.728947	5.42477	-0.349726	232.109	104.265	267.959	87.0616	1294.89	581.675	1494.89	485.699	1400.14	527.094	1	1	1
"
 tid_4360_time_14:54:48:276 DPETW@ "GAZE_LOG_CALI: 706.63	547.387	704.223	552.407	965.885	520.366	962.398	525.669	373.597	538.461	371.863	543.424	629.851	513.463	627.146	518.898	
90.1334	28.0172	348.587	1.27784	-303.833	38.7067	-48.3872	14.1607	92.5405	22.9962	352.081	-4.02946	-302.096	33.7411	-45.6829	8.72571	22.4788	6.2399	-636.527	86.7236	0.0818717	-635.145	22.4446	6.31711	-644.326	87.4813	0.0828824	-642.908	23.1833	5.01423	-639.401	87.9625	-1.26251	-637.828	0.143484	-0.253071	0.956748	0.0911682	-0.254941	0.962649	0.143484	0.00317666	0.989648	0.0911682	0.00289756	0.995831	0.143484	0.00317666	0.989648	0.0911682	0.00289756	0.995831	8.24955	0.182009	5.23084	0.166018	8.24955	0.182009	5.23084	0.166018	233.831	98.5486	265.68	92.7003	1304.49	549.783	1482.17	517.156	1398.48	526.983	1	1	1
"
 tid_4360_time_14:54:48:299 DPETW@ "GAZE_LOG_CALI: 706.111	547.651	703.737	552.678	965.445	520.516	961.991	525.817	373.023	538.724	371.423	543.706	629.342	513.641	626.677	519.055	
89.6471	28.2883	348.178	1.42627	-304.274	38.9897	-48.8571	14.3175	92.0217	23.2611	351.64	-3.87937	-302.671	34.0044	-46.1918	8.90357	22.3596	6.3095	-636.596	86.6078	0.119443	-635.043	22.324	6.38757	-644.396	87.3642	0.120917	-642.806	23.0498	5.07918	-639.299	87.8361	-1.22172	-637.71	0.136644	-0.246309	0.959511	0.0891892	-0.253742	0.963151	0.136644	0.0104238	0.990565	0.0891892	0.00418608	0.996006	0.136644	0.0104238	0.990565	0.0891892	0.00418608	0.996006	7.85414	0.597251	5.11701	0.239845	7.85414	0.597251	5.11701	0.239845	229.386	103.104	264.327	93.5557	1279.7	575.198	1474.63	521.929	1379.83	545.161	1	1	1
"
 tid_4360_time_14:54:48:322 DPETW@ "GAZE_LOG_CALI: 705.922	547.777	703.424	552.788	965.163	520.594	961.741	525.878	372.834	538.847	371.135	543.812	629.037	513.682	626.364	519.071	
89.3341	28.3982	347.928	1.48687	-304.562	39.0955	-49.1695	14.3339	91.8326	23.3864	351.357	-3.80105	-302.86	34.1276	-46.4969	8.94428	22.2828	6.33655	-636.63	86.5312	0.128648	-634.936	22.2462	6.41495	-644.429	87.2868	0.130237	-642.699	23.0021	5.11022	-639.3	87.7599	-1.20707	-637.669	0.141382	-0.244031	0.959406	0.0905275	-0.255861	0.962466	0.141382	0.0125964	0.989875	0.0905275	0.00196218	0.995892	0.141382	0.0125964	0.989875	0.0905275	0.00196218	0.995892	8.12846	0.721741	5.19396	0.112425	8.12846	0.721741	5.19396	0.112425	232.321	104.479	265.07	92.2239	1296.07	582.868	1478.77	514.499	1390.83	544.446	1	1	1
"
 tid_4360_time_14:54:48:344 DPETW@ "GAZE_LOG_CALI: 705.725	547.792	703.243	552.815	964.911	520.54	961.542	525.854	372.625	538.871	370.837	543.857	628.788	513.677	626.147	519.078	
89.1533	28.4248	347.728	1.46316	-304.861	39.1405	-49.3865	14.3406	91.6356	23.4014	351.104	-3.8556	-303.069	34.152	-46.7452	8.93928	22.2315	6.34306	-636.424	86.4774	0.126295	-634.906	22.1943	6.42156	-644.223	87.2324	0.127855	-642.67	22.9524	5.11471	-639.27	87.6971	-1.21476	-637.667	0.14638	-0.252331	0.956505	0.0893536	-0.258196	0.961952	0.14638	0.00382914	0.989221	0.0893536	-0.000426665	0.996	0.14638	0.00382914	0.989221	0.0893536	-0.000426665	0.996	8.41726	0.219394	5.12642	-0.0244461	8.41726	0.219394	5.12642	-0.0244461	235.411	99.083	264.285	90.7594	1313.31	552.764	1474.39	506.328	1399.37	522.545	1	1	1
"
 tid_4360_time_14:54:48:366 DPETW@ "GAZE_LOG_CALI: 705.54	547.888	703.044	552.973	964.691	520.616	961.273	525.887	372.303	539.001	370.647	543.972	628.533	513.674	625.95	519.094	
88.9541	28.5826	347.459	1.49597	-305.051	39.2561	-49.5842	14.3565	91.4508	23.4979	350.884	-3.77893	-303.392	34.2814	-47.0003	8.93666	22.182	6.3772	-636.438	86.4257	0.132246	-635.018	22.1442	6.45612	-644.237	87.18	0.133879	-642.781	22.8978	5.14087	-639.045	87.6343	-1.2057	-637.614	0.139336	-0.243175	0.959923	0.0847999	-0.250026	0.964519	0.139336	0.0135577	0.990152	0.0847999	0.00812967	0.996365	0.139336	0.0135577	0.990152	0.0847999	0.00812967	0.996365	8.01014	0.776825	4.86468	0.465801	8.01014	0.776825	4.86468	0.465801	230.897	105.162	261.421	95.9994	1288.13	586.679	1458.42	535.561	1374.65	559.389	1	1	1
"
 tid_4360_time_14:54:48:388 DPETW@ "GAZE_LOG_CALI: 705.388	547.941	702.88	553.014	964.508	520.613	961.137	525.837	372.19	539.024	370.541	543.979	628.433	513.681	625.845	519.101	
88.7905	28.6235	347.322	1.44587	-305.158	39.263	-49.6884	14.3635	91.2984	23.5502	350.701	-3.78168	-303.505	34.3049	-47.1002	8.94386	22.1445	6.38398	-636.525	86.3988	0.126827	-635.072	22.1063	6.46298	-644.325	87.1526	0.128393	-642.835	22.8617	5.15081	-639.109	87.6065	-1.20542	-637.742	0.139107	-0.241607	0.960352	0.0858754	-0.25239	0.963807	0.139107	0.0151833	0.990161	0.0858754	0.00566125	0.99629	0.139107	0.0151833	0.990161	0.0858754	0.00566125	0.99629	7.99709	0.869972	4.92645	0.324367	7.99709	0.869972	4.92645	0.324367	230.728	106.159	262.064	94.4623	1287.19	592.238	1462	526.986	1376.18	557.615	1	1	1
"
 tid_4360_time_14:54:48:410 DPETW@ "GAZE_LOG_CALI: 705.005	548.065	702.574	553.173	964.237	520.658	960.754	525.932	371.966	539.08	370.306	544.051	628.148	513.712	625.495	519.085	
88.4843	28.7832	346.939	1.54086	-305.393	39.3344	-50.039	14.3478	90.9155	23.6748	350.43	-3.73684	-303.73	34.3611	-47.386	8.97407	22.0721	6.41378	-636.636	86.31	0.136355	-635.12	22.0329	6.49313	-644.436	87.0627	0.138039	-642.884	22.775	5.1754	-639.358	87.5349	-1.19626	-637.713	0.140063	-0.248714	0.958396	0.0880709	-0.24888	0.964522	0.140063	0.00781184	0.990112	0.0880709	0.00923674	0.996071	0.140063	0.00781184	0.990112	0.0880709	0.00923674	0.996071	8.05173	0.44759	5.05285	0.529234	8.05173	0.44759	5.05285	0.529234	231.27	101.574	263.341	96.6605	1290.21	566.662	1469.13	539.249	1382.16	549.831	1	1	1
"
 tid_4360_time_14:54:48:434 DPETW@ "GAZE_LOG_CALI: 704.792	548.163	702.348	553.262	963.914	520.749	960.54	526.046	371.782	539.217	370.092	544.161	627.854	513.81	625.25	519.23	
88.258	28.872	346.725	1.65533	-305.607	39.4447	-50.284	14.4924	90.7023	23.773	350.105	-3.64625	-303.914	34.4979	-47.68	9.07228	22.0162	6.43865	-636.652	86.2495	0.168427	-635.069	21.9763	6.51831	-644.451	87.0015	0.170507	-642.833	22.7233	5.20507	-639.395	87.4602	-1.17296	-637.762	0.141544	-0.248838	0.958147	0.087106	-0.255167	0.962965	0.141544	0.00762764	0.989903	0.087106	0.00276187	0.996195	0.141544	0.00762764	0.989903	0.087106	0.00276187	0.996195	8.13741	0.437036	4.99716	0.158244	8.13741	0.437036	4.99716	0.158244	232.156	101.481	262.676	92.7202	1295.15	566.142	1465.41	517.267	1383.75	537.273	1	1	1
"
 tid_4360_time_14:54:48:456 DPETW@ "GAZE_LOG_CALI: 704.538	548.231	702.123	553.296	963.567	520.806	960.248	526.176	371.517	539.271	369.8	544.235	627.586	513.9	624.946	519.358	
88.0328	28.9055	346.431	1.78513	-305.899	39.5187	-50.5882	14.6205	90.4484	23.841	349.758	-3.58876	-304.179	34.552	-47.9479	9.16231	21.956	6.45067	-636.542	86.1734	0.20029	-635.044	21.9154	6.53049	-644.342	86.9245	0.202763	-642.808	22.6588	5.21998	-639.375	87.3901	-1.15488	-637.882	0.143253	-0.252512	0.956931	0.0907505	-0.264616	0.960074	0.143253	0.00376351	0.989679	0.0907505	-0.00711378	0.995848	0.143253	0.00376351	0.989679	0.0907505	-0.00711378	0.995848	8.2362	0.215634	5.20692	-0.407593	8.2362	0.215634	5.20692	-0.407593	233.165	99.1162	264.859	86.6801	1300.78	552.95	1477.6	483.571	1395.3	510.265	1	1	1
"
 tid_4360_time_14:54:48:479 DPETW@ "GAZE_LOG_CALI: 704.141	548.067	701.704	553.23	963.288	520.677	959.843	526.012	371.065	539.082	369.382	544.086	627.258	513.789	624.657	519.25	
87.6141	28.8401	346.026	1.62112	-306.318	39.3701	-50.8768	14.5123	90.0516	23.6769	349.478	-3.71789	-304.632	34.363	-48.2755	9.05117	21.8515	6.42337	-636.537	86.0979	0.166188	-635.233	21.8096	6.50285	-644.337	86.8479	0.168239	-642.997	22.556	5.17437	-639.286	87.3093	-1.18522	-637.802	0.141485	-0.251833	0.957373	0.0856389	-0.251198	0.96414	0.141485	0.00453471	0.98993	0.0856389	0.00689931	0.996302	0.141485	0.00453471	0.98993	0.0856389	0.00689931	0.996302	8.13387	0.25982	4.91288	0.395305	8.13387	0.25982	4.91288	0.395305	231.935	99.57	261.627	95.2217	1293.92	555.481	1459.57	531.223	1379.81	539.4	1	1	1
"
 tid_4360_time_14:54:48:503 DPETW@ "GAZE_LOG_CALI: 703.867	547.753	701.398	552.812	962.975	520.306	959.557	525.653	370.813	538.806	369.095	543.787	626.906	513.376	624.347	518.82	
87.3083	28.4217	345.74	1.26176	-306.605	39.0705	-51.1872	14.0823	89.7775	23.3621	349.165	-4.08892	-304.885	34.0868	-48.6272	8.63893	21.7762	6.33366	-636.571	86.0212	0.0672428	-635.189	21.7334	6.41202	-644.37	86.7703	0.0680729	-642.953	22.4885	5.10017	-639.323	87.2227	-1.28371	-637.741	0.143311	-0.248955	0.957854	0.0837354	-0.250186	0.96457	0.143311	0.00743879	0.98965	0.0837354	0.00798795	0.996456	0.143311	0.00743879	0.98965	0.0837354	0.00798795	0.996456	8.23972	0.426215	4.80346	0.45768	8.23972	0.426215	4.80346	0.45768	233.021	101.282	260.365	95.805	1299.98	565.033	1452.52	534.477	1378.76	546.559	1	1	1
"
 tid_4360_time_14:54:48:525 DPETW@ "GAZE_LOG_CALI: 703.752	547.503	701.332	552.561	962.913	519.942	959.484	525.359	370.635	538.533	368.935	543.507	626.851	513.047	624.193	518.456	
87.2421	28.1712	345.666	0.968064	-306.765	38.7905	-51.3412	13.719	89.6626	23.1127	349.103	-4.4539	-305.063	33.8135	-48.6828	8.30958	21.7547	6.26552	-636.417	85.986	-0.0150308	-635.065	21.7116	6.34306	-644.217	86.7348	-0.0152164	-642.829	22.4562	5.03345	-639.224	87.209	-1.37081	-637.753	0.142777	-0.251109	0.957371	0.0898803	-0.25695	0.962236	0.142777	0.00523351	0.989741	0.0898803	0.000850126	0.995952	0.142777	0.00523351	0.989741	0.0898803	0.000850126	0.995952	8.20866	0.299859	5.15672	0.0487086	8.20866	0.299859	5.15672	0.0487086	232.635	99.8813	264.125	91.3655	1297.82	557.218	1473.5	509.71	1390.21	527.624	1	1	1
"
 tid_4360_time_14:54:48:547 DPETW@ "GAZE_LOG_CALI: 703.777	547.381	701.354	552.466	962.961	519.783	959.558	525.14	370.663	538.415	368.914	543.4	626.815	512.887	624.198	518.302	
87.2639	28.0758	345.741	0.748283	-306.787	38.6834	-51.3354	13.5641	89.6872	22.9903	349.151	-4.6126	-305.035	33.696	-48.7187	8.14899	21.7579	6.23941	-636.345	85.9897	-0.0618043	-634.954	21.7149	6.31664	-644.145	86.7387	-0.0625675	-642.718	22.4628	5.00336	-639.225	87.203	-1.41065	-637.622	0.145346	-0.255205	0.9559	0.0877346	-0.254734	0.963023	0.145346	0.00089635	0.98938	0.0877346	0.00319499	0.996139	0.145346	0.000896349	0.98938	0.0877346	0.00319499	0.996139	8.35734	0.0513571	5.03332	0.18306	8.35734	0.0513571	5.03332	0.18306	234.259	97.1759	262.788	92.7906	1306.88	542.125	1466.04	517.66	1391.37	523.56	1	1	1
"
 tid_4360_time_14:54:48:570 DPETW@ "GAZE_LOG_CALI: 703.848	547.419	701.379	552.478	963.045	519.771	959.642	525.074	370.548	538.383	368.918	543.399	626.893	512.86	624.239	518.3	
87.2889	28.0876	345.824	0.682068	-306.783	38.6822	-51.2952	13.5625	89.7579	23.0289	349.234	-4.62476	-305.149	33.6637	-48.6405	8.12275	21.7629	6.24042	-636.313	86.0014	-0.070228	-634.89	21.7199	6.31767	-644.113	86.7506	-0.0710954	-642.654	22.4698	5.00156	-638.932	87.2229	-1.41538	-637.615	0.138948	-0.243853	0.959807	0.0902077	-0.256751	0.962259	0.138948	0.012872	0.990216	0.0902077	0.00104885	0.995922	0.138948	0.012872	0.990216	0.0902077	0.00104885	0.995922	7.98762	0.737534	5.17556	0.0600946	7.98762	0.737534	5.17556	0.0600946	230.204	104.632	264.327	91.4791	1284.26	583.719	1474.63	510.344	1382.4	543.271	1	1	1
"
 tid_4360_time_14:54:48:592 DPETW@ "GAZE_LOG_CALI: 703.898	547.453	701.437	552.515	963.128	519.802	959.709	525.108	370.608	538.445	368.945	543.462	626.904	512.851	624.265	518.286	
87.3472	28.1253	345.892	0.716703	-306.755	38.7453	-51.2687	13.5484	89.8079	23.0629	349.318	-4.5933	-305.089	33.7252	-48.6301	8.11359	21.7757	6.25256	-636.264	86.009	-0.0676867	-634.819	21.7328	6.32996	-644.064	86.7584	-0.0685228	-642.583	22.4831	5.01372	-638.943	87.2278	-1.41239	-637.499	0.140502	-0.246496	0.958905	0.0889171	-0.254578	0.962956	0.140502	0.0100862	0.990029	0.0889171	0.00332786	0.996033	0.140502	0.0100862	0.990029	0.0889171	0.00332786	0.996033	8.0773	0.577907	5.10134	0.190673	8.0773	0.577907	5.10134	0.190673	231.193	102.925	263.529	92.9016	1289.78	574.196	1470.17	518.279	1383.04	542.344	1	1	1
"
 tid_4360_time_14:54:48:614 DPETW@ "GAZE_LOG_CALI: 704.03	547.604	701.583	552.662	963.325	519.926	959.844	525.22	370.721	538.634	368.984	543.622	627.022	513.023	624.397	518.422	
87.4933	28.2714	346.027	0.828549	-306.716	38.9054	-51.1368	13.6846	89.94	23.2138	349.515	-4.46979	-304.977	33.915	-48.5114	8.28565	21.8062	6.2891	-636.09	86.0421	-0.0365858	-634.818	21.7637	6.36697	-643.889	86.7919	-0.0370377	-642.582	22.5149	5.0564	-638.914	87.2599	-1.375	-637.375	0.144476	-0.252054	0.956867	0.0867222	-0.247936	0.964887	0.144476	0.00418991	0.989499	0.0867222	0.0102431	0.99618	0.144476	0.00418991	0.989499	0.0867222	0.0102431	0.99618	8.30702	0.240065	4.97533	0.586896	8.30702	0.240065	4.97533	0.586896	233.721	99.3393	262.205	97.1845	1303.88	554.194	1462.79	542.173	1386.48	544.23	3	1	1
"