
 tid_7188_time_14:18:0:540 DPETW@ "GAZE_LOG_CALI: 663.998	493.869	665.379	499.859	948.479	478.536	948.429	484.994	293.186	484.526	295.455	490.593	575.677	471.69	576.515	478.05	
51.2847	-24.5337	334.592	-39.4284	-380.372	-14.1553	-99.024	-26.6894	49.903	-30.524	334.643	-45.8913	-382.646	-20.2273	-99.8625	-33.0504	11.6751	-6.43791	-580.706	76.1714	-9.31569	-581.191	11.491	-6.52529	-588.503	76.858	-9.44156	-588.96	11.4139	-7.85427	-583.421	76.5376	-10.8324	-583.892	-0.0146754	-0.252959	0.967366	-0.0608626	-0.26416	0.962557	-0.0146754	0.00603321	0.999874	-0.0608626	-0.00603096	0.998128	-0.0146754	0.00603321	0.999874	-0.0608626	-0.00603096	0.998128	-0.840886	0.34568	-3.48939	-0.345551	-0.840886	0.34568	-3.48939	-0.345551	125.37	101.986	164.888	92.3055	699.417	568.96	919.877	514.954	809.647	541.957	1	0	0
"
 tid_7188_time_14:18:0:562 DPETW@ "GAZE_LOG_CALI: 663.8	494.809	665.133	500.762	948.254	479.305	948.171	485.862	293.165	485.536	295.38	491.486	575.501	472.479	576.374	478.736	
51.0387	-23.6305	334.333	-38.5595	-380.447	-13.2619	-99.165	-26.0039	49.7055	-29.5839	334.417	-45.1219	-382.667	-19.2171	-100.039	-32.2607	11.6234	-6.23513	-580.927	76.132	-9.14052	-581.338	11.4387	-6.31972	-588.724	76.8179	-9.264	-589.107	11.3733	-7.63339	-583.646	76.4935	-10.6546	-583.954	-0.0124666	-0.250433	0.968054	-0.0606635	-0.260052	0.963687	-0.0124666	0.00865093	0.999885	-0.0606635	-0.00176996	0.998157	-0.0124666	0.00865093	0.999885	-0.0606635	-0.00176996	0.998157	-0.714327	0.495668	-3.4779	-0.101411	-0.714327	0.495668	-3.4779	-0.101411	126.549	103.592	164.949	94.8225	705.993	577.921	920.217	528.996	813.105	553.459	1	0	0
"
 tid_7188_time_14:18:0:585 DPETW@ "GAZE_LOG_CALI: 663.504	494.42	664.668	500.478	947.84	478.902	947.719	485.301	292.775	485.189	295.077	491.164	575.225	471.989	575.966	478.418	
50.5737	-23.9151	333.88	-39.1216	-380.751	-13.5845	-99.574	-26.3211	49.4089	-29.9732	334.002	-45.5248	-383.057	-19.5644	-100.315	-32.7513	11.5218	-6.30704	-581.146	76.0365	-9.24218	-581.395	11.3358	-6.39258	-588.943	76.721	-9.36701	-589.164	11.3028	-7.71669	-583.523	76.4229	-10.7607	-584.133	-0.00591456	-0.237334	0.97141	-0.0570016	-0.266514	0.962144	-0.00591456	0.0221728	0.999737	-0.0570016	-0.00841182	0.998339	-0.00591456	0.0221728	0.999737	-0.0570016	-0.00841182	0.998339	-0.338965	1.27051	-3.26784	-0.481968	-0.338965	1.27051	-3.26784	-0.481968	130.108	111.031	166.905	90.9919	725.844	619.42	931.132	507.626	828.488	563.523	1	0	0
"
 tid_7188_time_14:18:0:608 DPETW@ "GAZE_LOG_CALI: 663.003	494.405	664.326	500.467	947.435	478.759	947.312	485.213	292.429	485.214	294.551	491.182	574.824	471.906	575.583	478.331	
50.231	-23.9254	333.472	-39.2089	-381.278	-13.566	-99.9566	-26.4089	48.9085	-29.9881	333.597	-45.6682	-383.405	-19.5389	-100.716	-32.834	11.4389	-6.30397	-580.893	75.9476	-9.263	-581.426	11.2516	-6.3895	-588.69	76.6309	-9.38812	-589.195	11.1922	-7.71837	-583.726	76.3304	-10.7871	-584.137	-0.0115635	-0.258608	0.965913	-0.0571542	-0.266121	0.962244	-0.0115635	0.000201091	0.999933	-0.0571542	-0.00800662	0.998333	-0.0115635	0.000201091	0.999933	-0.0571541	-0.00800662	0.998333	-0.662557	0.0115217	-3.27658	-0.45875	-0.662557	0.0115217	-3.27658	-0.45875	126.868	98.81	166.728	91.19	707.77	551.241	930.145	508.731	818.958	529.986	1	0	0
"
 tid_7188_time_14:18:0:630 DPETW@ "GAZE_LOG_CALI: 662.526	494.68	663.816	500.727	946.934	478.899	946.854	485.344	291.826	485.398	294.155	491.442	574.305	471.987	575.118	478.442	
49.7215	-23.6659	333.014	-39.078	-381.674	-13.3061	-100.422	-26.297	48.4317	-29.7124	333.094	-45.5281	-384.009	-19.3552	-101.236	-32.7529	11.3258	-6.24649	-581.037	75.8413	-9.2355	-581.413	11.137	-6.33122	-588.834	76.5232	-9.36025	-589.182	11.0801	-7.66393	-583.543	76.2116	-10.7616	-584.104	-0.0104418	-0.244236	0.96966	-0.059044	-0.265562	0.962284	-0.0104418	0.0150521	0.999832	-0.059044	-0.00745568	0.998228	-0.0104418	0.0150521	0.999832	-0.059044	-0.00745568	0.998228	-0.598352	0.862456	-3.38503	-0.427183	-0.598352	0.862456	-3.38503	-0.427183	127.378	107.133	165.56	91.5281	710.617	597.676	923.626	510.617	817.122	554.147	1	0	0
"
 tid_7188_time_14:18:0:652 DPETW@ "GAZE_LOG_CALI: 664.966	494.606	665.126	500.862	949.135	478.84	947.622	485.459	294.391	485.486	295.363	491.544	576.482	472.007	576.015	478.503	
51.0309	-23.5307	333.783	-38.9633	-380.464	-13.204	-99.5243	-26.2365	50.8713	-29.7872	335.3	-45.5872	-381.438	-19.2662	-99.0582	-32.7334	11.6217	-6.21699	-580.91	76.04	-9.21738	-581.59	11.4369	-6.30134	-588.707	76.7243	-9.34184	-589.359	11.6413	-7.66244	-583.749	76.7143	-10.7639	-584.092	0.039735	-0.264525	0.96356	-0.00184187	-0.260676	0.965424	0.039735	-0.00612409	0.999192	-0.00184187	-0.00192377	0.999996	0.039735	-0.00612409	0.999191	-0.00184187	-0.00192377	0.999996	2.27729	-0.350887	-0.105532	-0.110224	2.27729	-0.350887	-0.105532	-0.110224	155.746	95.3523	197.775	94.5976	868.875	531.951	1103.35	527.741	986.111	529.846	1	0	0
"
 tid_7188_time_14:18:0:675 DPETW@ "GAZE_LOG_CALI: 667.327	494.942	666.085	501.157	950.796	479.227	948.17	485.935	296.751	485.75	296.319	491.891	578.336	472.31	576.52	478.9	
51.9904	-23.2354	334.331	-38.4869	-379.506	-12.8565	-99.0193	-25.8389	53.2326	-29.4506	336.964	-45.2	-379.073	-19.0027	-97.2032	-32.4298	11.8399	-6.14273	-580.916	76.1573	-9.11612	-581.531	11.6581	-6.22608	-588.714	76.8433	-9.23923	-589.299	12.1819	-7.5917	-583.774	77.131	-10.6877	-584.367	0.101664	-0.265059	0.958858	0.055867	-0.281315	0.957988	0.101664	-0.00785656	0.994788	0.055867	-0.0237835	0.998155	0.101664	-0.00785656	0.994788	0.055867	-0.0237835	0.998155	5.8352	-0.450153	3.20352	-1.36283	5.8352	-0.450153	3.20352	-1.36283	190.867	94.4344	230.199	82.4726	1064.81	526.83	1284.23	460.098	1174.52	493.464	1	0	0
"
 tid_7188_time_14:18:0:699 DPETW@ "GAZE_LOG_CALI: 666.691	495.837	665.431	501.976	950.468	480.134	947.858	486.729	295.986	486.774	295.524	492.882	577.919	473.301	576.21	479.777	
51.3362	-22.4166	334.019	-37.6916	-380.303	-11.8645	-99.3295	-24.9627	52.5965	-28.5555	336.636	-44.2928	-379.84	-17.9771	-97.6204	-31.4383	11.6863	-5.93466	-580.715	76.085	-8.92517	-581.524	11.5023	-6.01521	-588.512	76.77	-9.0457	-589.293	12.0323	-7.36963	-583.583	77.0382	-10.4677	-584.234	0.103108	-0.263534	0.959124	0.0509662	-0.270244	0.961442	0.103108	-0.00631525	0.99465	0.0509662	-0.0121964	0.998626	0.103108	-0.00631525	0.99465	0.0509662	-0.0121964	0.998626	5.91831	-0.361839	2.92163	-0.69882	5.91831	-0.361839	2.92163	-0.69882	191.516	95.5567	227.371	89.1507	1068.43	533.092	1268.46	497.354	1168.44	515.223	1	0	0
"
 tid_7188_time_14:18:0:721 DPETW@ "GAZE_LOG_CALI: 666.351	496.14	665.217	502.414	950.289	480.591	947.697	487.137	295.725	486.957	295.322	493.073	577.665	473.628	576.056	480.163	
51.122	-21.9785	333.858	-37.2837	-380.505	-11.6742	-99.4831	-24.576	52.2563	-28.253	336.456	-43.8351	-380.102	-17.7948	-97.8747	-31.1116	11.6383	-5.86325	-580.719	76.049	-8.83458	-581.531	11.4537	-5.94283	-588.517	76.7335	-8.95389	-589.3	11.9564	-7.31554	-583.686	76.9832	-10.3761	-584.128	0.0996026	-0.271975	0.957136	0.0464977	-0.264882	0.963159	0.0996026	-0.0149828	0.994914	0.0464977	-0.00657241	0.998897	0.0996026	-0.0149828	0.994914	0.0464977	-0.00657241	0.998897	5.71693	-0.858485	2.66514	-0.376574	5.71693	-0.858485	2.66514	-0.376574	189.485	90.7573	224.828	92.3856	1057.1	506.317	1254.27	515.401	1155.68	510.859	1	0	0
"
 tid_7188_time_14:18:0:745 DPETW@ "GAZE_LOG_CALI: 665.999	496.112	664.91	502.37	950.081	480.564	947.513	487.134	295.351	486.928	295.006	493.071	577.385	473.612	575.711	480.14	
50.8149	-22.0226	333.673	-37.2864	-380.822	-11.6755	-99.8286	-24.5991	51.9047	-28.2808	336.248	-43.8625	-380.476	-17.823	-98.1541	-31.1276	11.5681	-5.86855	-580.704	75.978	-8.83457	-581.307	11.3825	-5.9482	-588.501	76.6618	-8.95392	-589.076	11.8757	-7.32185	-583.647	76.9224	-10.3795	-584.027	0.0972821	-0.270992	0.957653	0.0496085	-0.271404	0.961186	0.0972821	-0.0138997	0.99516	0.0496085	-0.0133827	0.998679	0.0972821	-0.0138997	0.99516	0.0496085	-0.0133827	0.998679	5.58322	-0.796418	2.84378	-0.766797	5.58322	-0.796418	2.84378	-0.766797	188.095	91.3669	226.492	88.6345	1049.34	509.717	1263.55	494.474	1156.45	502.096	1	0	0
"
 tid_7188_time_14:18:0:769 DPETW@ "GAZE_LOG_CALI: 665.644	496.24	664.433	502.467	949.78	480.594	947.248	487.148	294.879	487.027	294.499	493.143	577.03	473.642	575.427	480.163	
50.3384	-21.9256	333.408	-37.2724	-381.329	-11.6042	-100.113	-24.5759	51.549	-28.1524	335.946	-43.8323	-380.95	-17.7239	-98.5096	-31.098	11.4588	-5.84936	-580.655	75.914	-8.83019	-581.281	11.2717	-5.92875	-588.453	76.597	-8.9495	-589.05	11.7911	-7.29422	-583.482	76.8434	-10.3717	-583.951	0.100249	-0.263553	0.959422	0.0464899	-0.268379	0.962191	0.100249	-0.00625637	0.994943	0.0464899	-0.0102004	0.998867	0.100249	-0.00625637	0.994943	0.0464899	-0.0102004	0.998867	5.75361	-0.358466	2.66477	-0.58445	5.75361	-0.358466	2.66477	-0.58445	189.658	95.69	224.677	90.427	1058.07	533.835	1253.43	504.474	1155.75	519.155	1	0	0
"
 tid_7188_time_14:18:0:790 DPETW@ "GAZE_LOG_CALI: 665.264	496.241	664.209	502.514	949.446	480.503	947.06	487.164	294.466	487.085	294.15	493.123	576.683	473.633	575.087	480.13	
50.1147	-21.8783	333.219	-37.2565	-381.679	-11.6232	-100.453	-24.6091	51.1694	-28.1517	335.611	-43.923	-381.364	-17.6668	-98.8564	-31.1066	11.4047	-5.84482	-580.48	75.8442	-8.82953	-581.078	11.2168	-5.92418	-588.278	76.5265	-8.94887	-588.847	11.7031	-7.28739	-583.435	76.7642	-10.383	-583.93	0.0962082	-0.269687	0.95813	0.0463453	-0.279701	0.958968	0.0962082	-0.0125158	0.995283	0.0463453	-0.0219714	0.998684	0.0962082	-0.0125158	0.995283	0.0463453	-0.0219714	0.998684	5.5213	-0.717121	2.65698	-1.25897	5.5213	-0.717121	2.65698	-1.25897	187.299	92.2285	224.521	83.8991	1044.91	514.524	1252.56	468.056	1148.73	491.29	1	0	0
"
 tid_7188_time_14:18:0:813 DPETW@ "GAZE_LOG_CALI: 663.743	496.131	663.236	502.377	947.994	480.302	946.036	486.969	293.031	486.948	293.251	492.974	575.206	473.445	574.105	479.865	
49.1417	-22.0155	332.193	-37.4512	-382.58	-11.7733	-101.435	-24.8747	49.6484	-28.2619	334.156	-44.1246	-382.801	-17.8036	-100.334	-31.2946	11.1856	-5.87924	-580.564	75.6172	-8.88374	-581.125	10.9948	-5.95905	-588.361	76.2965	-9.00381	-588.894	11.3576	-7.31823	-583.531	76.4258	-10.4284	-583.891	0.0721175	-0.270183	0.960104	0.0248611	-0.27377	0.961474	0.0721175	-0.0124834	0.997318	0.0248611	-0.0155937	0.999569	0.0721175	-0.0124834	0.997318	0.0248611	-0.0155937	0.999569	4.13594	-0.715262	1.42476	-0.89349	4.13594	-0.715262	1.42476	-0.89349	173.477	92.2049	212.266	87.4073	967.796	514.392	1184.19	487.628	1075.99	501.01	1	0	0
"
 tid_7188_time_14:18:0:835 DPETW@ "GAZE_LOG_CALI: 657.028	495.795	659.936	501.993	939.884	479.893	941.819	486.41	286.771	486.685	290.374	492.638	567.293	472.902	570.097	479.472	
45.841	-22.3993	327.968	-38.0106	-385.463	-12.1096	-105.444	-25.268	42.9329	-28.5973	326.03	-44.5319	-389.074	-18.0672	-108.248	-31.8385	10.4441	-5.96935	-581.107	74.688	-9.00003	-581.379	10.2435	-6.05031	-588.904	75.3545	-9.12163	-589.15	9.83175	-7.39918	-584.062	74.5939	-10.5486	-584.093	-0.0816448	-0.267489	0.960096	-0.143268	-0.268788	0.952485	-0.0816448	-0.0098834	0.996612	-0.143268	-0.0131076	0.989597	-0.0816448	-0.0098834	0.996613	-0.143269	-0.0131076	0.989597	-4.68334	-0.566287	-8.23774	-0.751034	-4.68334	-0.566287	-8.23774	-0.751034	86.5099	93.4239	116.553	88.5396	482.621	521.193	650.224	493.945	562.026	501.175	1	0	0
"
 tid_7188_time_14:18:0:858 DPETW@ "GAZE_LOG_CALI: 656.417	496.043	659.439	502.402	939.789	479.979	941.578	486.75	286.148	486.918	289.864	492.991	567.173	473.153	569.925	479.766	
45.3438	-21.9904	327.727	-37.6697	-385.974	-11.7558	-105.616	-24.9735	42.3217	-28.3493	325.935	-44.4462	-389.698	-17.8336	-108.369	-31.5873	10.3307	-5.88244	-581.076	74.6446	-8.92894	-581.47	10.1285	-5.96222	-588.873	75.3104	-9.04956	-589.241	9.69117	-7.3442	-584.04	74.5676	-10.5094	-584.063	-0.0866694	-0.273892	0.957847	-0.136792	-0.268832	0.953424	-0.0866694	-0.0166507	0.996098	-0.136792	-0.0129072	0.990516	-0.0866693	-0.0166507	0.996098	-0.136792	-0.0129072	0.990516	-4.97272	-0.954058	-7.8629	-0.739549	-4.97272	-0.954058	-7.8629	-0.739549	83.5509	89.7149	120.222	88.7043	466.114	500.501	670.694	494.863	563.339	490.15	1	0	0
"
 tid_7188_time_14:18:0:881 DPETW@ "GAZE_LOG_CALI: 656.022	496.662	659.033	502.964	939.498	480.578	941.319	487.267	285.856	487.511	289.388	493.642	566.878	473.791	569.544	480.36	
44.9377	-21.4286	327.467	-37.1527	-386.451	-11.1048	-105.997	-24.3795	41.9266	-27.7305	325.643	-43.8463	-389.991	-17.2402	-108.663	-30.9489	10.2363	-5.7433	-580.97	74.5631	-8.79969	-581.294	10.0328	-5.82121	-588.767	75.228	-8.9186	-589.065	9.60293	-7.20682	-584.168	74.499	-10.3672	-584.048	-0.0891456	-0.287326	0.953675	-0.138247	-0.274731	0.951531	-0.0891456	-0.0307066	0.995545	-0.138247	-0.0190955	0.990214	-0.0891456	-0.0307066	0.995545	-0.138247	-0.0190955	0.990214	-5.11688	-1.75963	-7.9479	-1.09416	-5.11688	-1.75963	-7.9479	-1.09416	82.0432	81.9798	119.313	85.3845	457.703	457.349	665.626	476.343	553.58	454.402	1	0	0
"
 tid_7188_time_14:18:0:903 DPETW@ "GAZE_LOG_CALI: 655.809	496.984	658.61	503.23	939.323	480.956	941.13	487.607	285.658	487.82	289.113	493.848	566.75	474.036	569.427	480.614	
44.515	-21.1622	327.277	-36.8121	-386.727	-10.8985	-106.114	-24.1254	41.7135	-27.4088	325.468	-43.4683	-390.189	-16.9309	-108.792	-30.7038	10.1433	-5.6914	-581.166	74.5319	-8.73321	-581.386	9.93859	-5.76858	-588.963	75.1963	-8.85121	-589.157	9.55453	-7.13469	-584.181	74.4661	-10.2967	-584.098	-0.0769914	-0.273865	0.958682	-0.137468	-0.272148	0.952385	-0.0769914	-0.0164077	0.996897	-0.137468	-0.016379	0.990371	-0.0769914	-0.0164077	0.996897	-0.137468	-0.016379	0.990371	-4.41625	-0.940137	-7.90245	-0.938487	-4.41625	-0.940137	-7.90245	-0.938487	88.8185	90.0202	119.719	86.9581	495.5	502.205	667.887	485.122	577.174	486.659	1	0	0
"
 tid_7188_time_14:18:0:926 DPETW@ "GAZE_LOG_CALI: 655.461	497.04	658.361	503.275	939.091	481.002	940.786	487.742	285.293	487.862	288.81	493.88	566.504	474.091	569.246	480.7	
44.2657	-21.1174	326.933	-36.6773	-387.03	-10.8659	-106.295	-24.0397	41.3657	-27.3528	325.236	-43.4217	-390.555	-16.8897	-109.038	-30.6487	10.0852	-5.68213	-581.088	74.4812	-8.71132	-581.603	9.87973	-5.75919	-588.885	75.1447	-8.82897	-589.374	9.47451	-7.12353	-584.152	74.4102	-10.2849	-584.077	-0.0819881	-0.276049	0.95764	-0.132533	-0.26271	0.955729	-0.0819881	-0.018787	0.996456	-0.132533	-0.00639752	0.991158	-0.0819881	-0.018787	0.996456	-0.132533	-0.00639752	0.991158	-4.70368	-1.07648	-7.61617	-0.366553	-4.70368	-1.07648	-7.61617	-0.366553	85.9416	88.711	122.482	92.5564	479.451	494.901	683.303	516.353	577.786	500.18	1	0	0
"
 tid_7188_time_14:18:0:949 DPETW@ "GAZE_LOG_CALI: 654.909	497.633	657.73	503.8	938.605	481.498	940.325	488.216	284.816	488.467	288.34	494.536	566.125	474.63	568.658	481.238	
43.6353	-20.5926	326.471	-36.2024	-387.501	-10.2097	-106.883	-23.501	40.8134	-26.7592	324.748	-42.9259	-391.032	-16.2842	-109.417	-30.1097	9.94452	-5.54953	-581.302	74.3529	-8.59341	-581.425	9.73717	-5.62477	-589.099	75.0149	-8.70951	-589.196	9.3493	-6.98734	-584.246	74.3163	-10.1689	-584.222	-0.076715	-0.269499	0.95994	-0.133552	-0.279006	0.950957	-0.076715	-0.0118653	0.996982	-0.133552	-0.0233736	0.990766	-0.076715	-0.0118653	0.996982	-0.133552	-0.0233736	0.990766	-4.40008	-0.679849	-7.67702	-1.33933	-4.40008	-0.679849	-7.67702	-1.33933	88.7628	92.6711	121.767	83.1422	495.19	516.994	679.313	463.834	582.822	483.407	1	0	0
"
 tid_7188_time_14:18:0:971 DPETW@ "GAZE_LOG_CALI: 654.536	498.032	657.394	504.221	938.294	481.63	940.038	488.294	284.438	488.842	287.871	494.791	565.8	474.761	568.393	481.293	
43.2984	-20.1713	326.183	-36.1244	-387.971	-9.95493	-107.148	-23.4467	40.4409	-26.3606	324.437	-42.7936	-391.411	-15.9085	-109.742	-29.979	9.86578	-5.47097	-581.1	74.2908	-8.57893	-581.452	9.65729	-5.54517	-588.897	74.9519	-8.69483	-589.223	9.26398	-6.89856	-584.227	74.2422	-10.1386	-584.2	-0.0806343	-0.27746	0.957348	-0.134562	-0.273743	0.952343	-0.0806343	-0.0202256	0.996539	-0.134562	-0.0179306	0.990743	-0.0806343	-0.0202256	0.996539	-0.134562	-0.0179306	0.990743	-4.62598	-1.15892	-7.73452	-1.0274	-4.62598	-1.15892	-7.73452	-1.0274	86.4773	88.1068	121.129	86.2186	482.44	491.53	675.753	480.996	573.819	478.038	1	0	0
"
 tid_7188_time_14:18:0:995 DPETW@ "GAZE_LOG_CALI: 654.483	497.593	657.33	503.749	938.257	481.14	939.983	487.901	284.263	488.39	287.785	494.428	565.732	474.223	568.386	480.855	
43.2347	-20.6431	326.128	-36.5183	-388.058	-10.3178	-107.155	-23.8847	40.3877	-26.7992	324.4	-43.2843	-391.587	-16.3612	-109.81	-30.5168	9.85047	-5.56616	-581.076	74.2871	-8.675	-581.519	9.64177	-5.64165	-588.873	74.948	-8.79219	-589.29	9.24884	-6.99932	-584.071	74.2289	-10.256	-584.156	-0.0784987	-0.271236	0.959307	-0.133507	-0.271742	0.953065	-0.0784987	-0.0137071	0.99682	-0.133507	-0.015811	0.990922	-0.0784987	-0.0137071	0.99682	-0.133507	-0.015811	0.990922	-4.5027	-0.785381	-7.67326	-0.905942	-4.5027	-0.785381	-7.67326	-0.905942	87.6767	91.6815	121.728	87.3038	489.131	511.473	679.097	487.051	580.189	493.197	1	0	0
"
 tid_7188_time_14:18:1:18 DPETW@ "GAZE_LOG_CALI: 654.337	497.562	657.242	503.733	938.275	481.127	939.964	487.846	284.146	488.345	287.67	494.46	565.692	474.2	568.361	480.784	
43.1464	-20.6593	326.109	-36.573	-388.172	-10.2863	-107.18	-23.9554	40.2418	-26.8308	324.418	-43.2968	-391.704	-16.4063	-109.85	-30.5403	9.82937	-5.56419	-581.045	74.2819	-8.68932	-581.515	9.62037	-5.63966	-588.842	74.9428	-8.8067	-589.286	9.21682	-7.00855	-584.098	74.2232	-10.2589	-584.08	-0.0814636	-0.276331	0.957604	-0.131973	-0.26635	0.954799	-0.0814636	-0.0190688	0.996494	-0.131973	-0.010154	0.991201	-0.0814636	-0.0190688	0.996494	-0.131973	-0.010154	0.991201	-4.67355	-1.09263	-7.584	-0.58179	-4.67355	-1.09263	-7.584	-0.58179	85.9793	88.6802	122.61	90.4831	479.661	494.729	684.017	504.787	577.812	493.579	1	0	0
"
 tid_7188_time_14:18:1:40 DPETW@ "GAZE_LOG_CALI: 654.245	497.899	657.125	504.018	938.232	481.377	939.852	488.113	283.975	488.665	287.489	494.613	565.559	474.473	568.169	481.071	
43.0298	-20.3739	325.997	-36.3062	-388.354	-10.1326	-107.372	-23.6682	40.1499	-26.493	324.375	-43.0468	-391.875	-16.0853	-109.983	-30.2674	9.80124	-5.51347	-580.955	74.2416	-8.62442	-581.394	9.59183	-5.58826	-588.752	74.9021	-8.74095	-589.165	9.19388	-6.93183	-583.989	74.1975	-10.197	-583.959	-0.0801581	-0.270629	0.959341	-0.129255	-0.267095	0.954962	-0.0801581	-0.0131121	0.996696	-0.129255	-0.0108316	0.991552	-0.0801581	-0.0131121	0.996696	-0.129255	-0.0108316	0.991552	-4.59805	-0.751292	-7.42701	-0.620617	-4.59805	-0.751292	-7.42701	-0.620617	86.6984	92.0987	124.14	90.1992	483.673	513.8	692.555	503.203	585.153	503.952	1	0	0
"
 tid_7188_time_14:18:1:63 DPETW@ "GAZE_LOG_CALI: 653.94	497.713	656.765	503.8	938.078	481.281	939.679	487.958	283.63	488.47	287.29	494.488	565.363	474.376	567.889	480.924	
42.6701	-20.5927	325.824	-36.461	-388.554	-10.2577	-107.652	-23.8152	39.8446	-26.6799	324.22	-43.1428	-392.221	-16.2812	-110.179	-30.3644	9.72326	-5.55478	-581.165	74.1836	-8.65711	-581.251	9.51287	-5.6301	-588.962	74.8435	-8.77411	-589.022	9.12337	-6.97542	-583.929	74.1548	-10.2183	-583.899	-0.074563	-0.257537	0.963387	-0.128327	-0.26909	0.954527	-0.074563	0.000581533	0.997216	-0.128327	-0.0128712	0.991648	-0.074563	0.000581533	0.997216	-0.128327	-0.0128712	0.991648	-4.27612	0.0333194	-7.37356	-0.737484	-4.27612	0.0333194	-7.37356	-0.737484	89.7661	99.6869	124.631	89.0574	500.787	556.133	695.291	496.833	597.011	524.911	1	0	0
"
 tid_7188_time_14:18:1:86 DPETW@ "GAZE_LOG_CALI: 653.443	497.941	656.426	503.893	937.331	481.42	939.236	487.961	283.08	488.722	286.758	494.555	564.539	474.513	567.431	481.013	
42.3313	-20.4998	325.38	-36.4581	-389.087	-10.1911	-108.111	-23.7262	39.3482	-26.4518	323.472	-43.0031	-392.772	-16.0287	-111.004	-30.2274	9.64173	-5.53465	-580.897	74.0795	-8.64665	-581.226	9.43014	-5.60974	-588.694	74.738	-8.76352	-588.997	9.00838	-6.91986	-583.852	73.9696	-10.1854	-583.788	-0.0837799	-0.260245	0.961901	-0.140896	-0.260709	0.955081	-0.0837799	-0.00241952	0.996481	-0.140896	-0.00463237	0.990014	-0.0837799	-0.00241952	0.996481	-0.140896	-0.00463237	0.990014	-4.80588	-0.138628	-8.09977	-0.265416	-4.80588	-0.138628	-8.09977	-0.265416	84.4998	98.0921	117.317	93.7111	471.407	547.236	654.487	522.795	560.537	531.707	1	0	0
"
 tid_7188_time_14:18:1:108 DPETW@ "GAZE_LOG_CALI: 652.907	498.528	656.182	504.609	937.063	482.027	939.048	488.6	282.522	489.356	286.356	495.331	564.094	475.161	567.068	481.602	
42.0866	-19.7833	325.192	-35.8184	-389.489	-9.4141	-108.473	-23.1378	38.8117	-25.8649	323.204	-42.396	-393.331	-15.3941	-111.449	-29.5793	9.58208	-5.36252	-580.677	74.0056	-8.50326	-580.984	9.3696	-5.4353	-588.474	74.6634	-8.61823	-588.755	8.88521	-6.77966	-583.806	73.8769	-10.0376	-583.542	-0.0992259	-0.275389	0.956198	-0.144032	-0.25994	0.954823	-0.0992259	-0.0185225	0.994892	-0.144032	-0.00395608	0.989565	-0.0992259	-0.0185225	0.994893	-0.144032	-0.00395608	0.989565	-5.69558	-1.06132	-8.28127	-0.226667	-5.69558	-1.06132	-8.28127	-0.226667	75.7	89.2684	115.465	94.2953	422.315	498.011	644.154	526.055	526.787	503.452	1	0	0
"
 tid_7188_time_14:18:1:130 DPETW@ "GAZE_LOG_CALI: 652.786	499.401	655.875	505.469	936.997	482.79	938.967	489.289	282.201	490.179	285.938	496.054	563.911	475.873	566.784	482.24	
41.7795	-18.9232	325.11	-35.1284	-389.908	-8.69094	-108.757	-22.4991	38.6905	-24.9919	323.137	-41.6327	-393.653	-14.5705	-111.631	-28.8675	9.51014	-5.18079	-580.506	73.9512	-8.34791	-580.705	9.29662	-5.25113	-588.303	74.6086	-8.46084	-588.476	8.85307	-6.58227	-583.529	73.8406	-9.86583	-583.373	-0.0891351	-0.267508	0.959424	-0.14358	-0.262674	0.954142	-0.0891351	-0.0100752	0.995969	-0.14358	-0.00677301	0.989615	-0.0891351	-0.0100752	0.995969	-0.14358	-0.00677301	0.989615	-5.11411	-0.577276	-8.25527	-0.388068	-5.11411	-0.577276	-8.25527	-0.388068	81.3611	94.2439	115.702	92.9317	453.897	525.768	645.477	518.448	545.324	516.175	1	0	0
"
 tid_7188_time_14:18:1:153 DPETW@ "GAZE_LOG_CALI: 652.922	499.871	655.946	505.857	937.172	483.134	939.133	489.722	282.158	490.566	285.925	496.472	564.004	476.215	566.872	482.644	
41.8512	-18.5357	325.276	-34.6957	-389.921	-8.27276	-108.669	-22.0957	38.827	-24.5214	323.313	-41.2879	-393.696	-14.1829	-111.539	-28.5255	9.52417	-5.08792	-580.393	73.9751	-8.25089	-580.594	9.31079	-5.15701	-588.19	74.6329	-8.36253	-588.365	8.8812	-6.48121	-583.274	73.8664	-9.78515	-583.26	-0.084089	-0.259196	0.962157	-0.143153	-0.265678	0.953374	-0.084089	-0.00133993	0.996457	-0.143153	-0.00987333	0.989651	-0.084089	-0.00133993	0.996457	-0.143153	-0.00987333	0.989651	-4.82364	-0.0767722	-8.23072	-0.565709	-4.82364	-0.0767722	-8.23072	-0.565709	84.2371	99.2661	115.982	91.3077	469.942	553.786	647.041	509.388	555.512	527.517	1	0	0
"
 tid_7188_time_14:18:1:175 DPETW@ "GAZE_LOG_CALI: 652.977	500	656.09	505.994	937.285	483.222	939.206	489.819	282.193	490.79	285.887	496.621	564.001	476.299	566.897	482.719	
41.9947	-18.3988	325.35	-34.5985	-389.959	-8.12322	-108.645	-22.0202	38.8822	-24.3924	323.425	-41.2003	-393.661	-13.9592	-111.541	-28.4406	9.55295	-5.05323	-580.145	73.9833	-8.23024	-580.527	9.33987	-5.12188	-587.942	74.6413	-8.34161	-588.299	8.89272	-6.44049	-583.253	73.8727	-9.76295	-583.111	-0.0914285	-0.269616	0.958618	-0.141439	-0.261562	0.954767	-0.0914285	-0.0123205	0.995735	-0.141439	-0.0055375	0.989931	-0.0914285	-0.0123205	0.995735	-0.141439	-0.0055375	0.989931	-5.24619	-0.705932	-8.13127	-0.317277	-5.24619	-0.705932	-8.13127	-0.317277	80.1344	93.2046	116.988	93.7915	447.054	519.97	652.651	523.244	545.46	515.627	1	0	0
"
 tid_7188_time_14:18:1:198 DPETW@ "GAZE_LOG_CALI: 653.052	500.426	656.255	506.511	937.463	483.684	939.388	490.313	282.15	491.208	285.894	497.098	564.08	476.851	566.979	483.205	
42.1602	-17.8809	325.531	-34.1043	-389.952	-7.64548	-108.562	-21.5342	38.957	-23.9662	323.604	-40.7379	-393.704	-13.5404	-111.462	-27.8894	9.58702	-4.93794	-579.926	74.0071	-8.11646	-580.39	9.37432	-5.00505	-587.723	74.6656	-8.22632	-588.162	8.90699	-6.34201	-583.097	73.8957	-9.64433	-582.966	-0.0966038	-0.276367	0.956185	-0.141517	-0.260666	0.955001	-0.0966038	-0.0194716	0.995133	-0.141517	-0.00461172	0.989925	-0.0966038	-0.0194716	0.995132	-0.141517	-0.00461172	0.989925	-5.54469	-1.11571	-8.13575	-0.264233	-5.54469	-1.11571	-8.13575	-0.264233	77.2507	89.3598	116.982	94.4608	430.966	498.521	652.619	526.978	536.069	504.985	1	0	0
"
 tid_7188_time_14:18:1:220 DPETW@ "GAZE_LOG_CALI: 653.231	500.662	656.31	506.63	937.663	483.934	939.521	490.516	282.167	491.403	285.946	497.341	564.155	477.057	567.079	483.43	
42.2143	-17.7625	325.665	-33.9006	-389.9	-7.40264	-108.462	-21.3089	39.1361	-23.7307	323.805	-40.4877	-393.687	-13.3459	-111.388	-27.6835	9.59903	-4.89664	-579.924	74.0314	-8.06677	-580.342	9.3865	-4.96319	-587.72	74.6903	-8.17596	-588.114	8.94469	-6.29046	-582.876	73.92	-9.58932	-582.797	-0.0876255	-0.263247	0.960741	-0.138679	-0.254438	0.957094	-0.0876255	-0.00561908	0.996138	-0.138679	0.00194553	0.990336	-0.0876255	-0.00561908	0.996138	-0.138679	0.00194553	0.990335	-5.0271	-0.321951	-7.97141	0.11147	-5.0271	-0.321951	-7.97141	0.11147	82.3493	97.1765	118.644	98.2171	459.41	542.128	661.89	547.934	558.895	542.679	1	0	0
"
 tid_7188_time_14:18:1:243 DPETW@ "GAZE_LOG_CALI: 653.258	500.336	656.347	506.443	937.788	483.675	939.615	490.165	282.134	491.082	285.898	497.021	564.171	476.813	567.141	483.135	
42.2516	-17.9495	325.76	-34.2526	-389.948	-7.72297	-108.4	-21.6046	39.1628	-24.0563	323.929	-40.7467	-393.72	-13.6672	-111.371	-27.9267	9.60588	-4.95366	-579.809	74.0479	-8.14005	-580.303	9.39339	-5.021	-587.606	74.7071	-8.25024	-588.074	8.94954	-6.36383	-582.801	73.9303	-9.64451	-582.652	-0.0886044	-0.268064	0.959318	-0.137432	-0.246682	0.959302	-0.0886044	-0.0106397	0.99601	-0.137432	0.0100089	0.990461	-0.0886044	-0.0106397	0.99601	-0.137432	0.0100089	0.990461	-5.08361	-0.60962	-7.89969	0.57348	-5.08361	-0.60962	-7.89969	0.57348	81.8123	94.3366	119.381	102.697	456.414	526.285	666	572.926	559.852	547.803	1	0	0
"
 tid_7188_time_14:18:1:265 DPETW@ "GAZE_LOG_CALI: 653.065	500.254	656.189	506.334	937.674	483.503	939.491	490.095	281.839	490.998	285.578	496.858	564.017	476.64	566.869	482.955	
42.0935	-18.0588	325.635	-34.3226	-390.269	-7.88619	-108.672	-21.7844	38.9693	-24.138	323.815	-40.919	-394.015	-13.7509	-111.525	-28.1003	9.56617	-4.98329	-579.592	73.9941	-8.16613	-580.103	9.35307	-5.05105	-587.389	74.6528	-8.27672	-587.874	8.90347	-6.38158	-582.659	73.8977	-9.68347	-582.602	-0.0911217	-0.269661	0.958634	-0.137084	-0.25539	0.95707	-0.0911217	-0.01236	0.995763	-0.137084	0.00102046	0.990559	-0.0911217	-0.01236	0.995763	-0.137084	0.00102046	0.990559	-5.22854	-0.708194	-7.87918	0.0584681	-5.22854	-0.708194	-7.87918	0.0584681	80.3683	93.4006	119.557	97.6603	448.359	521.063	666.987	544.827	554.749	528.969	1	0	0
"
 tid_7188_time_14:18:1:288 DPETW@ "GAZE_LOG_CALI: 652.825	500.585	655.784	506.628	937.448	483.729	939.375	490.308	281.467	491.334	285.277	497.279	563.695	476.851	566.549	483.188	
41.6891	-17.7641	325.519	-34.1093	-390.571	-7.46457	-108.993	-21.5518	38.7294	-23.8072	323.589	-40.6925	-394.388	-13.4145	-111.848	-27.8889	9.47661	-4.90291	-579.721	73.9323	-8.11184	-579.826	9.26233	-4.96956	-587.517	74.5904	-8.22174	-587.597	8.84615	-6.30356	-582.471	73.8291	-9.63146	-582.467	-0.0794877	-0.254781	0.963726	-0.141656	-0.2623	0.954533	-0.0794877	0.0033316	0.99683	-0.141656	-0.00631122	0.989896	-0.0794877	0.0033316	0.99683	-0.141656	-0.00631122	0.989896	-4.55914	0.190887	-8.14387	-0.361609	-4.55914	0.190887	-8.14387	-0.361609	86.8334	102.238	116.904	93.6567	484.426	570.366	652.184	522.492	567.139	544.841	1	0	0
"
 tid_7188_time_14:18:1:311 DPETW@ "GAZE_LOG_CALI: 652.808	500.728	655.785	506.701	937.494	483.731	939.416	490.383	281.325	491.405	285.12	497.313	563.641	476.863	566.475	483.219	
41.6901	-17.6918	325.56	-34.0339	-390.728	-7.43027	-109.066	-21.5207	38.7124	-23.6646	323.635	-40.6905	-394.531	-13.3436	-111.901	-27.8772	9.47336	-4.88923	-579.506	73.9217	-8.09764	-579.666	9.25897	-4.95573	-587.303	74.5798	-8.20739	-587.438	8.83981	-6.27751	-582.299	73.8227	-9.62783	-582.335	-0.0807147	-0.254532	0.96369	-0.141507	-0.265488	0.953673	-0.0807147	0.00356245	0.996731	-0.141507	-0.00961348	0.989891	-0.0807147	0.00356245	0.996731	-0.141507	-0.00961348	0.989891	-4.62967	0.204114	-8.13545	-0.550821	-4.62967	0.204114	-8.13545	-0.550821	86.155	102.436	116.999	91.8538	480.641	571.468	652.712	512.434	565.056	539.734	1	0	0
"
 tid_7188_time_14:18:1:334 DPETW@ "GAZE_LOG_CALI: 652.902	500.835	656.004	506.805	937.781	483.788	939.726	490.564	281.284	491.588	285.186	497.459	563.804	476.917	566.711	483.307	
41.909	-17.5869	325.871	-33.8535	-390.661	-7.28483	-108.831	-21.4326	38.807	-23.5574	323.923	-40.6333	-394.572	-13.1601	-111.739	-27.8228	9.51968	-4.85902	-579.302	73.9798	-8.0656	-579.572	9.30584	-4.92513	-587.099	74.6388	-8.17492	-587.343	8.85816	-6.24244	-582.122	73.8674	-9.61231	-582.173	-0.0866399	-0.254943	0.963067	-0.142283	-0.265117	0.953661	-0.0866399	0.00300421	0.996235	-0.142283	-0.00925764	0.989783	-0.0866399	0.00300421	0.996235	-0.142283	-0.00925765	0.989783	-4.97036	0.172129	-8.18031	-0.530432	-4.97036	0.172129	-8.18031	-0.530432	82.8772	102.206	116.624	92.1101	462.355	570.186	650.623	513.864	554.221	539.001	1	0	0
"
 tid_7188_time_14:18:1:357 DPETW@ "GAZE_LOG_CALI: 652.837	501.374	656.264	507.484	937.802	484.29	939.703	490.961	281.724	492.068	285.458	498.067	564.104	477.34	566.949	483.841	
42.1684	-16.908	325.847	-33.4554	-390.389	-6.67645	-108.592	-20.8988	38.7412	-23.018	323.944	-40.1311	-394.131	-12.6797	-111.439	-27.4002	9.57893	-4.71229	-579.314	74.0187	-7.96372	-579.918	9.36589	-4.7764	-587.111	74.6779	-8.0716	-587.69	8.85355	-6.13208	-582.796	73.919	-9.51199	-582.538	-0.112571	-0.297866	0.947947	-0.140466	-0.266606	0.953515	-0.112571	-0.0423699	0.99274	-0.140466	-0.0107339	0.990027	-0.112571	-0.0423699	0.99274	-0.140466	-0.0107339	0.990027	-6.46938	-2.42834	-8.07529	-0.615021	-6.46938	-2.42834	-8.07529	-0.615021	68.1912	76.8564	117.654	91.2868	380.425	428.767	656.369	509.271	506.93	453.154	1	0	0
"
 tid_7188_time_14:18:1:561 DPETW@ "GAZE_LOG_CALI: 655.549	502.139	658.67	508.168	941.339	485.979	943.285	492.536	283.402	492.879	287.176	498.714	566.878	479.092	569.712	485.602	
44.5745	-16.2246	329.437	-31.8796	-388.667	-6.02874	-105.828	-19.1375	41.4541	-22.2538	327.487	-38.442	-392.449	-11.8682	-108.663	-25.6481	10.109	-4.55249	-578.411	74.693	-7.56698	-578.829	9.90283	-4.61453	-586.208	75.3625	-7.66967	-586.6	9.45065	-5.93676	-581.43	74.5976	-9.1	-581.527	-0.0908295	-0.265598	0.959796	-0.143632	-0.268569	0.952492	-0.0908295	-0.00813407	0.995833	-0.143632	-0.0128942	0.989547	-0.0908295	-0.00813407	0.995833	-0.143632	-0.0128942	0.989547	-5.2115	-0.466053	-8.25879	-0.738805	-5.2115	-0.466053	-8.25879	-0.738805	81.1791	96.5047	116.654	90.7495	452.882	538.38	650.79	506.273	547.644	516.599	1	0	0
"
 tid_7188_time_14:18:1:584 DPETW@ "GAZE_LOG_CALI: 655.502	502.645	658.57	508.643	941.333	486.445	943.229	493.01	283.145	493.344	286.893	499.273	566.703	479.566	569.562	485.998	
44.4748	-15.7489	329.38	-31.4053	-388.951	-5.46925	-105.979	-18.7415	41.407	-21.7474	327.481	-37.9754	-392.706	-11.403	-108.839	-25.1738	10.0819	-4.43321	-578.16	74.663	-7.46643	-578.693	9.87524	-4.49365	-585.957	75.3323	-7.56778	-586.463	9.43545	-5.82321	-581.141	74.5664	-8.98912	-581.294	-0.087695	-0.265115	0.960221	-0.141427	-0.262471	0.954519	-0.087695	-0.00755754	0.996119	-0.141427	-0.00647974	0.989927	-0.087695	-0.00755754	0.996119	-0.141427	-0.00647974	0.989927	-5.03116	-0.433019	-8.13062	-0.371264	-5.03116	-0.433019	-8.13062	-0.371264	82.9375	97.0119	117.91	94.4932	462.691	541.21	657.795	527.159	557.59	530.561	1	0	0
"
 tid_7188_time_14:18:1:607 DPETW@ "GAZE_LOG_CALI: 655.295	503.1	658.448	509.061	941.21	486.918	943.195	493.38	282.886	493.819	286.622	499.667	566.365	479.995	569.367	486.45	
44.3526	-15.3311	329.346	-31.0355	-389.223	-5.07505	-106.174	-18.2893	41.1993	-21.2921	327.358	-37.502	-392.966	-10.9273	-109.176	-24.7449	10.0503	-4.33977	-577.957	74.6269	-7.37037	-578.473	9.8432	-4.39896	-585.754	75.2959	-7.47046	-586.244	9.38675	-5.71639	-581.067	74.5008	-8.88204	-581.003	-0.0933335	-0.269382	0.9585	-0.144936	-0.257331	0.955392	-0.0933335	-0.012125	0.995561	-0.144936	-0.00128907	0.98944	-0.0933335	-0.012125	0.995561	-0.144936	-0.00128907	0.98944	-5.35581	-0.69473	-8.33359	-0.0738583	-5.35581	-0.69473	-8.33359	-0.0738583	79.7405	94.601	115.888	97.5618	444.857	527.76	646.517	544.278	542.187	531.423	1	0	0
"
 tid_7188_time_14:18:1:630 DPETW@ "GAZE_LOG_CALI: 655.404	503.467	658.63	509.579	941.462	487.365	943.453	493.822	282.897	494.203	286.777	500.191	566.495	480.479	569.493	486.82	
44.5352	-14.8133	329.604	-30.5927	-389.068	-4.55021	-106.047	-17.9192	41.3088	-20.9249	327.611	-37.0549	-392.956	-10.5434	-109.047	-24.2607	10.0913	-4.22085	-577.912	74.6622	-7.27564	-578.29	9.88467	-4.27842	-585.709	75.3319	-7.37447	-586.061	9.40981	-5.62928	-580.927	74.537	-8.77312	-580.838	-0.0951166	-0.27058	0.957987	-0.145446	-0.255935	0.95569	-0.0951166	-0.0134149	0.995376	-0.145446	0.000136584	0.989366	-0.0951166	-0.0134149	0.995376	-0.145446	0.000136584	0.989366	-5.45852	-0.768641	-8.36313	0.00782569	-5.45852	-0.768641	-8.36313	0.00782569	78.7764	94.0066	115.653	98.5033	439.478	524.444	645.207	549.53	538.682	532.228	1	0	0
"
 tid_7188_time_14:18:1:652 DPETW@ "GAZE_LOG_CALI: 655.661	503.825	658.82	509.78	941.65	487.664	943.675	494.081	282.985	494.446	286.845	500.469	566.658	480.809	569.622	487.098	
44.725	-14.6121	329.827	-30.3342	-388.999	-4.27173	-105.919	-17.6412	41.5658	-20.5678	327.798	-36.7556	-392.867	-10.3001	-108.884	-23.931	10.1311	-4.16519	-577.753	74.6964	-7.21309	-578.17	9.92494	-4.22202	-585.55	75.3667	-7.31109	-585.941	9.46434	-5.55868	-580.705	74.5749	-8.70053	-580.796	-0.0912674	-0.26486	0.959958	-0.146965	-0.257885	0.954933	-0.0912674	-0.00738008	0.995799	-0.146965	-0.00194269	0.98914	-0.0912674	-0.00738008	0.995799	-0.146965	-0.00194269	0.98914	-5.23667	-0.422852	-8.45111	-0.111308	-5.23667	-0.422852	-8.45111	-0.111308	81.0035	97.4798	114.83	97.4268	451.902	543.82	640.616	543.525	543.428	540.003	1	0	0
"
 tid_7188_time_14:18:1:675 DPETW@ "GAZE_LOG_CALI: 655.831	503.896	659.052	509.889	941.869	487.747	943.893	494.14	282.984	494.65	286.898	500.54	566.784	480.846	569.733	487.202	
44.9566	-14.503	330.045	-30.2745	-388.946	-4.20072	-105.807	-17.537	41.7355	-20.4968	328.018	-36.6724	-392.868	-10.0962	-108.757	-23.8937	10.1793	-4.14312	-577.514	74.7273	-7.19261	-578.025	9.97375	-4.19966	-585.311	75.3982	-7.29036	-585.796	9.49898	-5.52522	-580.48	74.6094	-8.68496	-580.677	-0.0943538	-0.263432	0.960053	-0.147077	-0.26002	0.954336	-0.0943538	-0.00597547	0.995521	-0.147077	-0.00416011	0.989116	-0.0943538	-0.00597547	0.995521	-0.147077	-0.00416011	0.989116	-5.41423	-0.342371	-8.45767	-0.238357	-5.41423	-0.342371	-8.45767	-0.238357	79.3342	98.3485	114.817	96.2384	442.59	548.667	640.541	536.895	538.328	538.624	1	0	0
"
 tid_7188_time_14:18:1:697 DPETW@ "GAZE_LOG_CALI: 656.066	504.07	659.282	510.135	942.152	487.944	944.175	494.417	283.178	494.834	287.05	500.752	566.965	481.031	569.886	487.442	
45.1871	-14.2574	330.328	-29.998	-388.793	-3.98854	-105.654	-17.2972	41.9703	-20.322	328.301	-36.4754	-392.673	-9.91125	-108.576	-23.708	10.2296	-4.09035	-577.412	74.769	-7.13175	-577.851	10.0247	-4.14618	-585.209	75.4406	-7.2287	-585.622	9.55182	-5.48347	-580.423	74.6565	-8.63921	-580.545	-0.0947248	-0.267901	0.958778	-0.147209	-0.264792	0.953003	-0.0947248	-0.0106225	0.995447	-0.147209	-0.00911365	0.989063	-0.0947248	-0.0106225	0.995447	-0.147209	-0.00911366	0.989063	-5.43579	-0.608637	-8.46556	-0.522181	-5.43579	-0.608637	-8.46556	-0.522181	79.182	95.8307	114.804	93.5601	441.74	534.62	640.467	521.953	536.63	522.394	1	0	0
"
 tid_7188_time_14:18:1:720 DPETW@ "GAZE_LOG_CALI: 656.116	504.003	659.376	510.033	942.25	487.949	944.289	494.44	283.197	494.786	287.088	500.67	566.998	481.086	569.958	487.472	
45.2812	-14.3592	330.442	-29.9744	-388.755	-4.07079	-105.583	-17.2672	42.0206	-20.389	328.4	-36.4705	-392.655	-9.95962	-108.543	-23.6539	10.2495	-4.11072	-577.34	74.7874	-7.12492	-577.794	10.0448	-4.16684	-585.137	75.4594	-7.22179	-585.565	9.56255	-5.49622	-580.381	74.6675	-8.63115	-580.456	-0.0971903	-0.267913	0.958529	-0.147769	-0.262997	0.953413	-0.0971903	-0.0106985	0.995208	-0.147769	-0.00727424	0.988995	-0.0971903	-0.0106985	0.995208	-0.147769	-0.00727424	0.988995	-5.57772	-0.612989	-8.49788	-0.416787	-5.57772	-0.612989	-8.49788	-0.416787	77.819	95.7862	114.51	94.6152	434.136	534.372	638.828	527.839	531.899	525.165	1	0	0
"
 tid_7188_time_14:18:1:742 DPETW@ "GAZE_LOG_CALI: 656.029	503.8	659.261	509.759	942.209	487.772	944.193	494.201	282.996	494.522	286.934	500.46	566.907	480.856	569.861	487.268	
45.166	-14.6329	330.346	-30.2141	-388.91	-4.28141	-105.679	-17.4709	41.9338	-20.5922	328.359	-36.6477	-392.856	-10.2244	-108.635	-23.884	10.2224	-4.16546	-577.289	74.7658	-7.17537	-577.795	10.0173	-4.22234	-585.086	75.4375	-7.27292	-585.565	9.54037	-5.54847	-580.229	74.6499	-8.67684	-580.393	-0.0943151	-0.262242	0.960382	-0.145399	-0.259193	0.954818	-0.0943151	-0.00474097	0.995531	-0.145399	-0.00323634	0.989368	-0.0943151	-0.00474097	0.995531	-0.145399	-0.00323634	0.989368	-5.41196	-0.271639	-8.36044	-0.185429	-5.41196	-0.271639	-8.36044	-0.185429	79.4211	99.0758	115.852	96.8353	443.074	552.724	646.316	540.225	541.984	542.991	1	0	0
"
 tid_7188_time_14:18:1:765 DPETW@ "GAZE_LOG_CALI: 655.726	503.832	658.85	509.75	941.954	487.683	943.955	494.135	282.706	494.487	286.577	500.528	566.618	480.774	569.495	487.131	
44.7547	-14.6426	330.107	-30.2795	-389.268	-4.21352	-106.046	-17.6083	41.6303	-20.5604	328.104	-36.736	-393.147	-10.2587	-108.923	-23.9656	10.1306	-4.1596	-577.356	74.6894	-7.19671	-577.622	9.9243	-4.21639	-585.153	75.3603	-7.29458	-585.392	9.47199	-5.54914	-580.239	74.5859	-8.69576	-580.343	-0.0884851	-0.260725	0.961349	-0.146202	-0.264539	0.953228	-0.0884851	-0.00302562	0.996073	-0.146202	-0.00881113	0.989216	-0.0884851	-0.00302562	0.996073	-0.146202	-0.00881113	0.989216	-5.07649	-0.173356	-8.40719	-0.504847	-5.07649	-0.173356	-8.40719	-0.504847	82.6052	100.023	115.337	93.7287	460.838	558.008	643.443	522.894	549.453	536.895	1	0	0
"
 tid_7188_time_14:18:1:788 DPETW@ "GAZE_LOG_CALI: 655.349	504.039	658.503	510.011	941.556	487.781	943.529	494.159	282.312	494.754	286.166	500.676	566.17	480.887	569.191	487.26	
44.4077	-14.3814	329.68	-30.2554	-389.679	-4.06448	-106.35	-17.4794	41.2538	-20.353	327.705	-36.638	-393.542	-9.99178	-109.371	-23.8528	10.0507	-4.11285	-577.262	74.6133	-7.18147	-577.781	9.84332	-4.169	-585.059	75.283	-7.27911	-585.552	9.38516	-5.49519	-580.218	74.4861	-8.67109	-580.273	-0.0909106	-0.263151	0.960462	-0.144433	-0.252301	0.956809	-0.0909106	-0.00559828	0.995843	-0.144433	0.00393641	0.989507	-0.0909106	-0.00559828	0.995843	-0.144433	0.00393641	0.989507	-5.21608	-0.320759	-8.30451	0.22554	-5.21608	-0.320759	-8.30451	0.22554	81.1656	98.6566	116.254	100.861	452.807	550.385	648.558	562.684	549.199	554.637	1	0	0
"
 tid_7188_time_14:18:1:810 DPETW@ "GAZE_LOG_CALI: 654.758	504.193	657.997	510.229	941.062	487.796	943.018	494.191	281.674	494.879	285.57	500.857	565.631	480.912	568.526	487.244	
43.9021	-14.1637	329.168	-30.224	-390.277	-3.88337	-107.015	-17.4951	40.6626	-20.1995	327.209	-36.6237	-394.181	-9.86722	-109.91	-23.8273	9.93433	-4.06728	-577.128	74.4704	-7.17783	-577.572	9.7253	-4.12283	-584.925	75.1384	-7.27546	-585.343	9.24992	-5.4634	-580.143	74.3653	-8.66614	-580.209	-0.0952877	-0.268713	0.958495	-0.143841	-0.258752	0.955174	-0.0952877	-0.0114802	0.995384	-0.143841	-0.00271754	0.989597	-0.0952877	-0.0114802	0.995384	-0.143841	-0.00271754	0.989597	-5.46824	-0.657782	-8.27021	-0.155704	-5.46824	-0.657782	-8.27021	-0.155704	78.5904	95.4501	116.478	97.1826	438.44	532.497	649.809	542.162	540.621	532.758	1	0	0
"
 tid_7188_time_14:18:1:835 DPETW@ "GAZE_LOG_CALI: 654.371	504.504	657.523	510.516	940.698	488.009	942.564	494.433	281.368	495.184	285.152	501.158	565.178	481.054	568.211	487.469	
43.4281	-13.8758	328.714	-29.9811	-390.695	-3.58272	-107.33	-17.2702	40.2759	-19.8879	326.845	-36.4103	-394.487	-9.56122	-110.363	-23.6851	9.82824	-4.00132	-577.196	74.391	-7.12721	-577.757	9.6178	-4.05596	-584.993	75.0577	-7.22411	-585.528	9.16368	-5.39414	-580.244	74.2667	-8.62424	-580.085	-0.0916495	-0.27007	0.958469	-0.139367	-0.246681	0.959023	-0.0916495	-0.0127977	0.995709	-0.139367	0.00993806	0.990191	-0.0916495	-0.0127977	0.995709	-0.139367	0.00993806	0.990191	-5.25894	-0.733273	-8.01163	0.569418	-5.25894	-0.733273	-8.01163	0.569418	80.5238	94.7627	118.929	104.287	449.226	528.662	663.48	581.794	555.136	553.647	1	0	0
"
 tid_7188_time_14:18:1:857 DPETW@ "GAZE_LOG_CALI: 654.128	504.732	657.316	510.663	940.39	488.039	942.323	494.561	281.01	495.38	284.799	501.335	564.877	481.14	567.737	487.551	
43.2212	-13.7291	328.472	-29.8529	-391.049	-3.40579	-107.804	-17.1884	40.0326	-19.6606	326.536	-36.3803	-394.846	-9.36485	-110.665	-23.5996	9.77796	-3.96365	-576.997	74.2957	-7.10005	-577.439	9.56676	-4.0178	-584.794	74.9614	-7.19664	-585.21	9.10614	-5.34474	-580.081	74.1975	-8.6115	-580.097	-0.0936526	-0.269795	0.958353	-0.142534	-0.263997	0.953934	-0.0936526	-0.0125622	0.995526	-0.142534	-0.00810525	0.989757	-0.0936526	-0.0125622	0.995526	-0.142534	-0.00810525	0.989757	-5.3742	-0.719779	-8.19478	-0.464402	-5.3742	-0.719779	-8.19478	-0.464402	79.3618	94.9834	117.063	94.2707	442.743	529.893	653.074	525.917	543.898	522.532	1	0	0
"
 tid_7188_time_14:18:1:878 DPETW@ "GAZE_LOG_CALI: 653.82	505.075	657.043	511.036	940.245	488.345	942.132	494.763	280.712	495.74	284.574	501.665	564.634	481.451	567.538	487.787	
42.948	-13.3559	328.281	-29.6508	-391.275	-3.0753	-108.003	-16.9524	39.7247	-19.3177	326.391	-36.0741	-395.144	-9.00473	-110.908	-23.2889	9.71728	-3.8844	-577.053	74.2502	-7.05024	-577.417	9.50527	-3.93746	-584.85	74.9154	-7.14616	-585.188	9.03631	-5.26489	-580.087	74.147	-8.53937	-579.956	-0.0944238	-0.267273	0.958984	-0.140505	-0.254764	0.956741	-0.0944238	-0.00996234	0.995482	-0.140505	0.0015392	0.990079	-0.0944238	-0.00996234	0.995482	-0.140506	0.0015392	0.990079	-5.41843	-0.570809	-8.07711	0.0881897	-5.41843	-0.570809	-8.07711	0.0881897	78.8604	96.4971	118.182	99.7364	439.946	538.338	659.316	556.409	547.335	544.394	1	0	0
"
 tid_7188_time_14:18:1:902 DPETW@ "GAZE_LOG_CALI: 653.709	505.188	656.838	511.172	940.02	488.394	941.958	494.975	280.616	495.897	284.462	501.805	564.47	481.614	567.441	487.906	
42.7423	-13.2198	328.106	-29.4388	-391.387	-2.9348	-108.1	-16.8329	39.6141	-19.2043	326.165	-36.0246	-395.241	-8.84829	-111.072	-23.1255	9.67278	-3.85387	-577.175	74.224	-7.01397	-577.523	9.46021	-3.9065	-584.972	74.8887	-7.10938	-585.294	9.01126	-5.23434	-580.105	74.1057	-8.51632	-580.035	-0.0886397	-0.262166	0.960943	-0.142346	-0.255796	0.956193	-0.0886397	-0.00452234	0.996054	-0.142346	0.000401109	0.989817	-0.0886397	-0.00452234	0.996053	-0.142346	0.000401109	0.989817	-5.08541	-0.259112	-8.18364	0.0229819	-5.08541	-0.259112	-8.18364	0.0229819	82.0622	99.5338	117.086	99.1061	457.809	555.279	653.199	552.893	554.141	552.314	1	0	0
"
 tid_7188_time_14:18:1:924 DPETW@ "GAZE_LOG_CALI: 653.589	505.065	656.65	510.957	939.859	488.339	941.774	494.783	280.459	495.779	284.381	501.599	564.273	481.561	567.318	487.803	
42.5552	-13.4354	327.922	-29.6306	-391.468	-3.1413	-108.223	-16.9363	39.4936	-19.3271	326.004	-36.0798	-395.398	-8.96653	-111.269	-23.1783	9.63303	-3.90271	-577.315	74.1926	-7.04848	-577.603	9.41997	-3.95599	-585.112	74.8568	-7.14435	-585.374	8.98283	-5.26158	-580.06	74.0628	-8.52808	-579.984	-0.0834809	-0.249325	0.964815	-0.141241	-0.246163	0.958882	-0.0834809	0.00888258	0.99647	-0.141241	0.0104016	0.989921	-0.0834809	0.00888258	0.99647	-0.141241	0.0104016	0.989921	-4.78887	0.508941	-8.12011	0.595979	-4.78887	0.508941	-8.12011	0.595979	84.9108	106.931	117.673	104.664	473.7	596.548	656.474	583.9	565.087	590.224	1	0	0
"
 tid_7188_time_14:18:1:947 DPETW@ "GAZE_LOG_CALI: 653.452	505.264	656.524	511.309	939.712	488.598	941.568	495.011	280.381	495.964	284.208	501.9	564.17	481.725	567.089	488.058	
42.4285	-13.0829	327.715	-29.4033	-391.642	-2.83958	-108.452	-16.6807	39.3571	-19.1283	325.857	-35.8208	-395.477	-8.78092	-111.372	-23.0147	9.60338	-3.82823	-577.246	74.1415	-6.99349	-577.571	9.38989	-3.8805	-585.043	74.805	-7.08861	-585.342	8.95327	-5.21843	-580.13	74.0368	-8.48095	-580.048	-0.0854333	-0.261794	0.961335	-0.138963	-0.25186	0.957735	-0.0854333	-0.00406152	0.996336	-0.138963	0.00460163	0.990287	-0.0854333	-0.00406152	0.996336	-0.138963	0.00460163	0.990287	-4.90098	-0.232709	-7.98796	0.263655	-4.90098	-0.232709	-7.98796	0.263655	83.7888	99.7982	118.93	101.47	467.441	556.754	663.489	566.081	565.307	561.21	1	0	0
"
 tid_7188_time_14:18:1:970 DPETW@ "GAZE_LOG_CALI: 653.11	505.45	656.274	511.488	939.388	488.724	941.256	495.182	279.99	496.138	283.818	502.005	563.807	481.827	566.735	488.148	
42.1783	-12.9046	327.403	-29.2322	-392.032	-2.73479	-108.806	-16.5912	39.0142	-18.9428	325.532	-35.6942	-395.868	-8.60638	-111.736	-22.9121	9.54377	-3.79532	-577.053	74.063	-6.96354	-577.509	9.32939	-3.84716	-584.85	74.7255	-7.05826	-585.28	8.87429	-5.17713	-580.06	73.9555	-8.45425	-579.983	-0.0911633	-0.266413	0.959538	-0.139197	-0.252361	0.957569	-0.0911633	-0.00898878	0.995795	-0.139197	0.00407545	0.990256	-0.0911633	-0.00898878	0.995795	-0.139197	0.00407545	0.990256	-5.23074	-0.515026	-8.00144	0.233507	-5.23074	-0.515026	-8.00144	0.233507	80.519	97.1292	118.725	101.22	449.199	541.864	662.343	564.687	554.36	551.438	1	0	0
"
 tid_7188_time_14:18:1:993 DPETW@ "GAZE_LOG_CALI: 652.841	505.404	655.967	511.419	939.02	488.648	940.975	495.107	279.815	496.152	283.589	501.996	563.553	481.754	566.465	488.005	
41.8716	-12.9734	327.121	-29.3066	-392.262	-2.74398	-109.076	-16.7337	38.7458	-18.9881	325.164	-35.7707	-396.043	-8.5924	-111.989	-22.9856	9.47588	-3.80498	-577.156	74.0012	-6.9886	-577.524	9.26062	-3.85694	-584.953	74.6629	-7.08367	-585.295	8.81472	-5.18192	-580.188	73.891	-8.4737	-580.134	-0.0897892	-0.266806	0.959559	-0.142919	-0.25737	0.955685	-0.0897892	-0.00936238	0.995917	-0.142919	-0.00125119	0.989734	-0.0897892	-0.00936238	0.995917	-0.142919	-0.00125119	0.989734	-5.15171	-0.536433	-8.21677	-0.071688	-5.15171	-0.536433	-8.21677	-0.071688	81.2146	96.8843	116.531	98.2035	453.08	540.498	650.104	547.857	549.17	541	1	0	0
"
 tid_7188_time_14:18:2:17 DPETW@ "GAZE_LOG_CALI: 652.442	505.648	655.459	511.59	938.474	488.723	940.382	495.136	279.372	496.299	283.184	502.218	563.061	481.805	566.026	488.132	
41.3635	-12.8022	326.527	-29.2778	-392.667	-2.52143	-109.515	-16.6071	38.3468	-18.7445	324.616	-35.6948	-396.487	-8.44568	-112.481	-22.9349	9.36302	-3.76144	-577.287	73.8924	-6.97366	-577.726	9.14627	-3.81279	-585.084	74.5524	-7.06849	-585.497	8.72359	-5.13724	-580.114	73.7753	-8.46069	-580.203	-0.0819066	-0.256647	0.963028	-0.140536	-0.251774	0.957528	-0.0819066	0.00134844	0.996639	-0.140536	0.00463194	0.990065	-0.0819066	0.00134844	0.996639	-0.140536	0.00463194	0.990065	-4.69817	0.0772597	-8.07896	0.265391	-4.69817	0.0772597	-8.07896	0.265391	85.5227	102.872	117.756	101.468	477.114	573.903	656.937	566.068	567.025	569.986	2	0	0
"
 tid_7188_time_14:18:2:40 DPETW@ "GAZE_LOG_CALI: 651.791	505.903	654.809	511.832	937.856	488.828	939.727	495.254	278.837	496.566	282.57	502.476	562.413	481.937	565.38	488.267	
40.7137	-12.5602	325.871	-29.1591	-393.282	-2.26387	-110.162	-16.4716	37.6956	-18.4893	323.997	-35.5896	-397.024	-8.17796	-113.13	-22.8025	9.21695	-3.7055	-577.321	73.7445	-6.9454	-577.728	8.99822	-3.75609	-585.118	74.4025	-7.03985	-585.5	8.57755	-5.07931	-580.261	73.6288	-8.43355	-580.158	-0.0832872	-0.261979	0.961473	-0.138796	-0.250002	0.958246	-0.0832872	-0.00420433	0.996517	-0.138796	0.00652842	0.9903	-0.0832871	-0.00420433	0.996517	-0.138796	0.00652842	0.990299	-4.77758	-0.240891	-7.97833	0.374054	-4.77758	-0.240891	-7.97833	0.374054	84.5946	99.8193	118.6	102.558	471.936	556.872	661.646	572.152	566.791	564.512	1	1	1
"
 tid_7188_time_14:18:2:62 DPETW@ "GAZE_LOG_CALI: 651.285	506.115	654.339	512.068	937.304	488.959	939.264	495.365	278.372	496.808	282.18	502.609	562.011	482.018	564.881	488.408	
40.2435	-12.3244	325.407	-29.0486	-393.674	-2.13028	-110.661	-16.3312	37.1898	-18.277	323.444	-35.4584	-397.49	-7.9361	-113.531	-22.7213	9.11215	-3.66457	-577.421	73.6328	-6.91677	-577.677	8.89204	-3.71458	-585.218	74.2893	-7.01084	-585.448	8.4631	-5.0283	-580.309	73.5278	-8.41242	-580.351	-0.0841151	-0.257615	0.962579	-0.142583	-0.262401	0.954367	-0.0841151	0.000296965	0.996456	-0.142583	-0.00645201	0.989762	-0.0841151	0.000296965	0.996456	-0.142583	-0.00645201	0.989762	-4.82514	0.0170149	-8.19749	-0.369675	-4.82514	0.0170149	-8.19749	-0.369675	84.0144	102.346	116.324	95.3142	468.7	570.967	648.951	531.739	557.458	549.551	1	1	1
"
 tid_7188_time_14:18:2:85 DPETW@ "GAZE_LOG_CALI: 650.987	506.065	654.107	512.028	937.011	488.902	938.947	495.312	278.135	496.74	281.9	502.568	561.648	481.99	564.542	488.353	
40.012	-12.3641	325.09	-29.1012	-393.954	-2.17136	-111	-16.3859	36.8919	-18.3271	323.15	-35.516	-397.727	-8.00458	-113.894	-22.7498	9.05865	-3.67361	-577.355	73.557	-6.9289	-577.645	8.83778	-3.72376	-585.152	74.2125	-7.02315	-585.417	8.39674	-5.04267	-580.384	73.4488	-8.42121	-580.254	-0.0888119	-0.265583	0.959988	-0.141354	-0.258758	0.955543	-0.0888119	-0.00807063	0.996016	-0.141354	-0.00262864	0.989956	-0.0888119	-0.00807063	0.996016	-0.141354	-0.00262864	0.989956	-5.09543	-0.462418	-8.12623	-0.15061	-5.09543	-0.462418	-8.12623	-0.15061	81.3221	97.6813	116.958	97.4573	453.68	544.945	652.484	543.695	550.772	541.279	1	1	1
"
 tid_7188_time_14:18:2:108 DPETW@ "GAZE_LOG_CALI: 650.86	506.116	653.782	512.007	936.745	488.919	938.613	495.308	278.003	496.729	281.725	502.636	561.334	482.053	564.349	488.345	
39.6867	-12.3851	324.755	-29.1049	-394.13	-2.103	-111.192	-16.3944	36.7648	-18.2761	322.884	-35.499	-397.859	-8.01546	-114.209	-22.6866	8.9882	-3.6695	-577.551	73.5051	-6.93263	-577.833	8.76645	-3.71957	-585.348	74.1598	-7.02689	-585.605	8.36825	-5.03813	-580.37	73.3799	-8.41146	-580.192	-0.0771042	-0.255313	0.963779	-0.138225	-0.245421	0.959512	-0.0771042	0.00283115	0.997019	-0.138225	0.0112818	0.990337	-0.0771042	0.00283115	0.997019	-0.138225	0.0112818	0.990337	-4.42215	0.162213	-7.94567	0.646415	-4.42215	0.162213	-7.94567	0.646415	87.8174	103.722	118.665	105.212	489.916	578.642	662.011	586.956	575.963	582.799	1	1	1
"
 tid_7188_time_14:18:2:130 DPETW@ "GAZE_LOG_CALI: 650.797	506.167	653.703	512.12	936.65	488.901	938.529	495.317	277.959	496.807	281.664	502.661	561.304	482.024	564.322	488.326	
39.6074	-12.2719	324.67	-29.096	-394.191	-2.07802	-111.22	-16.4132	36.7015	-18.2257	322.789	-35.517	-397.904	-7.93727	-114.239	-22.7159	8.97059	-3.65404	-577.574	73.4956	-6.93465	-577.908	8.74862	-3.7039	-585.371	74.15	-7.02893	-585.68	8.35371	-5.02374	-580.4	73.3692	-8.41805	-580.275	-0.0765686	-0.255901	0.963666	-0.138574	-0.246527	0.959178	-0.0765686	0.00223416	0.997062	-0.138574	0.0101264	0.9903	-0.0765686	0.00223416	0.997062	-0.138574	0.0101264	0.9903	-4.39136	0.128008	-7.96576	0.580208	-4.39136	0.128008	-7.96576	0.580208	88.0983	103.398	118.447	104.543	491.483	576.834	660.793	583.225	576.138	580.029	1	1	1
"
 tid_7188_time_14:18:2:154 DPETW@ "GAZE_LOG_CALI: 650.975	506.068	653.969	512.042	936.802	488.783	938.712	495.17	278.164	496.719	281.911	502.588	561.484	481.931	564.414	488.164	
39.8732	-12.3499	324.853	-29.243	-393.944	-2.15099	-111.127	-16.5746	36.8791	-18.3244	322.941	-35.6348	-397.698	-8.02505	-114.059	-22.8088	9.03063	-3.67081	-577.55	73.522	-6.96827	-577.792	8.80946	-3.7209	-585.346	74.177	-7.06302	-585.564	8.39481	-5.04512	-580.438	73.4086	-8.44244	-580.313	-0.081286	-0.259591	0.962292	-0.140132	-0.25157	0.957641	-0.081286	-0.00168598	0.996689	-0.140132	0.00485761	0.990121	-0.081286	-0.00168598	0.996689	-0.140132	0.00485761	0.990121	-4.6625	-0.0965994	-8.05559	0.278322	-4.6625	-0.0965994	-8.05559	0.278322	85.5118	101.199	117.602	101.583	477.053	564.571	656.08	566.709	566.567	565.64	1	1	1
"
 tid_7188_time_14:18:2:177 DPETW@ "GAZE_LOG_CALI: 651.222	505.949	654.279	511.951	937.084	488.634	939.011	495.134	278.455	496.632	282.225	502.491	561.78	481.693	564.735	487.98	
40.1841	-12.4412	325.154	-29.2799	-393.629	-2.24802	-110.807	-16.7592	37.1267	-18.443	323.223	-35.7837	-397.407	-8.11239	-113.762	-23.0465	9.10125	-3.69194	-577.557	73.5941	-6.99354	-577.821	8.88104	-3.74232	-585.354	74.2499	-7.08863	-585.593	8.45181	-5.06887	-580.503	73.4761	-8.4867	-580.34	-0.0850457	-0.262834	0.961086	-0.140953	-0.254648	0.956706	-0.0850457	-0.00513054	0.996364	-0.140953	0.00164244	0.990015	-0.0850457	-0.00513054	0.996364	-0.140953	0.00164244	0.990015	-4.87872	-0.29396	-8.10298	0.0941047	-4.87872	-0.29396	-8.10298	0.0941047	83.4689	99.2529	117.203	99.7458	465.656	553.712	653.854	556.462	558.745	553.762	1	1	1
"
 tid_7188_time_14:18:2:200 DPETW@ "GAZE_LOG_CALI: 651.521	505.826	654.533	511.79	937.354	488.495	939.277	494.963	278.706	496.548	282.436	502.377	562.032	481.59	565.037	487.881	
40.4377	-12.6026	325.42	-29.4508	-393.417	-2.36246	-110.504	-16.8578	37.4257	-18.5666	323.494	-35.9234	-397.155	-8.19647	-113.511	-23.15	9.15719	-3.7228	-577.514	73.661	-7.02445	-577.874	8.93773	-3.7736	-585.31	74.3177	-7.11995	-585.645	8.51896	-5.09182	-580.442	73.5349	-8.51391	-580.321	-0.0827466	-0.260474	0.961928	-0.140806	-0.250731	0.957762	-0.0827466	-0.00263362	0.996567	-0.140806	0.00569929	0.990021	-0.0827466	-0.00263362	0.996567	-0.140806	0.00569929	0.990021	-4.74647	-0.150895	-8.09459	0.326547	-4.74647	-0.150895	-8.09459	0.326547	84.8231	100.629	117.348	101.98	473.211	561.388	654.661	568.924	563.936	565.156	1	1	1
"
 tid_7188_time_14:18:2:223 DPETW@ "GAZE_LOG_CALI: 651.651	505.903	654.638	511.882	937.456	488.553	939.352	495.038	278.827	496.613	282.595	502.479	562.179	481.694	565.196	487.957	
40.5422	-12.5105	325.495	-29.376	-393.258	-2.26044	-110.345	-16.7824	37.5556	-18.489	323.596	-35.865	-397.034	-8.13092	-113.363	-23.0458	9.18234	-3.70101	-577.582	73.6922	-7.00852	-577.985	8.96325	-3.75151	-585.378	74.3492	-7.10379	-585.757	8.54848	-5.07528	-580.43	73.5657	-8.49602	-580.378	-0.0807023	-0.257571	0.962883	-0.139649	-0.248139	0.958606	-0.0807023	0.000418499	0.996738	-0.139649	0.00842124	0.990165	-0.0807023	0.000418499	0.996738	-0.139649	0.00842124	0.990165	-4.62893	0.0239782	-8.02782	0.482507	-4.62893	0.0239782	-8.02782	0.482507	85.9918	102.336	118.025	103.495	479.731	570.914	658.436	577.377	569.083	574.145	1	1	1
"
 tid_7188_time_14:18:2:245 DPETW@ "GAZE_LOG_CALI: 651.774	505.941	654.716	511.872	937.509	488.517	939.402	495.034	278.892	496.604	282.613	502.481	562.253	481.629	565.229	487.935	
40.6211	-12.5205	325.545	-29.3797	-393.24	-2.25867	-110.312	-16.8036	37.6786	-18.4512	323.65	-35.9017	-396.968	-8.14066	-113.29	-23.111	9.1983	-3.70149	-577.509	73.7008	-7.01111	-577.965	8.9794	-3.752	-585.306	74.3579	-7.10642	-585.736	8.57511	-5.07144	-580.357	73.5815	-8.50804	-580.41	-0.0786953	-0.256832	0.963247	-0.139593	-0.251993	0.957608	-0.0786953	0.00122645	0.996898	-0.139593	0.00444031	0.990199	-0.0786953	0.00122645	0.996898	-0.139593	0.00444031	0.990199	-4.51358	0.0702707	-8.02437	0.254412	-4.51358	0.0702707	-8.02437	0.254412	87.1409	102.805	118.07	101.262	486.142	573.531	658.691	564.922	572.416	569.227	1	1	1
"
 tid_7188_time_14:18:2:268 DPETW@ "GAZE_LOG_CALI: 651.729	506.07	654.712	512.007	937.511	488.624	939.425	495.101	278.888	496.741	282.581	502.622	562.329	481.753	565.303	488.085	
40.6164	-12.3851	325.568	-29.3123	-393.271	-2.11781	-110.238	-16.6542	37.6341	-18.3225	323.652	-35.7941	-396.972	-8.00288	-113.214	-22.9868	9.19718	-3.66989	-577.464	73.7146	-6.98715	-578.034	8.97825	-3.71998	-585.261	74.3719	-7.08212	-585.805	8.56593	-5.04144	-580.407	73.5942	-8.48284	-580.505	-0.0816969	-0.261833	0.961649	-0.140431	-0.252947	0.957234	-0.0816969	-0.00401804	0.996649	-0.140431	0.00342232	0.990085	-0.0816969	-0.00401804	0.996649	-0.140431	0.00342232	0.990085	-4.68615	-0.230217	-8.07281	0.196085	-4.68615	-0.230217	-8.07281	0.196085	85.4561	99.9208	117.595	100.697	476.743	557.438	656.036	561.768	566.144	559.279	1	1	1
"
 tid_7188_time_14:18:2:290 DPETW@ "GAZE_LOG_CALI: 651.851	506.165	654.758	512.104	937.658	488.766	939.54	495.196	278.936	496.789	282.64	502.689	562.371	481.898	565.363	488.18	
40.6623	-12.2878	325.683	-29.217	-393.212	-2.05065	-110.178	-16.5587	37.7554	-18.2268	323.799	-35.6524	-396.925	-7.95499	-113.171	-22.8414	9.20782	-3.65129	-577.482	73.7313	-6.96458	-577.96	8.98904	-3.70112	-585.279	74.3889	-7.05925	-585.732	8.59199	-5.02425	-580.31	73.6101	-8.44813	-580.368	-0.0769916	-0.256564	0.963456	-0.139197	-0.248241	0.958645	-0.0769916	0.00153866	0.99703	-0.139197	0.00833356	0.99023	-0.0769916	0.00153866	0.997031	-0.139197	0.00833356	0.99023	-4.41567	0.088159	-8.00166	0.477484	-4.41567	0.088159	-8.00166	0.477484	88.1081	103.036	118.325	103.495	491.537	574.816	660.111	577.376	575.824	576.096	1	1	1
"
 tid_7188_time_14:18:2:313 DPETW@ "GAZE_LOG_CALI: 657.789	505.691	658.323	511.95	943.505	488.356	942.331	495.086	284.704	496.316	286.173	502.511	568.489	481.394	568.245	488.019	
44.2279	-12.4423	328.48	-29.3284	-389.673	-2.22823	-107.296	-16.72	43.6937	-18.7012	329.657	-36.0633	-391.144	-8.42895	-107.052	-23.3452	10.0143	-3.68577	-577.487	74.383	-6.99456	-578.101	9.80647	-3.73608	-585.284	75.0492	-7.08961	-585.872	9.93933	-5.12588	-580.163	74.9951	-8.55272	-580.78	0.0250324	-0.261855	0.964783	-0.0102063	-0.276142	0.961063	0.0250324	-0.00322829	0.999681	-0.0102063	-0.0179912	0.999786	0.0250324	-0.00322829	0.999681	-0.0102063	-0.0179912	0.999786	1.43441	-0.184968	-0.584883	-1.03087	1.43441	-0.184968	-0.584883	-1.03087	145.817	100.345	191.453	88.7448	813.486	559.807	1068.08	495.09	940.781	527.448	1	1	1
"
 tid_7188_time_14:18:2:336 DPETW@ "GAZE_LOG_CALI: 663.9	505.704	661.324	511.915	948.352	488.687	944.409	495.183	290.925	496.414	289.201	502.556	573.506	481.504	570.449	488.129	
47.2291	-12.4769	330.562	-29.2315	-386.638	-2.1838	-105.091	-16.6096	49.8056	-18.688	334.514	-35.7324	-384.911	-8.33053	-102.034	-23.2353	10.6941	-3.6823	-577.567	74.8784	-6.9711	-578.286	10.4956	-3.73255	-585.365	75.551	-7.06579	-586.056	11.3322	-5.10925	-580.392	76.134	-8.50141	-581.032	0.160071	-0.263402	0.951313	0.110881	-0.273059	0.955586	0.160071	-0.00820845	0.987071	0.110881	-0.0164305	0.993698	0.160071	-0.00820845	0.987071	0.110881	-0.0164305	0.993698	9.21131	-0.470315	6.36696	-0.941442	9.21131	-0.470315	6.36696	-0.941442	222.808	97.4975	259.696	89.5291	1243	543.919	1448.79	499.465	1348.66	517.687	1	1	1
"
 tid_7188_time_14:18:2:358 DPETW@ "GAZE_LOG_CALI: 664.669	505.788	661.659	511.904	949.357	488.68	945.211	495.082	291.63	496.39	289.474	502.437	574.44	481.651	571.216	487.931	
47.5638	-12.4879	331.366	-29.3318	-386.364	-2.30291	-104.324	-16.8079	50.5739	-18.6047	335.52	-35.7396	-384.204	-8.35375	-101.1	-23.0887	10.7686	-3.6964	-577.487	75.0553	-7.00392	-578.247	10.5711	-3.74685	-585.285	75.7304	-7.09907	-586.017	11.5057	-5.10113	-580.313	76.3515	-8.48335	-580.947	0.178469	-0.25861	0.949352	0.117377	-0.261572	0.95802	0.178469	-0.0040873	0.983937	0.117377	-0.00470546	0.993076	0.178469	-0.0040873	0.983937	0.117377	-0.00470546	0.993076	10.2807	-0.234186	6.7408	-0.269604	10.2807	-0.234186	6.7408	-0.269604	233.56	99.8205	263.547	96.0687	1302.98	556.879	1470.28	535.948	1390.17	541.988	1	1	1
"
 tid_7188_time_14:18:2:381 DPETW@ "GAZE_LOG_CALI: 664.864	505.803	662.023	511.87	949.644	488.708	945.643	495.101	291.869	496.408	289.763	502.46	574.761	481.611	571.545	488.014	
47.9276	-12.5224	331.799	-29.3137	-386.075	-2.27921	-103.995	-16.7253	50.7694	-18.5895	335.808	-35.712	-383.965	-8.3361	-100.778	-23.1282	10.849	-3.69677	-577.392	75.1358	-6.99059	-578.112	10.6525	-3.74724	-585.189	75.8121	-7.08557	-585.882	11.5516	-5.09762	-580.368	76.4236	-8.48518	-581	0.17676	-0.265477	0.947775	0.119537	-0.273587	0.95439	0.17676	-0.0111289	0.984191	0.119537	-0.0172504	0.99268	0.17676	-0.0111289	0.984191	0.119537	-0.0172504	0.99268	10.1817	-0.637653	6.86643	-0.988427	10.1817	-0.637653	6.86643	-0.988427	232.633	95.866	264.85	89.0892	1297.81	534.817	1477.55	497.011	1393.87	507.751	1	1	1
"
 tid_7188_time_14:18:2:404 DPETW@ "GAZE_LOG_CALI: 665.225	505.725	662.412	511.847	950.237	488.689	946.248	495.08	292.156	496.365	290.235	502.437	575.246	481.663	572.138	487.971	
48.3174	-12.5452	332.405	-29.3348	-385.602	-2.3022	-103.402	-16.7674	51.1304	-18.6672	336.402	-35.7308	-383.678	-8.37924	-100.294	-23.0763	10.9395	-3.7022	-577.505	75.2717	-6.99714	-578.103	10.7443	-3.75273	-585.302	75.9499	-7.09221	-585.873	11.6313	-5.11041	-580.282	76.5401	-8.47891	-580.856	0.168122	-0.257322	0.951588	0.112668	-0.264704	0.957725	0.168122	-0.0022652	0.985764	0.112668	-0.00780661	0.993602	0.168122	-0.0022652	0.985764	0.112668	-0.00780661	0.993602	9.67867	-0.129787	6.46936	-0.447291	9.67867	-0.129787	6.46936	-0.447291	227.709	100.843	261.081	94.3791	1270.35	562.582	1456.52	526.522	1365.49	541.818	1	1	1
"
 tid_7188_time_14:18:2:427 DPETW@ "GAZE_LOG_CALI: 665.501	505.675	662.738	511.736	950.533	488.696	946.637	495.087	292.436	496.247	290.489	502.38	575.668	481.565	572.496	487.984	
48.6434	-12.6559	332.794	-29.3273	-385.348	-2.35928	-103.044	-16.7549	51.4061	-18.7172	336.699	-35.7243	-383.397	-8.49761	-99.8717	-23.1747	11.0111	-3.72048	-577.419	75.3547	-6.99401	-578.058	10.8168	-3.77127	-585.216	76.034	-7.08904	-585.828	11.6944	-5.12946	-580.29	76.6305	-8.49153	-581.033	0.169262	-0.261975	0.950115	0.118572	-0.278762	0.953012	0.169262	-0.00714087	0.985545	0.118572	-0.0226055	0.992688	0.169262	-0.00714088	0.985545	0.118572	-0.0226055	0.992688	9.74519	-0.409146	6.81142	-1.29531	9.74519	-0.409146	6.81142	-1.29531	228.432	98.0953	264.524	86.1016	1274.37	547.254	1475.73	480.344	1380.45	506.433	1	1	1
"
 tid_7188_time_14:18:2:450 DPETW@ "GAZE_LOG_CALI: 665.87	505.787	663.096	511.858	951.01	488.843	947.11	495.255	292.742	496.465	290.785	502.481	576.038	481.808	572.962	488.208	
49.0007	-12.5347	333.268	-29.1589	-385.051	-2.25834	-102.578	-16.5305	51.7755	-18.6052	337.177	-35.5771	-383.09	-8.27893	-99.5011	-22.9311	11.0905	-3.69454	-577.339	75.4612	-6.94891	-578.057	10.8973	-3.74498	-585.137	76.1419	-7.04333	-585.827	11.7763	-5.09077	-580.213	76.7203	-8.44443	-580.884	0.169718	-0.259844	0.950619	0.111861	-0.270987	0.956061	0.169718	-0.00495195	0.98548	0.111861	-0.0143069	0.993621	0.169718	-0.00495195	0.98548	0.111861	-0.0143069	0.993621	9.77153	-0.283727	6.42327	-0.819751	9.77153	-0.283727	6.42327	-0.819751	228.763	99.3767	260.816	90.8012	1276.23	554.403	1455.04	506.562	1368.98	525.947	1	1	1
"
 tid_7188_time_14:18:2:473 DPETW@ "GAZE_LOG_CALI: 665.912	505.852	663.261	511.945	951.182	488.899	947.28	495.331	292.84	496.485	290.96	502.512	576.199	481.926	573.185	488.338	
49.1665	-12.4476	333.439	-29.0837	-384.876	-2.22709	-102.355	-16.4012	51.8172	-18.5402	337.35	-35.5212	-382.992	-8.25917	-99.3403	-22.8136	11.1288	-3.681	-577.345	75.5092	-6.92626	-578.129	10.9361	-3.73126	-585.143	76.1905	-7.02035	-585.898	11.7877	-5.08161	-580.284	76.7578	-8.42432	-580.874	0.166515	-0.264058	0.950024	0.108108	-0.267555	0.957459	0.166515	-0.00917619	0.985996	0.108108	-0.01063	0.994082	0.166515	-0.00917619	0.985996	0.108108	-0.01063	0.994082	9.58564	-0.525765	6.20659	-0.609065	9.58564	-0.525765	6.20659	-0.609065	226.947	97.007	258.745	92.8644	1266.09	541.183	1443.48	518.072	1357.48	525.868	1	1	1
"
 tid_7188_time_14:18:2:496 DPETW@ "GAZE_LOG_CALI: 666.166	505.779	663.386	511.905	951.417	488.861	947.476	495.247	293.046	496.423	291.18	502.482	576.43	481.841	573.449	488.28	
49.2914	-12.4873	333.635	-29.1674	-384.655	-2.25779	-102.091	-16.4589	52.0715	-18.6131	337.585	-35.5592	-382.785	-8.32113	-99.1095	-22.8985	11.1594	-3.68956	-577.477	75.5658	-6.94315	-578.223	10.9672	-3.73992	-585.274	76.2478	-7.03747	-585.992	11.8441	-5.09632	-580.226	76.8109	-8.4381	-580.869	0.16542	-0.255877	0.952451	0.105431	-0.26225	0.959223	0.16542	-0.000645965	0.986223	0.105431	-0.00504839	0.994414	0.16542	-0.000645965	0.986223	0.105431	-0.00504839	0.994414	9.52162	-0.0370111	6.05206	-0.289253	9.52162	-0.0370111	6.05206	-0.289253	226.36	101.776	257.294	95.9463	1262.82	567.79	1435.39	535.265	1349.71	550.7	1	1	1
"
 tid_7188_time_14:18:2:519 DPETW@ "GAZE_LOG_CALI: 666.207	505.987	663.481	512.092	951.593	489.023	947.663	495.437	293.107	496.679	291.247	502.682	576.588	481.967	573.488	488.397	
49.3856	-12.3005	333.823	-28.9776	-384.588	-2.05734	-102.052	-16.3417	52.1124	-18.4054	337.761	-35.3968	-382.725	-8.06544	-98.9518	-22.7717	11.18	-3.6453	-577.438	75.5823	-6.90598	-578.023	10.9881	-3.69506	-585.236	76.2647	-6.99982	-585.793	11.8539	-5.04358	-580.249	76.8477	-8.4046	-580.845	0.165301	-0.25745	0.952048	0.112623	-0.271375	0.955862	0.165301	-0.00226909	0.986241	0.112623	-0.0147326	0.993528	0.165301	-0.00226909	0.986241	0.112623	-0.0147326	0.993529	9.51472	-0.130009	6.46727	-0.844146	9.51472	-0.130009	6.46727	-0.844146	226.308	100.914	261.369	90.6134	1262.52	562.98	1458.13	505.514	1363.01	530.586	1	1	1
"
 tid_7188_time_14:18:2:541 DPETW@ "GAZE_LOG_CALI: 666.348	506.196	663.642	512.307	951.82	489.157	947.873	495.652	293.161	496.861	291.278	502.881	576.813	482.057	573.64	488.566	
49.5471	-12.0852	334.033	-28.7619	-384.557	-1.85784	-101.9	-16.1723	52.2535	-18.1962	337.988	-35.2629	-382.67	-7.88319	-98.7261	-22.6817	11.213	-3.59721	-577.266	75.6196	-6.86118	-577.943	11.0214	-3.64633	-585.063	76.3026	-6.95443	-585.713	11.8835	-4.99797	-580.135	76.8992	-8.37881	-580.842	0.166335	-0.260791	0.950958	0.116764	-0.278764	0.953235	0.166335	-0.00577904	0.986052	0.116764	-0.02255	0.992904	0.166335	-0.00577904	0.986052	0.116764	-0.02255	0.992904	9.57498	-0.331117	6.70709	-1.29213	9.57498	-0.331117	6.70709	-1.29213	226.916	99.0265	263.757	86.297	1265.92	552.449	1471.45	481.434	1373.36	510.502	1	1	1
"
 tid_7188_time_14:18:2:565 DPETW@ "GAZE_LOG_CALI: 667.128	506.103	664.255	512.288	952.454	489.061	948.354	495.637	293.895	496.785	291.752	502.913	577.393	482.07	574.223	488.528	
50.1598	-12.1043	334.515	-28.7768	-384.082	-1.82605	-101.317	-16.2109	53.0336	-18.2898	338.624	-35.3592	-381.935	-7.95873	-98.1464	-22.6688	11.348	-3.5943	-577.088	75.7469	-6.86829	-578.079	11.1583	-3.6434	-584.886	76.4315	-6.9616	-585.849	12.0598	-5.01614	-580.083	77.0349	-8.38684	-580.778	0.177591	-0.270424	0.94622	0.113817	-0.268809	0.956445	0.177591	-0.0163096	0.983969	0.113817	-0.0121038	0.993428	0.177591	-0.0163096	0.983969	0.113817	-0.0121038	0.993428	10.2309	-0.934511	6.53588	-0.693515	10.2309	-0.934511	6.53588	-0.693515	233.583	93.1192	262.218	92.1055	1303.11	519.494	1462.86	513.838	1388.75	508.996	1	1	1
"
 tid_7188_time_14:18:2:587 DPETW@ "GAZE_LOG_CALI: 667.352	506.214	664.445	512.438	952.822	489.158	948.691	495.787	294.054	496.917	291.954	503.024	577.743	482.112	574.378	488.621	
50.3497	-11.9538	334.853	-28.6271	-383.88	-1.71472	-101.161	-16.1182	53.2579	-18.1787	338.992	-35.2617	-381.775	-7.82694	-97.7961	-22.6268	11.3914	-3.56452	-577.104	75.7919	-6.83793	-577.842	11.2022	-3.6132	-584.901	76.4773	-6.93087	-585.611	12.1087	-4.98763	-580.001	77.1157	-8.37027	-580.753	0.175349	-0.265859	0.94793	0.125015	-0.281853	0.951278	0.175349	-0.011458	0.98444	0.125015	-0.0260405	0.991813	0.175349	-0.011458	0.98444	0.125015	-0.0260405	0.991813	10.0997	-0.65651	7.1841	-1.49218	10.0997	-0.65651	7.1841	-1.49218	232.317	95.8885	268.617	84.3781	1296.05	534.943	1498.56	470.729	1405.41	492.14	1	1	1
"
 tid_7188_time_14:18:2:609 DPETW@ "GAZE_LOG_CALI: 667.539	506.251	664.699	512.511	953.096	489.2	948.981	495.85	294.207	496.92	292.149	503.031	577.907	482.175	574.594	488.709	
50.6041	-11.8814	335.143	-28.564	-383.684	-1.70825	-100.945	-16.0299	53.4439	-18.1419	339.268	-35.2197	-381.622	-7.82349	-97.6322	-22.5642	11.4475	-3.55498	-577.026	75.8449	-6.81944	-577.747	11.259	-3.60354	-584.823	76.5311	-6.91215	-585.516	12.1501	-4.98256	-579.958	77.1591	-8.35619	-580.61	0.173534	-0.268544	0.947507	0.121875	-0.280272	0.952152	0.173534	-0.0141611	0.984726	0.121875	-0.0242866	0.992248	0.173534	-0.0141611	0.984726	0.121875	-0.0242866	0.992248	9.99439	-0.811397	7.00243	-1.39166	9.99439	-0.811397	7.00243	-1.39166	231.307	94.3947	266.871	85.4118	1290.42	526.609	1488.82	476.496	1397.19	491.352	1	1	1
"
 tid_7188_time_14:18:2:631 DPETW@ "GAZE_LOG_CALI: 668.044	506.305	665.225	512.609	953.623	489.415	949.461	495.953	294.498	497.031	292.53	503.171	578.357	482.376	575.152	488.835	
51.13	-11.7838	335.624	-28.4609	-383.302	-1.56812	-100.387	-15.9041	53.949	-18.0874	339.795	-35.0051	-381.331	-7.71311	-97.1825	-22.3626	11.5622	-3.52661	-576.843	75.9677	-6.79412	-577.853	11.3753	-3.5748	-584.64	76.6555	-6.88646	-585.622	12.259	-4.96122	-579.677	77.2655	-8.30686	-580.507	0.169003	-0.265149	0.949281	0.114136	-0.265801	0.957247	0.169003	-0.0104222	0.98556	0.114136	-0.00899051	0.993424	0.169003	-0.0104222	0.98556	0.114136	-0.00899051	0.993424	9.73041	-0.597158	6.55408	-0.515125	9.73041	-0.597158	6.55408	-0.515125	228.756	96.5874	262.598	93.9811	1276.18	538.842	1464.98	524.302	1374.18	526.761	1	1	1
"
 tid_7188_time_14:18:2:654 DPETW@ "GAZE_LOG_CALI: 668.322	506.389	665.41	512.622	953.977	489.632	949.903	496.129	294.8	497.076	292.67	503.242	578.638	482.583	575.421	489.054	
51.3149	-11.7698	336.067	-28.2851	-383.163	-1.49684	-100.119	-15.6843	54.2275	-18.0031	340.15	-34.7876	-381.028	-7.66768	-96.901	-22.1563	11.6029	-3.51645	-576.782	76.0375	-6.74633	-577.621	11.4164	-3.56451	-584.58	76.7265	-6.83805	-585.39	12.323	-4.94645	-579.711	77.3334	-8.2569	-580.41	0.17631	-0.268776	0.946929	0.116409	-0.272153	0.955187	0.17631	-0.0145346	0.984227	0.116409	-0.0156592	0.993078	0.17631	-0.0145346	0.984227	0.116409	-0.0156592	0.993078	10.156	-0.832798	6.6857	-0.89724	10.156	-0.832798	6.6857	-0.89724	233.042	94.2838	263.938	90.3571	1300.09	525.991	1472.46	504.084	1392.43	506.882	1	1	1
"
 tid_7188_time_14:18:2:677 DPETW@ "GAZE_LOG_CALI: 668.414	506.442	665.527	512.693	954.212	489.761	950.086	496.244	294.825	497.182	292.72	503.332	578.842	482.66	575.52	489.225	
51.4327	-11.6997	336.25	-28.1699	-383.112	-1.40695	-100.019	-15.5138	54.3197	-17.9505	340.386	-34.6584	-381.003	-7.56134	-96.6971	-22.0787	11.6279	-3.49775	-576.689	76.0639	-6.71248	-577.504	11.4418	-3.54556	-584.487	76.7534	-6.80376	-585.273	12.3422	-4.92754	-579.618	77.3816	-8.23262	-580.371	0.175153	-0.268847	0.947123	0.122095	-0.277746	0.952864	0.175153	-0.0145531	0.984434	0.122095	-0.0216625	0.992282	0.175153	-0.0145531	0.984434	0.122095	-0.0216625	0.992282	10.0887	-0.833858	7.01467	-1.24127	10.0887	-0.833858	7.01467	-1.24127	232.378	94.3186	267.188	87.0541	1296.39	526.185	1490.59	485.658	1401.01	495.966	1	1	1
"
 tid_7188_time_14:18:2:700 DPETW@ "GAZE_LOG_CALI: 668.611	506.673	665.602	512.9	954.31	490.006	950.205	496.509	294.811	497.38	292.722	503.52	578.883	482.914	575.533	489.459	
51.5071	-11.4919	336.37	-27.9044	-383.11	-1.21836	-100.007	-15.2801	54.5167	-17.7196	340.484	-34.4136	-381.017	-7.36331	-96.6562	-21.8253	11.6424	-3.45231	-576.598	76.072	-6.65423	-577.361	11.4564	-3.49951	-584.395	76.7618	-6.74474	-585.13	12.3809	-4.87647	-579.336	77.3934	-8.17467	-580.292	0.173634	-0.258608	0.950249	0.124224	-0.281264	0.951556	0.173634	-0.0038535	0.984803	0.124224	-0.0253998	0.991929	0.173634	-0.0038535	0.984803	0.124224	-0.0253998	0.991929	9.99926	-0.22079	7.13826	-1.45546	9.99926	-0.22079	7.13826	-1.45546	231.485	100.427	268.398	85.0537	1291.41	560.261	1497.34	474.498	1400.98	508.829	1	1	1
"
 tid_7188_time_14:18:2:723 DPETW@ "GAZE_LOG_CALI: 668.588	506.717	665.595	512.884	954.36	490.062	950.239	496.575	294.801	497.414	292.65	503.489	578.873	482.954	575.536	489.484	
51.4999	-11.5084	336.403	-27.8385	-383.182	-1.24991	-100.003	-15.2543	54.493	-17.6753	340.534	-34.357	-381.027	-7.32922	-96.6656	-21.7846	11.6393	-3.45733	-576.506	76.0747	-6.64349	-577.329	11.4533	-3.5046	-584.303	76.7646	-6.73386	-585.098	12.3756	-4.86774	-579.359	77.394	-8.16246	-580.21	0.17701	-0.261603	0.948805	0.122659	-0.27839	0.952604	0.17701	-0.00712058	0.984183	0.122659	-0.0223516	0.992197	0.17701	-0.00712058	0.984183	0.122659	-0.0223516	0.992197	10.1959	-0.407983	7.04733	-1.28076	10.1959	-0.407983	7.04733	-1.28076	233.433	98.6008	267.502	86.7833	1302.28	550.074	1492.34	484.147	1404.18	508.273	1	1	1
"
 tid_7188_time_14:18:2:745 DPETW@ "GAZE_LOG_CALI: 668.684	506.738	665.706	512.957	954.488	490.152	950.401	496.754	294.745	497.458	292.643	503.535	578.961	483.071	575.657	489.653	
51.6115	-11.4349	336.566	-27.6599	-383.189	-1.20407	-99.8826	-15.0853	54.5896	-17.6541	340.662	-34.2672	-381.083	-7.28509	-96.5783	-21.6683	11.6611	-3.44298	-576.351	76.1039	-6.60327	-577.269	11.4753	-3.49007	-584.149	76.7942	-6.69311	-585.038	12.3933	-4.85874	-579.156	77.4161	-8.13817	-580.159	0.174587	-0.260316	0.949608	0.121292	-0.281869	0.951755	0.174587	-0.00566952	0.984625	0.121292	-0.0259317	0.992278	0.174587	-0.00566952	0.984625	0.121292	-0.0259317	0.992278	10.0548	-0.324841	6.96905	-1.48594	10.0548	-0.324841	6.96905	-1.48594	232.018	99.4761	266.756	84.8367	1294.38	554.957	1488.18	473.287	1397.91	505.423	1	1	1
"
 tid_7188_time_14:18:2:767 DPETW@ "GAZE_LOG_CALI: 668.665	506.766	665.751	512.947	954.615	490.184	950.46	496.779	294.702	497.41	292.603	503.561	579.011	483.084	575.67	489.655	
51.656	-11.4454	336.625	-27.6347	-383.229	-1.17792	-99.8692	-15.0838	54.5707	-17.6268	340.79	-34.2356	-381.126	-7.33329	-96.5276	-21.6546	11.669	-3.44061	-576.237	76.1092	-6.59957	-577.207	11.4833	-3.48767	-584.035	76.7997	-6.68937	-584.976	12.3886	-4.86091	-579.12	77.4313	-8.13154	-580.053	0.174675	-0.264954	0.948308	0.122212	-0.279044	0.95247	0.174675	-0.0104853	0.98457	0.122212	-0.0230186	0.992237	0.174675	-0.0104853	0.98457	0.122212	-0.0230186	0.992237	10.0603	-0.600773	7.02164	-1.31898	10.0603	-0.600773	7.02164	-1.31898	232.061	96.7927	267.272	86.4876	1294.62	539.987	1491.05	482.497	1399.84	502.039	1	1	1
"
 tid_7188_time_14:18:2:790 DPETW@ "GAZE_LOG_CALI: 668.693	506.761	665.807	512.938	954.702	490.215	950.514	496.763	294.676	497.422	292.571	503.566	578.998	483.123	575.698	489.672	
51.7122	-11.4541	336.679	-27.6506	-383.261	-1.17209	-99.8418	-15.0668	54.5984	-17.6312	340.876	-34.2046	-381.152	-7.32092	-96.5406	-21.6162	11.679	-3.44034	-576.123	76.1167	-6.59899	-577.169	11.4935	-3.48741	-583.921	76.8073	-6.68878	-584.938	12.3934	-4.85945	-579.047	77.4336	-8.12193	-579.926	0.174991	-0.266788	0.947735	0.119283	-0.272966	0.9546	0.174991	-0.0124055	0.984492	0.119283	-0.0165964	0.992722	0.174991	-0.0124055	0.984492	0.119283	-0.0165964	0.992722	10.0789	-0.710804	6.85166	-0.950949	10.0789	-0.710804	6.85166	-0.950949	232.238	95.7404	265.603	90.0969	1295.61	534.117	1481.75	502.633	1394.74	510.437	1	1	1
"
 tid_7188_time_14:18:2:811 DPETW@ "GAZE_LOG_CALI: 668.815	506.772	665.908	512.975	954.905	490.241	950.703	496.856	294.605	497.474	292.533	503.605	579.074	483.228	575.801	489.765	
51.813	-11.4171	336.869	-27.5571	-383.3	-1.13394	-99.7381	-14.9734	54.7208	-17.6205	341.08	-34.1785	-381.224	-7.269	-96.4644	-21.5106	11.6981	-3.43084	-575.936	76.1445	-6.57645	-577.055	11.5127	-3.4778	-583.734	76.8356	-6.66595	-584.823	12.4155	-4.85037	-578.793	77.4573	-8.10455	-579.759	0.17337	-0.263606	0.948923	0.117284	-0.27138	0.9553	0.17337	-0.00902417	0.984815	0.117284	-0.0148835	0.992987	0.17337	-0.00902417	0.984815	0.117284	-0.0148835	0.992987	9.98425	-0.517054	6.73612	-0.852796	9.98425	-0.517054	6.73612	-0.852796	231.28	97.7079	264.483	91.1106	1290.27	545.093	1475.5	508.288	1387.79	520.271	1	1	1
"
 tid_7188_time_14:18:2:834 DPETW@ "GAZE_LOG_CALI: 668.931	506.944	666.043	513.152	955.139	490.397	950.966	497.038	294.719	497.608	292.499	503.796	579.205	483.425	575.921	489.933	
51.9485	-11.2398	337.132	-27.3755	-383.333	-0.942265	-99.6187	-14.8057	54.8368	-17.448	341.314	-34.0218	-381.109	-7.13529	-96.3342	-21.3136	11.7243	-3.38787	-575.707	76.1787	-6.53464	-576.863	11.5392	-3.43425	-583.505	76.8705	-6.62361	-584.632	12.4416	-4.81544	-578.793	77.492	-8.06224	-579.619	0.180746	-0.276651	0.943819	0.118338	-0.273923	0.954443	0.180746	-0.0229459	0.983262	0.118338	-0.0175614	0.992818	0.180746	-0.0229459	0.983262	0.118338	-0.0175614	0.992818	10.416	-1.31482	6.79724	-1.00625	10.416	-1.31482	6.79724	-1.00625	235.585	89.9495	265.098	89.7053	1314.28	501.81	1478.93	500.448	1404.8	490.266	1	1	1
"
 tid_7188_time_14:18:2:857 DPETW@ "GAZE_LOG_CALI: 669.007	507.149	666.156	513.459	955.228	490.758	951.153	497.318	294.625	497.856	292.527	504.067	579.2	483.734	575.979	490.307	
52.0608	-10.9333	337.32	-27.0947	-383.305	-0.671362	-99.5601	-14.4313	54.9124	-17.2439	341.404	-33.6612	-381.203	-6.88672	-96.3384	-21.0045	11.7474	-3.3219	-575.592	76.1982	-6.45842	-576.692	11.5626	-3.3674	-583.39	76.8905	-6.54638	-584.461	12.4538	-4.76227	-578.567	77.4951	-7.9842	-579.487	0.174781	-0.273543	0.945846	0.116004	-0.275858	0.954172	0.174781	-0.0194196	0.984416	0.116004	-0.0195006	0.993057	0.174781	-0.0194196	0.984416	0.116004	-0.0195006	0.993057	10.0679	-1.11273	6.66284	-1.11737	10.0679	-1.11273	6.66284	-1.11737	232.111	92.0478	263.781	88.7458	1294.9	513.516	1471.58	495.095	1390.07	495.018	1	1	1
"
 tid_7188_time_14:18:2:879 DPETW@ "GAZE_LOG_CALI: 669.11	507.467	666.235	513.783	955.447	491.075	951.361	497.739	294.559	498.218	292.489	504.402	579.295	484.07	576.09	490.622	
52.1404	-10.6091	337.528	-26.6743	-383.343	-0.335864	-99.4496	-14.1167	55.016	-16.9255	341.622	-33.3435	-381.269	-6.52483	-96.2442	-20.6692	11.7619	-3.24649	-575.436	76.2278	-6.37363	-576.559	11.5773	-3.29096	-583.233	76.9206	-6.46044	-584.327	12.4723	-4.68322	-578.341	77.5226	-7.9076	-579.326	0.173288	-0.269562	0.947263	0.114869	-0.276115	0.954236	0.173288	-0.0152069	0.984754	0.114869	-0.0197324	0.993185	0.173288	-0.0152069	0.984754	0.114869	-0.0197324	0.993185	9.98019	-0.871322	6.59735	-1.13066	9.98019	-0.871322	6.59735	-1.13066	231.227	94.5405	263.156	88.7374	1289.97	527.423	1468.1	495.048	1384.95	503.208	1	1	1
"
 tid_7188_time_14:18:2:902 DPETW@ "GAZE_LOG_CALI: 669.241	507.839	666.369	514.049	955.76	491.399	951.54	498.078	294.536	498.575	292.404	504.675	579.426	484.369	576.16	490.915	
52.2738	-10.3433	337.707	-26.3342	-383.429	-0.0630681	-99.3791	-13.824	55.1462	-16.553	341.937	-33.0192	-381.293	-6.16738	-96.113	-20.3702	11.786	-3.18417	-575.144	76.2488	-6.30034	-576.412	11.6015	-3.22781	-582.941	76.9421	-6.38619	-584.181	12.4975	-4.5987	-578.131	77.5612	-7.83329	-579.079	0.176331	-0.269792	0.946636	0.115934	-0.271013	0.955569	0.176331	-0.0155917	0.984208	0.115934	-0.0144589	0.993152	0.176331	-0.0155917	0.984208	0.115934	-0.0144589	0.993152	10.1574	-0.893377	6.6582	-0.82846	10.1574	-0.893377	6.6582	-0.82846	232.973	94.4597	263.76	91.7938	1299.71	526.972	1471.47	512.099	1391.3	512.006	1	1	1
"
 tid_7188_time_14:18:2:925 DPETW@ "GAZE_LOG_CALI: 669.292	508.251	666.434	514.543	955.896	491.865	951.755	498.447	294.5	498.909	292.464	505.131	579.412	484.838	576.252	491.49	
52.3394	-9.84904	337.923	-25.9653	-383.369	0.393771	-99.2868	-13.2485	55.1976	-16.1417	342.073	-32.5529	-381.328	-5.83353	-96.1268	-19.9007	11.8003	-3.07655	-575.135	76.2754	-6.19148	-576.249	11.6161	-3.11872	-582.933	76.9693	-6.27586	-584.018	12.5068	-4.51319	-578.01	77.5649	-7.72419	-578.878	0.171498	-0.268482	0.947895	0.11085	-0.26954	0.956588	0.171498	-0.0140007	0.985085	0.11085	-0.0127721	0.993755	0.171498	-0.0140007	0.985085	0.11085	-0.0127721	0.993755	9.8759	-0.80221	6.36483	-0.731809	9.8759	-0.80221	6.36483	-0.731809	230.183	95.4699	260.897	92.8905	1284.15	532.607	1455.49	518.218	1373.87	519.925	1	1	1
"
 tid_7188_time_14:18:2:947 DPETW@ "GAZE_LOG_CALI: 669.446	508.767	666.507	514.986	956.137	492.398	952.033	499.085	294.325	499.4	292.332	505.61	579.479	485.369	576.286	491.952	
52.412	-9.4061	338.201	-25.3273	-383.5	0.873425	-99.2529	-12.7865	55.3517	-15.6256	342.314	-32.0191	-381.504	-5.34164	-96.0601	-19.3703	11.811	-2.97107	-574.859	76.2946	-6.06358	-575.915	11.6268	-3.01181	-582.657	76.9892	-6.14627	-583.684	12.5317	-4.39576	-577.576	77.5881	-7.60005	-578.641	0.169351	-0.259017	0.95091	0.113388	-0.275212	0.954673	0.169351	-0.00407733	0.985547	0.113388	-0.0187471	0.993374	0.169351	-0.00407733	0.985547	0.113388	-0.0187471	0.993374	9.75017	-0.233614	6.5118	-1.07419	9.75017	-0.233614	6.5118	-1.07419	228.9	101.23	262.324	89.7698	1276.99	564.74	1463.45	500.808	1373.7	528.134	1	1	1
"
 tid_7188_time_14:18:2:969 DPETW@ "GAZE_LOG_CALI: 669.507	509.222	666.643	515.479	956.272	492.947	952.187	499.473	294.289	499.846	292.348	505.983	579.654	485.81	576.379	492.459	
52.5481	-8.91317	338.355	-24.9381	-383.485	1.24609	-99.1599	-12.2796	55.4125	-15.1709	342.449	-31.4706	-381.54	-4.89595	-95.8843	-18.9291	11.8385	-2.87254	-574.694	76.3182	-5.9612	-575.834	11.6546	-2.91194	-582.491	77.0131	-6.0425	-583.602	12.5428	-4.29263	-577.442	77.6254	-7.48795	-578.69	0.167273	-0.260047	0.950997	0.118735	-0.280301	0.952541	0.167273	-0.00505036	0.985898	0.118735	-0.0242145	0.992631	0.167273	-0.00505036	0.985898	0.118735	-0.0242145	0.992631	9.62943	-0.289366	6.82109	-1.38752	9.62943	-0.289366	6.82109	-1.38752	227.704	100.824	265.374	86.8323	1270.32	562.476	1480.47	484.42	1380.01	517.259	1	1	1
"
 tid_7188_time_14:18:2:999 DPETW@ "GAZE_LOG_CALI: 669.845	509.608	666.94	515.853	956.718	493.445	952.512	500.028	294.285	500.304	292.332	506.532	579.804	486.312	576.471	492.962	
52.8449	-8.53883	338.681	-24.383	-383.501	1.79578	-99.0678	-11.7765	55.7503	-14.7847	342.896	-30.9713	-381.544	-4.43707	-95.7342	-18.4263	11.8964	-2.76631	-574.28	76.3501	-5.8383	-575.518	11.7132	-2.80429	-582.078	77.0458	-5.91797	-583.286	12.6088	-4.19367	-576.996	77.674	-7.36906	-578.301	0.167596	-0.259992	0.950955	0.120113	-0.277447	0.953203	0.167596	-0.00500719	0.985843	0.120113	-0.021286	0.992532	0.167596	-0.00500719	0.985843	0.120113	-0.021286	0.992532	9.64819	-0.286892	6.9002	-1.21969	9.64819	-0.286892	6.9002	-1.21969	227.886	101.061	266.15	88.6738	1271.33	563.797	1484.8	494.693	1382.4	523.538	1	1	1
"
 tid_7188_time_14:18:3:21 DPETW@ "GAZE_LOG_CALI: 670.036	509.765	667.19	515.955	957.023	493.573	952.919	500.203	294.391	500.365	292.382	506.58	579.987	486.505	576.652	493.098	
53.095	-8.43733	339.088	-24.2076	-383.451	1.84394	-98.8874	-11.6406	55.9411	-14.6271	343.202	-30.8435	-381.438	-4.37608	-95.5519	-18.2335	11.9472	-2.74827	-574.017	76.4021	-5.80006	-575.218	11.7646	-2.78601	-581.815	77.099	-5.87925	-582.987	12.6501	-4.16802	-576.877	77.7214	-7.33044	-578.138	0.170193	-0.265617	0.948937	0.122078	-0.28461	0.950839	0.170193	-0.0109638	0.98535	0.122078	-0.0288168	0.992102	0.170193	-0.0109638	0.98535	0.122078	-0.0288168	0.992102	9.79966	-0.628193	7.01496	-1.65131	9.79966	-0.628193	7.01496	-1.65131	229.401	97.802	267.294	84.5877	1279.78	545.618	1491.18	471.898	1392.11	499.863	1	1	1
"
 tid_7188_time_14:18:3:43 DPETW@ "GAZE_LOG_CALI: 670.46	509.683	667.542	515.889	957.492	493.587	953.377	500.218	294.728	500.314	292.695	506.484	580.322	486.592	577.231	493.134	
53.4472	-8.50313	339.548	-24.1933	-383.137	1.74807	-98.3078	-11.6047	56.3657	-14.7091	343.672	-30.8294	-381.1	-4.42671	-95.2167	-18.1468	12.0254	-2.76605	-573.973	76.5277	-5.79547	-575.388	11.8438	-2.80404	-581.771	77.226	-5.87457	-583.156	12.7437	-4.18199	-576.766	77.8043	-7.31652	-577.964	0.170801	-0.261537	0.949961	0.106707	-0.266046	0.958036	0.170801	-0.00675792	0.985282	0.106707	-0.00902286	0.99425	0.170801	-0.00675792	0.985282	0.106707	-0.00902286	0.99425	9.83461	-0.387203	6.12577	-0.516979	9.83461	-0.387203	6.12577	-0.516979	229.819	100.157	258.734	95.6021	1282.12	558.758	1443.43	533.345	1364.67	543.539	1	1	1
"
 tid_7188_time_14:18:3:67 DPETW@ "GAZE_LOG_CALI: 670.893	509.608	668.034	515.794	957.992	493.558	953.897	500.242	295.05	500.265	293.081	506.415	580.814	486.494	577.506	493.095	
53.9395	-8.59817	340.069	-24.169	-382.75	1.67914	-98.0333	-11.6435	56.7988	-14.7844	344.173	-30.8586	-380.777	-4.47639	-94.7247	-18.2451	12.1333	-2.7836	-573.837	76.602	-5.79374	-575.059	11.9532	-2.82184	-581.634	77.3017	-5.87286	-582.827	12.838	-4.19495	-576.632	77.9169	-7.33051	-577.957	0.16813	-0.260914	0.950608	0.120133	-0.284657	0.951072	0.16813	-0.00598796	0.985747	0.120133	-0.0288021	0.99234	0.16813	-0.00598796	0.985747	0.120133	-0.0288021	0.99234	9.67927	-0.343087	6.90263	-1.65047	9.67927	-0.343087	6.90263	-1.65047	228.361	100.61	266.377	84.6516	1273.98	561.284	1486.07	472.254	1385.55	509.363	1	1	1
"
 tid_7188_time_14:18:3:89 DPETW@ "GAZE_LOG_CALI: 671.447	509.497	668.484	515.653	958.495	493.581	954.364	500.156	295.505	500.038	293.518	506.311	581.343	486.462	578.148	493.121	
54.3895	-8.7388	340.537	-24.2549	-382.312	1.57419	-97.3909	-11.6171	57.3523	-14.8957	344.677	-30.8361	-380.322	-4.70282	-94.1956	-18.2766	12.2339	-2.81087	-573.831	76.7391	-5.80214	-575.3	12.0552	-2.84948	-581.629	77.4403	-5.88134	-583.068	12.961	-4.23196	-576.499	78.0362	-7.33153	-577.995	0.168083	-0.256522	0.951811	0.11221	-0.273115	0.955415	0.168083	-0.00143419	0.985772	0.11221	-0.0165293	0.993547	0.168083	-0.00143419	0.985772	0.11221	-0.0165293	0.993547	9.67641	-0.0821732	6.44359	-0.947101	9.67641	-0.0821732	6.44359	-0.947101	228.433	103.14	262.047	91.4328	1274.38	575.397	1461.91	510.085	1370.67	539.423	1	1	1
"
 tid_7188_time_14:18:3:112 DPETW@ "GAZE_LOG_CALI: 671.895	509.338	668.996	515.613	959.002	493.556	954.894	500.191	295.973	500.024	293.898	506.233	581.85	486.45	578.473	493.118	
54.9016	-8.77915	341.068	-24.2197	-381.932	1.49646	-97.0658	-11.6209	57.8009	-15.0543	345.185	-30.8609	-379.852	-4.71759	-93.6881	-18.2888	12.3457	-2.82309	-573.658	76.8229	-5.79574	-575.031	12.1684	-2.86189	-581.456	77.5256	-5.87489	-582.799	13.0623	-4.25142	-576.542	78.1518	-7.33532	-578	0.17243	-0.268034	0.947853	0.123861	-0.288868	0.949323	0.17243	-0.013578	0.984928	0.123861	-0.0333224	0.99174	0.17243	-0.013578	0.984928	0.123861	-0.0333224	0.99174	9.93005	-0.777985	7.11896	-1.90959	9.93005	-0.777985	7.11896	-1.90959	231.037	96.3555	268.719	82.1257	1288.91	537.548	1499.13	458.163	1402.28	486.776	1	1	1
"
 tid_7188_time_14:18:3:134 DPETW@ "GAZE_LOG_CALI: 672.595	509.402	669.531	515.609	959.653	493.702	955.416	500.216	296.655	500.034	294.495	506.289	582.449	486.703	579.081	493.273	
55.4368	-8.78318	341.591	-24.1951	-381.333	1.55232	-96.4575	-11.4654	58.5005	-14.9906	345.838	-30.7148	-379.169	-4.70748	-93.0893	-18.0361	12.4678	-2.81707	-573.748	76.9564	-5.77589	-575.149	12.2922	-2.85578	-581.546	77.6608	-5.85476	-582.917	13.2205	-4.24227	-576.518	78.2905	-7.2886	-577.933	0.17523	-0.261722	0.949103	0.120535	-0.274475	0.95401	0.17523	-0.00715837	0.984502	0.120535	-0.0182066	0.992542	0.17523	-0.00715837	0.984502	0.120535	-0.0182066	0.992542	10.0923	-0.410148	6.92413	-1.04322	10.0923	-0.410148	6.92413	-1.04322	232.791	99.9393	266.958	90.5553	1298.7	557.541	1489.31	505.19	1399.38	524.571	1	1	1
"
 tid_7188_time_14:18:3:156 DPETW@ "GAZE_LOG_CALI: 672.91	509.434	669.823	515.645	959.897	493.883	955.581	500.359	296.946	500.163	294.691	506.323	582.705	486.78	579.239	493.414	
55.7288	-8.74736	341.756	-24.0524	-381.137	1.58622	-96.2992	-11.3248	58.8159	-14.9588	346.082	-30.5342	-378.877	-4.57828	-92.8332	-17.9589	12.5302	-2.80852	-573.632	76.9924	-5.74363	-575.14	12.3555	-2.84712	-581.43	77.6973	-5.82205	-582.907	13.2908	-4.22356	-576.494	78.348	-7.25929	-577.948	0.17957	-0.264257	0.947588	0.125035	-0.276149	0.952947	0.17957	-0.00999928	0.983694	0.125035	-0.0200984	0.991949	0.17957	-0.00999928	0.983694	0.125035	-0.0200984	0.991949	10.3453	-0.572926	7.18422	-1.15163	10.3453	-0.572926	7.18422	-1.15163	235.355	98.3787	269.546	89.5276	1313	548.835	1503.74	499.456	1415.56	515.231	1	1	1
"
 tid_7188_time_14:18:3:178 DPETW@ "GAZE_LOG_CALI: 673.123	509.459	670.08	515.704	960.135	493.922	955.935	500.445	297.136	500.189	294.945	506.323	582.994	486.851	579.486	493.446	
55.9855	-8.68858	342.111	-23.9663	-380.882	1.58698	-96.0524	-11.2921	59.0289	-14.9338	346.321	-30.4951	-378.687	-4.55174	-92.5442	-17.8875	12.5882	-2.80158	-573.627	77.0536	-5.72867	-575.001	12.4142	-2.84008	-581.425	77.7595	-5.8069	-582.768	13.3376	-4.21742	-576.476	78.4114	-7.24732	-578.02	0.176898	-0.263862	0.9482	0.13025	-0.287795	0.948793	0.176898	-0.00945917	0.984184	0.13025	-0.0324229	0.990951	0.176898	-0.00945917	0.984184	0.13025	-0.0324229	0.990951	10.1896	-0.541979	7.48799	-1.85802	10.1896	-0.541979	7.48799	-1.85802	233.862	98.6928	272.574	82.6873	1304.67	550.588	1520.64	461.296	1421.82	494.31	1	1	1
"
 tid_7188_time_14:18:3:201 DPETW@ "GAZE_LOG_CALI: 673.224	509.46	670.237	515.667	960.288	493.944	956.069	500.431	297.232	500.213	295.091	506.312	583.127	486.867	579.675	493.433	
56.1429	-8.72563	342.245	-23.9801	-380.737	1.57513	-95.8639	-11.3051	59.1296	-14.9324	346.474	-30.4733	-378.591	-4.52807	-92.4112	-17.8713	12.6235	-2.80687	-573.609	77.0935	-5.73219	-575.07	12.45	-2.84545	-581.407	77.7999	-5.81046	-582.838	13.3607	-4.2144	-576.463	78.4424	-7.24253	-577.99	0.174782	-0.262753	0.9489	0.126088	-0.281007	0.951387	0.174782	-0.00820662	0.984573	0.126088	-0.0251951	0.991699	0.174782	-0.00820662	0.984573	0.126088	-0.0251951	0.991699	10.0663	-0.47021	7.24592	-1.44373	10.0663	-0.47021	7.24592	-1.44373	232.667	99.3979	270.246	86.7109	1298	554.521	1507.65	483.743	1409.98	510.072	1	1	1
"
 tid_7188_time_14:18:3:224 DPETW@ "GAZE_LOG_CALI: 673.374	509.476	670.373	515.663	960.452	493.968	956.291	500.43	297.384	500.215	295.235	506.372	583.249	486.9	579.939	493.472	
56.2786	-8.7296	342.468	-23.9809	-380.592	1.63548	-95.5996	-11.2667	59.2798	-14.9169	346.638	-30.4488	-378.439	-4.52575	-92.2889	-17.839	12.6544	-2.8004	-573.62	77.1517	-5.72828	-575.134	12.4813	-2.83889	-581.417	77.8587	-5.80649	-582.902	13.3944	-4.21229	-576.471	78.4726	-7.23539	-577.942	0.175118	-0.263408	0.948657	0.118115	-0.274913	0.954186	0.175118	-0.00890195	0.984507	0.118115	-0.018584	0.992826	0.175118	-0.00890195	0.984507	0.118115	-0.018584	0.992826	10.0859	-0.510051	6.78451	-1.06485	10.0859	-0.510051	6.78451	-1.06485	232.896	99.0107	265.788	90.3982	1299.28	552.361	1482.78	504.313	1396.42	521.43	1	1	1
"
 tid_7188_time_14:18:3:246 DPETW@ "GAZE_LOG_CALI: 673.503	509.494	670.493	515.721	960.671	493.939	956.378	500.419	297.45	500.198	295.332	506.417	583.409	486.905	580.086	493.497	
56.3986	-8.67155	342.555	-23.9921	-380.495	1.68038	-95.4525	-11.2412	59.4086	-14.8982	346.857	-30.4777	-378.373	-4.54288	-92.1293	-17.834	12.6807	-2.78858	-573.59	77.1818	-5.72723	-575.21	12.508	-2.82691	-581.388	77.8892	-5.80542	-582.977	13.4217	-4.21152	-576.389	78.5118	-7.23702	-577.865	0.173475	-0.262896	0.949101	0.116465	-0.26781	0.956407	0.173475	-0.00829254	0.984803	0.116465	-0.0111485	0.993132	0.173475	-0.00829254	0.984803	0.116465	-0.0111485	0.993132	9.99029	-0.475133	6.68856	-0.638778	9.99029	-0.475133	6.68856	-0.638778	231.966	99.3737	264.887	94.5261	1294.09	554.386	1477.75	527.342	1389.87	535.867	1	1	1
"
 tid_7188_time_14:18:3:269 DPETW@ "GAZE_LOG_CALI: 673.874	509.511	670.853	515.748	961.019	493.978	956.805	500.435	297.826	500.226	295.515	506.395	583.779	486.87	580.351	493.469	
56.7587	-8.64415	342.983	-23.9761	-380.312	1.65881	-95.187	-11.269	59.7795	-14.8813	347.206	-30.4386	-377.996	-4.51542	-91.7589	-17.8684	12.7564	-2.78679	-573.362	77.2498	-5.72634	-574.998	12.5846	-2.8251	-581.16	77.9583	-5.80454	-582.766	13.5059	-4.2062	-576.398	78.5951	-7.23653	-577.895	0.182678	-0.273867	0.944259	0.124435	-0.279852	0.951945	0.182678	-0.0201427	0.982966	0.124435	-0.023935	0.991939	0.182678	-0.0201427	0.982966	0.124435	-0.023935	0.991939	10.5279	-1.15417	7.1502	-1.37151	10.5279	-1.15417	7.1502	-1.37151	237.359	92.766	269.456	87.4434	1324.18	517.523	1503.24	487.829	1423.27	490.513	1	1	1
"
 tid_7188_time_14:18:3:293 DPETW@ "GAZE_LOG_CALI: 674.119	509.674	671.141	515.82	961.282	494.04	957.093	500.627	297.963	500.308	295.687	506.44	583.994	486.961	580.557	493.556	
57.0462	-8.57225	343.271	-23.784	-380.139	1.70389	-94.9811	-11.1823	60.025	-14.7186	347.47	-30.3772	-377.858	-4.43353	-91.5438	-17.7781	12.8176	-2.77281	-573.213	77.3002	-5.69365	-574.888	12.6467	-2.81095	-581.011	78.0096	-5.77142	-582.655	13.5582	-4.17742	-576.254	78.646	-7.21828	-577.827	0.181119	-0.271511	0.94524	0.125261	-0.284786	0.950372	0.181119	-0.0176132	0.983303	0.125261	-0.0291083	0.991697	0.181119	-0.0176132	0.983303	0.125261	-0.0291083	0.991697	10.4366	-1.00922	7.19891	-1.66802	10.4366	-1.00922	7.19891	-1.66802	236.484	94.2461	269.973	84.6168	1319.3	525.78	1506.13	472.06	1422.51	486.338	1	1	1
"
 tid_7188_time_14:18:3:317 DPETW@ "GAZE_LOG_CALI: 674.274	509.745	671.269	515.905	961.5	494.097	957.306	500.755	298.039	500.413	295.867	506.527	584.169	487.034	580.805	493.683	
57.1747	-8.48692	343.485	-23.6557	-379.959	1.79081	-94.7332	-11.0551	60.1799	-14.6478	347.689	-30.3196	-377.783	-4.32795	-91.3691	-17.7043	12.848	-2.75353	-573.28	77.3548	-5.66502	-574.938	12.6775	-2.79139	-581.078	78.0648	-5.74239	-582.706	13.5905	-4.15668	-576.152	78.6878	-7.20253	-577.773	0.175823	-0.262919	0.948662	0.12024	-0.281793	0.951911	0.175823	-0.00842863	0.984386	0.12024	-0.0258182	0.992409	0.175823	-0.00842863	0.984386	0.12024	-0.0258182	0.992409	10.1269	-0.482931	6.90829	-1.47944	10.1269	-0.482931	6.90829	-1.47944	233.443	99.4123	267.186	86.4764	1302.33	554.601	1490.58	482.434	1403.13	509.932	1	1	1
"
 tid_7188_time_14:18:3:339 DPETW@ "GAZE_LOG_CALI: 674.533	510.012	671.497	516.117	961.911	494.371	957.629	500.957	298.243	500.618	296.117	506.717	584.408	487.302	581.076	493.874	
57.4025	-8.27555	343.808	-23.4538	-379.708	1.98068	-94.4628	-10.8641	60.4391	-14.3808	348.1	-30.0458	-377.578	-4.12305	-91.1297	-17.4369	12.8997	-2.70823	-573.315	77.4183	-5.61974	-574.87	12.7299	-2.74547	-581.113	78.1293	-5.6965	-582.638	13.6477	-4.10257	-576.076	78.7502	-7.13817	-577.547	0.173275	-0.256216	0.950962	0.116557	-0.270642	0.955598	0.173275	-0.00135903	0.984873	0.116557	-0.0140936	0.993084	0.173275	-0.00135903	0.984873	0.116557	-0.0140936	0.993084	9.97832	-0.0778667	6.69408	-0.807531	9.97832	-0.0778667	6.69408	-0.807531	232.026	103.416	265.146	93.0815	1294.43	576.937	1479.2	519.283	1390.22	543.86	1	1	1
"
 tid_7188_time_14:18:3:362 DPETW@ "GAZE_LOG_CALI: 674.681	510.177	671.552	516.392	962.013	494.664	957.823	501.178	298.231	500.878	296.044	506.982	584.484	487.515	581.11	494.2	
57.4579	-8.00034	344.003	-23.2324	-379.782	2.24627	-94.4285	-10.5384	60.5873	-14.2157	348.202	-29.7522	-377.59	-3.86242	-91.0537	-17.224	12.9087	-2.64662	-573.135	77.4331	-5.55584	-574.653	12.739	-2.68302	-580.933	78.1446	-5.63176	-582.42	13.6757	-4.05298	-575.87	78.7682	-7.08017	-577.508	0.175806	-0.257116	0.950254	0.120889	-0.280755	0.952136	0.175806	-0.00241135	0.984422	0.120889	-0.0247577	0.992357	0.175806	-0.00241135	0.984422	0.120889	-0.0247577	0.992357	10.1256	-0.13816	6.94556	-1.41866	10.1256	-0.13816	6.94556	-1.41866	233.472	102.932	267.601	87.2538	1302.49	574.239	1492.89	486.772	1403.44	523.292	1	1	1
"
 tid_7188_time_14:18:3:384 DPETW@ "GAZE_LOG_CALI: 674.705	510.321	671.598	516.56	962.071	494.788	957.87	501.302	298.164	501.041	296.038	507.146	584.437	487.821	581.077	494.375	
57.5034	-7.83255	344.05	-23.1083	-379.788	2.40991	-94.4616	-10.3633	60.6113	-14.0714	348.261	-29.6282	-377.657	-3.69914	-91.1009	-16.9176	12.9171	-2.60902	-573.07	77.4295	-5.52112	-574.55	12.7475	-2.64491	-580.868	78.141	-5.59658	-582.317	13.678	-4.01746	-575.752	78.7621	-7.02964	-577.367	0.173042	-0.255243	0.951266	0.119673	-0.276116	0.953645	0.173042	-0.000340283	0.984914	0.119673	-0.0198866	0.992614	0.173042	-0.000340283	0.984914	0.119673	-0.0198866	0.992614	9.96473	-0.0194968	6.8746	-1.13949	9.96473	-0.0194968	6.8746	-1.13949	231.871	104.148	266.891	90.034	1293.56	581.022	1488.93	502.282	1395.54	536.299	1	1	1
"
 tid_7188_time_14:18:3:406 DPETW@ "GAZE_LOG_CALI: 674.667	510.462	671.525	516.675	962.076	494.917	957.86	501.451	298.033	501.2	295.859	507.36	584.359	487.921	581.095	494.486	
57.4307	-7.71725	344.04	-22.9599	-379.967	2.62409	-94.4437	-10.2522	60.5734	-13.9302	348.265	-29.4987	-377.788	-3.54006	-91.1789	-16.8176	12.8974	-2.57147	-572.93	77.4317	-5.49207	-574.578	12.7274	-2.60685	-580.728	78.1432	-5.56713	-582.346	13.6665	-3.98279	-575.628	78.7482	-7.00244	-577.26	0.175058	-0.256492	0.950561	0.113753	-0.269855	0.956158	0.175058	-0.001729	0.984557	0.113753	-0.013188	0.993421	0.175058	-0.001729	0.984557	0.113753	-0.013188	0.993421	10.082	-0.0990643	6.5323	-0.755641	10.082	-0.0990643	6.5323	-0.755641	232.995	103.442	263.548	93.7924	1299.83	577.084	1470.28	523.249	1388.17	546.29	1	1	1
"
 tid_7188_time_14:18:3:429 DPETW@ "GAZE_LOG_CALI: 674.53	510.617	671.38	516.73	961.977	495.023	957.755	501.592	297.867	501.295	295.681	507.396	584.302	487.945	580.945	494.509	
57.2855	-7.66177	343.935	-22.8182	-380.145	2.66059	-94.5938	-10.2294	60.4358	-13.7755	348.166	-29.3927	-377.955	-3.44566	-91.2364	-16.7933	12.8638	-2.5611	-572.884	77.4	-5.47316	-574.522	12.6934	-2.59634	-580.682	78.1111	-5.54797	-582.289	13.6348	-3.9545	-575.583	78.733	-6.98831	-577.311	0.175639	-0.2534	0.951283	0.119159	-0.275966	0.953753	0.175639	0.00144477	0.984454	0.119159	-0.0197131	0.992679	0.175639	0.00144477	0.984454	0.119159	-0.0197131	0.992679	10.1158	0.0827794	6.84491	-1.12955	10.1158	0.0827794	6.84491	-1.12955	233.29	105.244	266.569	90.186	1301.48	587.138	1487.13	503.129	1398.54	539.92	1	1	1
"
 tid_7188_time_14:18:3:451 DPETW@ "GAZE_LOG_CALI: 674.436	510.642	671.386	516.766	961.938	495.031	957.711	501.625	297.772	501.269	295.547	507.418	584.187	487.911	580.723	494.496	
57.2912	-7.62606	343.89	-22.7858	-380.279	2.682	-94.8153	-10.2424	60.3421	-13.7509	348.127	-29.3853	-378.05	-3.4711	-91.3509	-16.8281	12.8612	-2.55405	-572.694	77.3581	-5.46905	-574.283	12.6907	-2.58921	-580.492	78.069	-5.54383	-582.05	13.6138	-3.95466	-575.577	78.7107	-6.99042	-577.214	0.178064	-0.263383	0.948115	0.12609	-0.284253	0.950422	0.178064	-0.00901845	0.983978	0.12609	-0.0285806	0.991607	0.178064	-0.00901845	0.983978	0.12609	-0.0285806	0.991607	10.2574	-0.516726	7.24669	-1.63777	10.2574	-0.516726	7.24669	-1.63777	234.663	99.4308	270.434	85.3014	1309.14	554.705	1508.7	475.88	1416.93	505.212	3	1	1
"