
 tid_11432_time_13:30:1:278 DPETW@ "GAZE_LOG_CALI: 624.213	349.456	625.544	356.007	924.996	342.694	924.628	349.663	239.862	352.691	241.795	359.057	539.497	345.967	539.802	353.017	
25.087	-157.149	324.251	-163.525	-425.865	-151.071	-127.804	-157.095	23.7558	-163.701	324.62	-170.496	-427.799	-157.438	-128.109	-164.145	5.60569	-35.3976	-568.963	72.4624	-36.7467	-569.04	5.32915	-35.8911	-576.742	73.1142	-37.2575	-576.796	5.33755	-37.0438	-572.044	72.9246	-38.518	-572.021	0.00173584	-0.238316	0.971186	-0.0383571	-0.255022	0.966174	0.00173584	0.0211657	0.999774	-0.0383571	0.00373237	0.999257	0.00173584	0.0211657	0.999775	-0.0383571	0.00373237	0.999257	0.0994786	1.2128	-2.19825	0.213849	0.0994786	1.2128	-2.19825	0.213849	129.509	87.283	176.055	76.7137	722.503	486.935	982.178	427.97	852.341	457.452	1	0	0
"
 tid_11432_time_13:30:1:301 DPETW@ "GAZE_LOG_CALI: 622.929	349.388	624.056	355.965	923.965	342.497	923.521	349.486	238.122	352.6	239.985	358.979	538.09	345.846	538.349	352.898	
23.5989	-157.191	323.144	-163.702	-427.675	-151.148	-129.257	-157.214	22.4718	-163.769	323.589	-170.693	-429.54	-157.529	-129.516	-164.266	5.27022	-35.3842	-568.527	72.1575	-36.7511	-568.59	4.9888	-35.8779	-576.306	72.8055	-37.2623	-576.346	5.04373	-37.0236	-571.451	72.6303	-38.5206	-571.526	0.0110124	-0.229682	0.973203	-0.0351579	-0.252408	0.966982	0.0110124	0.0300274	0.999488	-0.0351579	0.00646612	0.999361	0.0110124	0.0300274	0.999488	-0.0351579	0.00646612	0.999361	0.631264	1.7207	-2.01486	0.370484	0.631264	1.7207	-2.01486	0.370484	134.08	92.0952	177.459	78.2705	748.004	513.78	990.007	436.655	869.005	475.218	1	0	0
"
 tid_11432_time_13:30:1:324 DPETW@ "GAZE_LOG_CALI: 622.053	349.651	623.209	356.284	923.015	342.788	922.622	349.763	237.065	352.916	238.951	359.218	537.054	346.049	537.352	353.074	
22.7517	-156.871	322.244	-163.424	-428.71	-150.91	-130.254	-157.038	21.5954	-163.506	322.638	-170.402	-430.597	-157.213	-130.552	-164.063	5.07851	-35.3069	-568.285	71.9398	-36.6918	-568.455	4.79429	-35.7997	-576.064	72.585	-37.2023	-576.211	4.84515	-36.9433	-571.212	72.4022	-38.4573	-571.407	0.0102023	-0.229386	0.973282	-0.0367994	-0.252561	0.966881	0.0102023	0.0303339	0.999488	-0.0367994	0.00629239	0.999303	0.0102023	0.0303339	0.999488	-0.0367994	0.00629239	0.999303	0.58483	1.73827	-2.10897	0.36053	0.58483	1.73827	-2.10897	0.36053	133.454	92.389	176.373	78.2708	744.514	515.42	983.948	436.657	864.231	476.039	1	0	0
"
 tid_11432_time_13:30:1:346 DPETW@ "GAZE_LOG_CALI: 621.586	349.552	622.805	356.149	922.643	342.534	922.119	349.578	236.528	352.812	238.408	359.199	536.625	345.895	536.884	352.993	
22.3472	-157.007	321.741	-163.61	-429.252	-150.929	-130.722	-157.119	21.1283	-163.605	322.266	-170.656	-431.134	-157.317	-130.981	-164.217	4.98605	-35.3136	-568.112	71.8328	-36.7244	-568.499	4.70045	-35.8066	-575.891	72.4765	-37.2354	-576.256	4.73922	-36.9606	-571.125	72.3093	-38.4987	-571.339	0.0079046	-0.235309	0.971888	-0.0329242	-0.248702	0.96802	0.0079046	0.0242517	0.999675	-0.0329242	0.0103146	0.999405	0.0079046	0.0242517	0.999675	-0.0329242	0.0103146	0.999405	0.453038	1.38966	-1.88686	0.590993	0.453038	1.38966	-1.88686	0.590993	132.142	89.2016	178.315	80.3556	737.194	497.638	994.785	448.288	865.99	472.963	1	0	0
"
 tid_11432_time_13:30:1:368 DPETW@ "GAZE_LOG_CALI: 621.359	348.952	622.549	355.531	922.449	341.925	921.932	348.936	236.191	352.262	238.045	358.731	536.312	345.205	536.596	352.254	
22.0918	-157.625	321.554	-164.252	-429.616	-151.397	-131.01	-157.858	20.9015	-164.205	322.073	-171.265	-431.472	-157.867	-131.294	-164.908	4.92818	-35.4259	-567.966	71.7747	-36.8707	-568.371	4.6417	-35.9207	-575.745	72.4178	-37.3839	-576.127	4.68712	-37.0807	-570.982	72.2463	-38.6341	-571.18	0.00926353	-0.236628	0.971556	-0.0335797	-0.244865	0.968975	0.00926353	0.0228919	0.999695	-0.0335797	0.0142674	0.999334	0.00926353	0.0228919	0.999695	-0.0335797	0.0142674	0.999334	0.530908	1.31172	-1.92453	0.817491	0.530908	1.31172	-1.92453	0.817491	132.8	88.4056	177.914	82.3352	740.867	493.197	992.546	459.332	866.707	476.264	1	0	0
"
 tid_11432_time_13:30:1:390 DPETW@ "GAZE_LOG_CALI: 621.279	348.51	622.46	355.151	922.369	341.521	922.001	348.524	236.006	351.793	237.923	358.16	536.153	344.829	536.513	351.919	
22.0025	-158.005	321.623	-164.664	-429.739	-151.968	-131.093	-158.193	20.8214	-164.647	321.992	-171.67	-431.656	-158.336	-131.453	-165.284	4.90786	-35.5298	-567.926	71.7652	-36.9414	-568.171	4.62109	-36.0261	-575.705	72.4083	-37.4557	-575.928	4.66852	-37.1741	-570.843	72.2154	-38.715	-571.077	0.00949437	-0.229794	0.973193	-0.0384646	-0.251074	0.967203	0.00949437	0.0299173	0.999507	-0.0384646	0.00781181	0.999229	0.00949437	0.0299173	0.999507	-0.0384646	0.00781182	0.999229	0.544239	1.71439	-2.20447	0.447589	0.544239	1.71439	-2.20447	0.447589	132.902	92.0305	175.326	78.9011	741.435	513.42	978.111	440.174	859.773	476.797	1	0	0
"
 tid_11432_time_13:30:1:411 DPETW@ "GAZE_LOG_CALI: 621.291	348.228	622.435	354.837	922.553	341.251	922.035	348.1	235.838	351.414	237.852	357.906	536.181	344.514	536.469	351.515	
21.9774	-158.319	321.657	-165.088	-429.809	-152.222	-131.137	-158.597	20.8337	-164.929	322.176	-171.939	-431.825	-158.715	-131.425	-165.598	4.90142	-35.5898	-567.871	71.7601	-37.0274	-568.069	4.61453	-36.0869	-575.65	72.4033	-37.543	-575.826	4.66914	-37.2334	-570.614	72.2316	-38.7674	-570.883	0.0105753	-0.221986	0.974992	-0.0336865	-0.240302	0.970114	0.0105753	0.0379243	0.999225	-0.0336865	0.0189701	0.999252	0.0105753	0.0379243	0.999225	-0.0336865	0.0189701	0.999252	0.606366	2.17342	-1.93081	1.08697	0.606366	2.17342	-1.93081	1.08697	133.468	96.2235	177.853	84.7418	744.592	536.812	992.205	472.758	868.398	504.785	1	0	0
"
 tid_11432_time_13:30:1:434 DPETW@ "GAZE_LOG_CALI: 621.2	347.691	622.435	354.329	922.653	340.715	922.138	347.679	235.683	350.919	237.674	357.38	536.087	343.979	536.373	351.015	
21.9773	-158.827	321.76	-165.509	-429.987	-152.748	-131.233	-159.096	20.7427	-165.466	322.277	-172.476	-431.979	-159.21	-131.52	-166.134	4.90002	-35.6906	-567.635	71.7506	-37.1134	-567.809	4.61299	-36.1894	-575.414	72.394	-37.6304	-575.565	4.64821	-37.3439	-570.531	72.2222	-38.8704	-570.624	0.00701771	-0.230084	0.973145	-0.0336906	-0.243265	0.969375	0.00701771	0.029624	0.999536	-0.0336906	0.0159168	0.999306	0.00701771	0.029624	0.999537	-0.0336906	0.0159168	0.999306	0.402265	1.69758	-1.93094	0.912002	0.402265	1.69758	-1.93094	0.912002	131.582	91.7828	177.851	83.1057	734.07	512.038	992.198	463.63	863.134	487.834	1	0	0
"
 tid_11432_time_13:30:1:456 DPETW@ "GAZE_LOG_CALI: 621.129	347.459	622.306	354.14	922.586	340.407	922.114	347.343	235.482	350.725	237.44	357.146	535.89	343.659	536.218	350.744	
21.8485	-159.016	321.736	-165.845	-430.222	-152.982	-131.388	-159.368	20.6718	-165.698	322.209	-172.784	-432.18	-159.404	-131.716	-166.453	4.87014	-35.7294	-567.499	71.7243	-37.1708	-567.648	4.58262	-36.2288	-575.278	72.3674	-37.6887	-575.404	4.63039	-37.3813	-570.37	72.1863	-38.9299	-570.462	0.00947701	-0.228627	0.973468	-0.035526	-0.243439	0.969265	0.00947701	0.0311158	0.999471	-0.035526	0.0157207	0.999245	0.00947701	0.0311158	0.999471	-0.035526	0.0157207	0.999245	0.543264	1.78309	-2.03617	0.900768	0.543264	1.78309	-2.03617	0.900768	132.85	92.5652	176.86	82.9851	741.146	516.403	986.666	462.957	863.906	489.68	1	0	0
"
 tid_11432_time_13:30:1:478 DPETW@ "GAZE_LOG_CALI: 620.915	347.476	622.062	354.064	922.437	340.247	921.957	347.118	235.149	350.777	236.988	357.093	535.658	343.557	535.905	350.586	
21.6047	-159.092	321.579	-166.071	-430.674	-153.035	-131.701	-159.526	20.4578	-165.681	322.061	-172.944	-432.514	-159.353	-131.948	-166.555	4.81358	-35.7268	-567.228	71.6637	-37.2005	-567.447	4.52514	-36.2264	-575.006	72.3062	-37.7191	-575.203	4.58158	-37.3631	-570.211	72.1392	-38.9518	-570.352	0.0114511	-0.230613	0.972978	-0.0333483	-0.246146	0.968659	0.0114511	0.0290698	0.999512	-0.0333483	0.0129483	0.99936	0.0114511	0.0290698	0.999512	-0.0333483	0.0129483	0.99936	0.656393	1.66581	-1.91123	0.741907	0.656393	1.66581	-1.91123	0.741907	133.833	91.5483	177.958	81.5399	746.626	510.73	992.792	454.895	869.709	482.812	1	0	0
"
 tid_11432_time_13:30:1:500 DPETW@ "GAZE_LOG_CALI: 620.322	347.947	621.508	354.594	921.974	340.622	921.518	347.651	234.403	351.286	236.299	357.733	535.053	343.906	535.345	351.011	
21.0511	-158.562	321.139	-165.537	-431.362	-152.395	-132.261	-159.101	19.8642	-165.21	321.597	-172.569	-433.26	-158.843	-132.554	-166.206	4.68839	-35.5856	-567.055	71.5457	-37.0832	-567.287	4.3981	-36.0833	-574.834	72.1868	-37.6003	-575.043	4.44746	-37.24	-570.007	72.012	-38.8581	-570.168	0.00994456	-0.233021	0.972421	-0.0346935	-0.249683	0.967706	0.00994456	0.0266002	0.999597	-0.0346935	0.00928523	0.999355	0.00994456	0.0266002	0.999597	-0.0346935	0.00928523	0.999355	0.569992	1.52426	-1.98828	0.532012	0.569992	1.52426	-1.98828	0.532012	132.908	90.4223	177.132	79.7608	741.469	504.448	988.186	444.969	864.828	474.709	1	0	0
"
 tid_11432_time_13:30:1:521 DPETW@ "GAZE_LOG_CALI: 619.543	348.716	620.72	355.378	921.266	341.239	920.819	348.155	233.484	351.97	235.516	358.42	534.202	344.579	534.509	351.645	
20.2624	-157.778	320.44	-165.033	-432.146	-151.709	-133.097	-158.467	19.0851	-164.441	320.889	-171.952	-434.179	-158.16	-133.404	-165.534	4.51296	-35.4215	-567.055	71.367	-36.9443	-567.104	4.22023	-35.917	-574.834	72.0058	-37.4597	-574.861	4.27184	-37.0652	-569.821	71.8296	-38.7009	-569.98	0.010035	-0.223263	0.974706	-0.0349691	-0.246328	0.968555	0.010035	0.0366167	0.999279	-0.0349691	0.0127455	0.999307	0.010035	0.0366167	0.999279	-0.0349691	0.0127455	0.999307	0.575357	2.09845	-2.00416	0.730286	0.575357	2.09845	-2.00416	0.730286	132.78	95.8789	176.81	81.769	740.755	534.889	986.387	456.173	863.571	495.531	1	0	0
"
 tid_11432_time_13:30:1:543 DPETW@ "GAZE_LOG_CALI: 618.586	349.159	619.858	355.826	920.429	341.551	919.946	348.642	232.615	352.467	234.536	358.85	533.323	344.896	533.528	351.982	
19.4008	-157.33	319.567	-164.546	-433.126	-151.279	-134.078	-158.13	18.1285	-163.998	320.051	-171.639	-435.048	-157.662	-134.283	-165.216	4.31963	-35.3142	-566.902	71.1544	-36.8432	-566.96	4.02411	-35.8083	-574.68	71.7905	-37.3572	-574.717	4.05817	-36.9671	-569.933	71.6349	-38.6263	-569.922	0.00696938	-0.237107	0.971459	-0.0313592	-0.255728	0.96624	0.00696938	0.0224046	0.999725	-0.0313592	0.0030667	0.999503	0.00696938	0.0224046	0.999725	-0.0313592	0.0030667	0.999503	0.39942	1.2838	-1.79705	0.175709	0.39942	1.2838	-1.79705	0.175709	130.963	88.5094	178.507	76.7963	730.614	493.776	995.853	428.431	863.234	461.104	1	0	0
"
 tid_11432_time_13:30:1:565 DPETW@ "GAZE_LOG_CALI: 617.755	349.09	618.934	355.817	919.509	341.441	919.047	348.509	231.598	352.397	233.539	358.847	532.275	344.813	532.594	351.889	
18.4763	-157.339	318.667	-164.679	-434.124	-151.281	-135.012	-158.223	17.297	-164.067	319.131	-171.749	-436.066	-157.733	-135.331	-165.3	4.1129	-35.3097	-566.806	70.9478	-36.8651	-566.908	3.81445	-35.8039	-574.584	71.581	-37.3796	-574.665	3.87035	-36.9672	-569.691	71.4078	-38.6369	-569.755	0.0111138	-0.231263	0.972828	-0.0341535	-0.247909	0.968181	0.0111138	0.0284037	0.999535	-0.0341535	0.0111225	0.999355	0.0111138	0.0284037	0.999535	-0.0341535	0.0111225	0.999355	0.637045	1.62763	-1.95735	0.637284	0.637045	1.62763	-1.95735	0.637284	132.941	91.7051	176.822	81.0382	741.648	511.604	986.456	452.096	864.052	481.85	1	0	0
"
 tid_11432_time_13:30:1:587 DPETW@ "GAZE_LOG_CALI: 616.163	348.895	618.086	355.558	918.232	341.181	918.308	348.154	229.959	352.199	232.683	358.682	530.883	344.474	531.806	351.53	
17.6284	-157.598	317.928	-165.033	-434.98	-151.446	-135.8	-158.582	15.7058	-164.262	317.853	-172.009	-437.705	-157.93	-136.724	-165.639	3.92425	-35.3561	-566.789	70.7752	-36.9408	-566.846	3.62316	-35.8509	-574.567	71.4061	-37.4563	-574.603	3.51337	-37.0076	-569.63	71.1028	-38.6941	-569.604	-0.0216441	-0.228048	0.973409	-0.0587774	-0.239894	0.969018	-0.0216441	0.0316596	0.999264	-0.0587774	0.0190808	0.998089	-0.0216441	0.0316596	0.999264	-0.0587773	0.0190808	0.998089	-1.24083	1.81426	-3.37025	1.09331	-1.24083	1.81426	-3.37025	1.09331	115.457	93.3862	163.622	85.19	644.109	520.983	912.812	475.258	778.461	498.12	1	0	0
"
 tid_11432_time_13:30:1:610 DPETW@ "GAZE_LOG_CALI: 614.428	348.598	617.332	355.165	915.915	341.01	917.25	347.859	228.221	351.945	231.65	358.221	528.89	344.297	530.615	351.149	
16.8741	-157.991	316.869	-165.328	-436.013	-151.908	-136.991	-158.963	13.9701	-164.559	315.535	-172.18	-439.444	-158.185	-138.717	-165.815	3.75415	-35.4289	-566.426	70.5178	-37.005	-566.671	3.45049	-35.925	-574.204	71.1453	-37.5217	-574.429	3.12585	-37.0683	-569.609	70.6344	-38.7605	-570.007	-0.0683905	-0.240845	0.968151	-0.11057	-0.268111	0.957022	-0.0683905	0.0179373	0.997497	-0.11057	-0.0112795	0.993804	-0.0683906	0.0179374	0.997497	-0.11057	-0.0112795	0.993804	-3.92218	1.02779	-6.34856	-0.64628	-3.92218	1.02779	-6.34856	-0.64628	90.5664	86.1743	135.774	69.1131	505.252	480.749	757.459	385.568	625.149	420.943	1	0	0
"
 tid_11432_time_13:30:1:631 DPETW@ "GAZE_LOG_CALI: 614.681	348.476	617.776	355.005	916.465	340.773	917.79	347.714	228.433	351.824	231.856	358.101	529.09	344.04	531.054	351.03	
17.3187	-158.151	317.41	-165.473	-435.807	-152.027	-136.553	-159.082	14.2228	-164.681	316.085	-172.417	-439.232	-158.306	-138.517	-166.073	3.85118	-35.4408	-566.119	70.6218	-37.0256	-566.536	3.5487	-35.9374	-573.897	71.2509	-37.5427	-574.294	3.18169	-37.0925	-569.563	70.7022	-38.7858	-569.561	-0.0815485	-0.256655	0.963057	-0.111438	-0.252465	0.961168	-0.0815485	0.00134742	0.996668	-0.111438	0.00490616	0.993759	-0.0815485	0.00134742	0.996668	-0.111438	0.00490616	0.993759	-4.67758	0.0772017	-6.39831	0.281104	-4.67758	0.0772017	-6.39831	0.281104	83.6994	77.4744	135.432	77.7099	466.942	432.214	755.548	433.528	603.824	419.1	1	0	0
"
 tid_11432_time_13:30:1:653 DPETW@ "GAZE_LOG_CALI: 614.924	347.748	617.895	354.361	916.801	340.185	918	347.017	228.638	351.104	231.97	357.519	529.241	343.492	531.351	350.4	
17.437	-158.796	317.62	-166.171	-435.693	-152.609	-136.255	-159.712	14.4663	-165.409	316.421	-173.005	-439.027	-159.026	-138.366	-166.621	3.87696	-35.5776	-566.121	70.683	-37.1816	-566.658	3.57485	-36.076	-573.899	71.3129	-37.7007	-574.416	3.23611	-37.2515	-569.513	70.748	-38.8969	-569.322	-0.0743878	-0.258138	0.96324	-0.107331	-0.227297	0.967893	-0.0743878	-3.68804e-05	0.997229	-0.107331	0.0309573	0.993741	-0.0743878	-3.68804e-05	0.997229	-0.107331	0.0309573	0.993741	-4.26605	-0.00211309	-6.16444	1.774	-4.26605	-0.00211309	-6.16444	1.774	87.5356	76.6082	137.662	91.3392	488.344	427.382	767.99	509.563	624.371	461.477	1	0	0
"
 tid_11432_time_13:30:1:675 DPETW@ "GAZE_LOG_CALI: 614.75	346.82	617.818	353.466	916.738	339.216	918.003	346.135	228.37	350.259	231.896	356.571	529.12	342.575	531.26	349.5	
17.3604	-159.69	317.623	-167.053	-435.767	-153.558	-136.346	-160.613	14.2926	-166.338	316.358	-173.974	-439.295	-159.871	-138.487	-167.537	3.86052	-35.7827	-566.118	70.6689	-37.3726	-566.539	3.55818	-36.2841	-573.896	71.2986	-37.8944	-574.296	3.19665	-37.4423	-569.391	70.7249	-39.1032	-569.249	-0.0774818	-0.248212	0.965602	-0.109877	-0.231486	0.966613	-0.0774818	0.0101616	0.996942	-0.109877	0.0265795	0.99359	-0.0774818	0.0101616	0.996942	-0.109877	0.0265795	0.99359	-4.44406	0.582225	-6.31047	1.52307	-4.44406	0.582225	-6.31047	1.52307	85.877	81.7967	136.307	88.8595	479.09	456.328	760.431	495.729	616.085	469.504	1	0	0
"
 tid_11432_time_13:30:1:697 DPETW@ "GAZE_LOG_CALI: 614.605	346.429	617.695	353.048	916.552	338.858	917.878	345.862	228.2	349.823	231.701	356.075	529.022	342.213	531.091	349.084	
17.2377	-160.108	317.498	-167.326	-435.963	-154.054	-136.516	-161.028	14.1477	-166.729	316.172	-174.332	-439.465	-160.307	-138.585	-167.9	3.83226	-35.8791	-566.03	70.6339	-37.4454	-566.478	3.52949	-36.3819	-573.808	71.2633	-37.9684	-574.235	3.16338	-37.5334	-569.368	70.6973	-39.1918	-569.363	-0.0795538	-0.250228	0.964913	-0.111965	-0.242035	0.963786	-0.0795538	0.00803567	0.996798	-0.111965	0.0156578	0.993589	-0.0795538	0.00803567	0.996798	-0.111965	0.0156578	0.993589	-4.56307	0.460415	-6.42937	0.897162	-4.56307	0.460415	-6.42937	0.897162	84.7562	80.6015	135.174	83.0127	472.838	449.659	754.109	463.111	607.978	446.497	1	0	0
"
 tid_11432_time_13:30:1:718 DPETW@ "GAZE_LOG_CALI: 614.176	346.481	617.175	353.081	916.159	338.881	917.577	345.814	227.734	349.834	231.089	356.121	528.581	342.239	530.59	349.072	
16.7178	-160.075	317.197	-167.374	-436.575	-154.009	-137.016	-161.04	13.718	-166.676	315.779	-174.309	-439.932	-160.296	-139.026	-167.873	3.71647	-35.8624	-565.903	70.5347	-37.435	-566.219	3.41201	-36.365	-573.681	71.1629	-37.9581	-573.976	3.0675	-37.5229	-569.313	70.6015	-39.182	-569.301	-0.0760286	-0.255526	0.963808	-0.115406	-0.251598	0.960927	-0.0760286	0.00263235	0.997102	-0.115406	0.00568141	0.993302	-0.0760286	0.00263235	0.997102	-0.115406	0.00568141	0.993302	-4.36034	0.150823	-6.62715	0.325523	-4.36034	0.150823	-6.62715	0.325523	86.5226	77.7952	133.261	77.8009	482.692	434.004	743.434	434.036	605.843	420.575	1	0	0
"
 tid_11432_time_13:30:1:740 DPETW@ "GAZE_LOG_CALI: 613.299	347.232	616.359	353.844	915.408	339.566	916.745	346.458	226.793	350.562	230.219	356.944	527.706	342.868	529.841	349.782	
15.9015	-159.312	316.365	-166.73	-437.445	-153.185	-137.765	-160.33	12.841	-165.925	315.028	-173.624	-440.873	-159.568	-139.901	-167.245	3.53417	-35.6815	-565.833	70.3623	-37.2912	-566.325	3.22711	-36.1816	-573.61	70.9881	-37.8122	-574.082	2.87079	-37.3519	-569.229	70.4133	-39.0236	-569.137	-0.0783384	-0.257276	0.963157	-0.112172	-0.236416	0.965155	-0.0783384	0.000773996	0.996926	-0.112172	0.0214399	0.993457	-0.0783384	0.000773996	0.996927	-0.112172	0.0214399	0.993457	-4.49307	0.0443467	-6.44205	1.22851	-4.49307	0.0443467	-6.44205	1.22851	85.1122	77.0091	134.793	86.2671	474.824	429.618	751.982	481.267	607.833	445.406	1	0	0
"
 tid_11432_time_13:30:1:763 DPETW@ "GAZE_LOG_CALI: 612.613	347.49	615.811	354.04	914.731	339.708	916.055	346.685	226.072	350.901	229.723	357.092	527.175	343.067	529.211	350.003	
15.3536	-159.116	315.674	-166.503	-437.941	-153.037	-138.396	-160.109	12.1551	-165.667	314.35	-173.481	-441.594	-159.23	-140.432	-167.046	3.41253	-35.6474	-565.901	70.2176	-37.2458	-566.393	3.10382	-36.147	-573.679	70.8413	-37.7661	-574.15	2.71761	-37.2815	-569.175	70.2843	-38.9977	-569.315	-0.0828657	-0.243411	0.966377	-0.110935	-0.2453	0.963079	-0.0828657	0.0149995	0.996448	-0.110935	0.0123219	0.993751	-0.0828657	0.0149995	0.996448	-0.110935	0.0123219	0.993751	-4.75384	0.859442	-6.36968	0.706013	-4.75384	0.859442	-6.36968	0.706013	82.5705	84.5431	135.311	81.4603	460.645	471.649	754.873	454.45	602.438	453.73	1	0	0
"
 tid_11432_time_13:30:1:785 DPETW@ "GAZE_LOG_CALI: 612.188	347.288	615.146	353.917	914.264	339.494	915.677	346.394	225.661	350.642	229.048	356.902	526.553	342.841	528.725	349.781	
14.6886	-159.239	315.296	-166.794	-438.617	-153.227	-138.881	-160.331	11.7299	-165.869	313.883	-173.696	-442.006	-159.488	-141.054	-167.272	3.26475	-35.6813	-565.884	70.1162	-37.2941	-566.256	2.95396	-36.1815	-573.662	70.7387	-37.8151	-574.014	2.62234	-37.3345	-569.195	70.1554	-39.0336	-569.118	-0.0716952	-0.249275	0.965775	-0.114859	-0.239943	0.963968	-0.0716952	0.00918026	0.997384	-0.114859	0.0177258	0.993224	-0.0716952	0.00918026	0.997384	-0.114859	0.0177258	0.993224	-4.11153	0.525998	-6.59654	1.01567	-4.11153	0.525998	-6.59654	1.01567	88.3615	81.4341	133.113	84.3144	492.951	454.304	742.61	470.373	612.979	453.672	1	0	0
"
 tid_11432_time_13:30:1:807 DPETW@ "GAZE_LOG_CALI: 611.433	346.226	614.447	352.811	913.458	338.383	914.829	345.386	224.946	349.567	228.439	355.883	525.786	341.805	527.903	348.698	
13.9894	-160.345	314.448	-167.802	-439.226	-154.246	-139.704	-161.414	10.9747	-166.931	313.077	-174.807	-442.72	-160.563	-141.821	-168.308	3.11032	-35.925	-565.993	69.9315	-37.5293	-566.287	2.79744	-36.4285	-573.771	70.5513	-38.0536	-574.045	2.45366	-37.5774	-569.246	69.981	-39.2778	-569.169	-0.0734508	-0.245473	0.966617	-0.112721	-0.24199	0.963709	-0.0734508	0.0130697	0.997213	-0.112721	0.0156814	0.993503	-0.0734508	0.0130697	0.997213	-0.112721	0.0156814	0.993503	-4.21258	0.748863	-6.47298	0.898515	-4.21258	0.748863	-6.47298	0.898515	87.2684	83.2225	134.079	82.9895	486.853	464.282	748.002	462.982	612.702	455.13	1	0	0
"
 tid_11432_time_13:30:1:829 DPETW@ "GAZE_LOG_CALI: 611.263	345.566	614.148	352.074	913.307	337.842	914.724	344.764	224.706	348.836	228.189	355.116	525.636	341.205	527.709	348.003	
13.6898	-161.082	314.343	-168.424	-439.476	-155.014	-139.897	-162.109	10.8048	-167.591	312.926	-175.348	-442.961	-161.294	-141.971	-168.908	3.04449	-36.0963	-566.052	69.894	-37.6682	-566.167	2.73074	-36.6021	-573.829	70.5134	-38.1946	-573.925	2.41517	-37.7274	-569.159	69.9475	-39.4056	-569.169	-0.0655528	-0.233766	0.97008	-0.114541	-0.245112	0.962705	-0.0655528	0.0252744	0.997529	-0.114541	0.0124061	0.993341	-0.0655528	0.0252744	0.997529	-0.114541	0.0124061	0.993341	-3.75979	1.44827	-6.57764	0.710833	-3.75979	1.44827	-6.57764	0.710833	91.3829	89.4809	133.085	81.1479	509.807	499.196	742.453	452.708	622.776	469.885	1	0	0
"
 tid_11432_time_13:30:1:851 DPETW@ "GAZE_LOG_CALI: 611.201	344.897	614.174	351.522	913.302	337.31	914.752	344.097	224.725	348.331	228.212	354.624	525.476	340.65	527.706	347.453	
13.7163	-161.635	314.37	-169.092	-439.453	-155.506	-139.9	-162.659	10.7434	-168.261	312.921	-175.881	-442.942	-161.8	-142.131	-169.463	3.04942	-36.2131	-566.059	69.8955	-37.8016	-566.133	2.73574	-36.7205	-573.836	70.5149	-38.3298	-573.89	2.40221	-37.8654	-569.256	69.9221	-39.5137	-568.97	-0.0704776	-0.24193	0.967731	-0.116333	-0.232329	0.965655	-0.0704776	0.0167804	0.997372	-0.116333	0.0255172	0.992882	-0.0704776	0.0167804	0.997372	-0.116333	0.0255172	0.992882	-4.04199	0.961493	-6.68273	1.46218	-4.04199	0.961493	-6.68273	1.46218	88.7837	84.8814	132.116	87.9775	495.306	473.537	737.048	490.809	612.77	476.247	1	0	0
"
 tid_11432_time_13:30:1:872 DPETW@ "GAZE_LOG_CALI: 611.062	343.712	614.061	350.403	913.186	336.222	914.661	343.031	224.606	347.132	228.11	353.425	525.483	339.537	527.521	346.299	
13.6032	-162.754	314.279	-170.157	-439.555	-156.705	-140.086	-163.814	10.604	-169.446	312.805	-176.969	-443.061	-163	-142.124	-170.576	3.02478	-36.4721	-566.071	69.8605	-38.041	-566.013	2.71078	-36.983	-573.848	70.4796	-38.5727	-573.77	2.37111	-38.1344	-569.284	69.9156	-39.7709	-569.123	-0.0719819	-0.243993	0.967102	-0.116737	-0.247995	0.961702	-0.0719819	0.0146253	0.997299	-0.116737	0.00936216	0.993119	-0.0719819	0.0146253	0.997299	-0.116737	0.00936216	0.993119	-4.12827	0.837999	-6.70413	0.53642	-4.12827	0.837999	-6.70413	0.53642	87.9658	83.4867	131.902	79.2088	490.743	465.756	735.857	441.89	607.601	443.53	1	0	0
"
 tid_11432_time_13:30:1:894 DPETW@ "GAZE_LOG_CALI: 610.675	342.659	613.605	349.3	912.841	335.065	914.129	341.917	224.244	346.089	227.893	352.366	525.02	338.366	527.133	345.24	
13.1471	-163.857	313.748	-171.272	-439.773	-157.764	-140.473	-164.872	10.2167	-170.499	312.46	-178.126	-443.424	-164.043	-142.587	-171.748	2.92519	-36.7324	-566.373	69.7651	-38.2957	-566.199	2.60998	-37.2468	-574.15	70.3826	-38.8308	-573.956	2.28477	-38.3714	-569.315	69.8201	-40.0214	-568.976	-0.065373	-0.226061	0.971917	-0.109192	-0.231116	0.966779	-0.065373	0.0331925	0.997309	-0.109192	0.0269802	0.993654	-0.065373	0.0331925	0.997309	-0.109192	0.0269802	0.993654	-3.75034	1.90214	-6.27106	1.54604	-3.75034	1.90214	-6.27106	1.54604	91.34	92.9641	135.821	88.2391	509.567	518.628	757.717	492.268	632.763	503.901	1	0	0
"
 tid_11432_time_13:30:1:917 DPETW@ "GAZE_LOG_CALI: 609.816	341.706	612.805	348.271	911.928	333.949	913.389	340.783	223.414	345.095	226.981	351.372	524.268	337.273	526.307	344.108	
12.3471	-164.886	313.007	-172.406	-440.685	-158.758	-141.3	-166.005	9.35848	-171.453	311.547	-179.242	-444.254	-165.037	-143.339	-172.84	2.74632	-36.9489	-566.231	69.5865	-38.5405	-566.083	2.42854	-37.4664	-574.007	70.2017	-39.0792	-573.84	2.09258	-38.5923	-569.354	69.641	-40.2834	-569.182	-0.0700024	-0.234617	0.969564	-0.11576	-0.24861	0.961661	-0.0700024	0.0243194	0.99725	-0.11576	0.00875747	0.993239	-0.0700024	0.0243194	0.99725	-0.11576	0.00875747	0.993239	-4.01532	1.39354	-6.64771	0.501773	-4.01532	1.39354	-6.64771	0.501773	88.7248	88.0982	132.157	78.3799	494.978	491.482	737.277	437.266	611.386	455.885	1	0	0
"
 tid_11432_time_13:30:1:941 DPETW@ "GAZE_LOG_CALI: 609.106	341.82	612.026	348.499	911.307	334.017	912.73	340.93	222.765	345.19	226.245	351.566	523.513	337.48	525.491	344.187	
11.5682	-164.658	312.348	-172.26	-441.422	-158.564	-142.116	-165.926	8.64805	-171.338	310.925	-179.175	-444.903	-164.941	-144.094	-172.633	2.57316	-36.9053	-566.283	69.4149	-38.5018	-565.88	2.25299	-37.4221	-574.059	70.0279	-39.04	-573.638	1.93392	-38.574	-569.43	69.4807	-40.2406	-569.01	-0.0667285	-0.240896	0.968254	-0.113725	-0.249513	0.96167	-0.0667285	0.0179146	0.99761	-0.113725	0.00788786	0.993481	-0.0667285	0.0179146	0.99761	-0.113725	0.00788786	0.993481	-3.82672	1.02649	-6.53031	0.451946	-3.82672	1.02649	-6.53031	0.451946	90.2865	84.7431	133.097	78.0071	503.691	472.765	742.519	435.186	617.974	444.441	1	0	0
"
 tid_11432_time_13:30:1:963 DPETW@ "GAZE_LOG_CALI: 608.549	342.562	611.461	349.177	910.753	334.793	912.189	341.614	222.001	346.02	225.666	352.221	522.823	338.122	524.852	344.962	
11.0032	-163.98	311.806	-171.575	-442	-157.91	-142.755	-165.151	8.09081	-170.596	310.371	-178.398	-445.668	-164.111	-144.784	-171.992	2.44739	-36.7557	-566.263	69.2787	-38.3307	-565.753	2.12545	-37.2704	-574.04	69.89	-38.8667	-573.51	1.80867	-38.3797	-569.157	69.3351	-40.0691	-568.828	-0.0631478	-0.221125	0.973199	-0.114033	-0.247081	0.962262	-0.0631478	0.0382921	0.997269	-0.114033	0.0103895	0.993423	-0.0631478	0.0382921	0.997269	-0.114033	0.0103895	0.993423	-3.62317	2.19451	-6.54823	0.595285	-3.62317	2.19451	-6.54823	0.595285	92.0366	95.6599	132.801	79.5309	513.454	533.668	740.87	443.687	624.786	484.455	1	0	0
"
 tid_11432_time_13:30:1:987 DPETW@ "GAZE_LOG_CALI: 607.837	343.586	610.736	350.183	910.117	335.711	911.503	342.519	221.256	347	224.858	353.251	522.123	339.015	524.176	345.949	
10.2782	-162.974	311.12	-170.67	-442.809	-156.879	-143.431	-164.164	7.3786	-169.572	309.735	-177.48	-446.412	-163.132	-145.484	-171.098	2.28587	-36.5215	-566.149	69.1271	-38.1205	-565.76	1.9616	-37.0331	-573.925	69.7362	-38.6536	-573.518	1.64978	-38.152	-569.107	69.1825	-39.8604	-568.742	-0.06291	-0.225738	0.972155	-0.111721	-0.243478	0.96345	-0.06291	0.0335663	0.997455	-0.111721	0.0141771	0.993638	-0.06291	0.0335663	0.997455	-0.111721	0.0141771	0.993639	-3.60889	1.92357	-6.41517	0.812318	-3.60889	1.92357	-6.41517	0.812318	92.0076	93.4181	133.877	81.7387	513.292	521.161	746.873	456.004	627.838	484.559	1	0	0
"
 tid_11432_time_13:30:2:9 DPETW@ "GAZE_LOG_CALI: 607.588	343.666	610.514	350.309	909.899	335.794	911.351	342.634	221.026	347.049	224.674	353.324	521.923	339.154	523.937	345.949	
10.056	-162.848	310.968	-170.555	-442.993	-156.807	-143.67	-164.163	7.12944	-169.492	309.517	-177.397	-446.643	-163.082	-145.684	-170.96	2.23675	-36.5025	-566.196	69.0797	-38.1003	-565.65	1.91183	-37.0138	-573.973	69.6883	-38.6333	-573.408	1.59386	-38.1394	-569.133	69.1364	-39.8373	-568.766	-0.0638658	-0.226093	0.97201	-0.114307	-0.249389	0.961634	-0.0638658	0.0331859	0.997406	-0.114307	0.00799766	0.993413	-0.0638658	0.0331859	0.997407	-0.114307	0.00799766	0.993413	-3.66375	1.90176	-6.56384	0.458237	-3.66375	1.90176	-6.56384	0.458237	91.4483	93.2262	132.459	78.5168	510.172	520.09	738.96	438.03	621.361	473.318	1	0	0
"
 tid_11432_time_13:30:2:31 DPETW@ "GAZE_LOG_CALI: 607.606	343.601	610.666	350.171	910.035	335.708	911.477	342.585	221.07	346.963	224.717	353.171	522.045	339.023	524.076	345.928	
10.208	-162.986	311.095	-170.604	-442.949	-156.959	-143.53	-164.184	7.1483	-169.557	309.653	-177.482	-446.599	-163.169	-145.562	-171.09	2.26994	-36.526	-566.058	69.1097	-38.1089	-565.662	1.94539	-37.0377	-573.834	69.7187	-38.642	-573.42	1.59838	-38.1583	-569.163	69.1648	-39.8602	-568.748	-0.0720451	-0.232656	0.969887	-0.113979	-0.250651	0.961344	-0.0720451	0.0262969	0.997055	-0.113979	0.00670412	0.993461	-0.0720451	0.0262969	0.997055	-0.113979	0.00670412	0.993461	-4.13289	1.50688	-6.54486	0.384121	-4.13289	1.50688	-6.54486	0.384121	87.1596	89.6025	132.664	77.8207	486.246	499.874	740.108	434.146	608.469	458.688	1	0	0
"
 tid_11432_time_13:30:2:53 DPETW@ "GAZE_LOG_CALI: 607.946	343.661	610.866	350.079	910.657	335.857	911.941	342.652	221.42	346.983	224.914	353.204	522.692	339.149	524.564	346.027	
10.4076	-163.078	311.559	-170.536	-442.753	-156.926	-143.043	-164.086	7.48762	-169.496	310.275	-177.334	-446.248	-163.149	-144.915	-170.964	2.31429	-36.5323	-566.055	69.2168	-38.0926	-565.695	1.99036	-37.0441	-573.831	69.8272	-38.6253	-573.452	1.67435	-38.1502	-569.179	69.3079	-39.8316	-568.779	-0.0659363	-0.230806	0.970763	-0.106994	-0.2485	0.962705	-0.0659363	0.0283108	0.997422	-0.106994	0.00913405	0.994218	-0.0659363	0.0283108	0.997422	-0.106994	0.00913405	0.994218	-3.78213	1.62231	-6.1423	0.52335	-3.78213	1.62231	-6.1423	0.52335	90.4437	90.655	136.508	79.111	504.567	505.746	761.553	441.344	629.875	467.637	1	0	0
"
 tid_11432_time_13:30:2:75 DPETW@ "GAZE_LOG_CALI: 608.379	343.634	611.061	349.997	911.316	335.8	912.513	342.508	221.809	346.972	225.355	353.002	523.268	339.095	525.207	345.922	
10.6035	-163.16	312.131	-170.681	-442.312	-157.128	-142.4	-164.19	7.92106	-169.524	310.934	-177.39	-445.859	-163.16	-144.339	-171.019	2.35936	-36.584	-566.369	69.3553	-38.1262	-565.784	2.03625	-37.0962	-574.145	69.9676	-38.6593	-573.542	1.77102	-38.1508	-569.124	69.4427	-39.8371	-568.682	-0.051631	-0.205291	0.977338	-0.104367	-0.23422	0.966565	-0.051631	0.0546582	0.997169	-0.104367	0.0239264	0.994251	-0.051631	0.0546583	0.997169	-0.104367	0.0239264	0.994251	-2.96399	3.13325	-5.9924	1.37101	-2.96399	3.13325	-5.9924	1.37101	98.0192	104.455	138.032	86.8786	546.83	582.733	770.051	484.678	658.44	533.706	1	0	0
"
 tid_11432_time_13:30:2:97 DPETW@ "GAZE_LOG_CALI: 609.014	344.155	611.37	348.411	912.608	336.188	912.9	341.011	222.835	347.514	225.641	351.543	523.707	339.944	525.769	344.323	
10.9119	-164.746	312.518	-172.178	-442.026	-158.587	-141.837	-165.789	8.55611	-169.003	312.226	-177.002	-444.833	-162.617	-143.9	-170.169	2.42761	-36.9218	-566.345	69.4699	-38.487	-566.021	2.10545	-37.4388	-574.122	70.0835	-39.0249	-573.779	1.91411	-38.0655	-569.633	69.5982	-39.6231	-567.6	-0.0421773	-0.138141	0.989514	-0.0779422	-0.0960744	0.992318	-0.0421773	0.122671	0.991551	-0.0779422	0.16403	0.983371	-0.0421773	0.122671	0.991551	-0.0779422	0.16403	0.983371	-2.4357	7.04627	-4.5318	9.44089	-2.4357	7.04627	-4.5318	9.44089	102.961	140.415	151.656	161.542	574.401	783.348	846.058	901.213	710.229	842.28	1	0	0
"
 tid_11432_time_13:30:2:119 DPETW@ "GAZE_LOG_CALI: 605.708	347.045	611.233	347.361	915.011	337.192	912.75	340.078	221.925	350.069	225.529	350.325	526.521	340.639	526.201	343.252	
10.7748	-165.796	312.368	-173.111	-442.138	-159.806	-141.405	-166.86	5.25009	-166.113	314.631	-175.998	-445.743	-160.062	-141.085	-169.474	2.39732	-37.177	-566.38	69.5286	-38.7613	-566.771	2.07477	-37.6975	-574.156	70.1422	-39.3023	-574.528	1.18132	-37.6564	-572.701	70.2003	-39.4698	-568.131	-0.523024	0.0240373	0.851979	0.00907715	-0.0261662	0.999616	-0.523024	0.243727	0.816727	0.00907715	0.233445	0.972328	-0.523024	0.243727	0.816727	0.00907715	0.233445	0.972328	-32.6351	14.1066	0.534868	13.5	-32.6351	14.1066	0.534868	13.5	-211.938	232.162	198.318	199.782	0	1080	1106.38	1080	553.189	1080	1	0	0
"
 tid_11432_time_13:30:2:141 DPETW@ "GAZE_LOG_CALI: 607.411	344.642	611.288	347.456	913.508	334.411	912.893	339.997	224.232	347.311	225.297	350.311	523.346	338.281	525.692	343.279	
10.8296	-165.701	312.512	-173.193	-442.37	-159.819	-141.915	-166.834	6.95236	-168.515	313.127	-178.781	-443.435	-162.821	-144.261	-171.832	2.40827	-37.1437	-566.009	69.4575	-38.7102	-565.931	2.08565	-37.664	-573.785	70.071	-39.2513	-573.688	1.56706	-38.2904	-573.492	69.6026	-39.8953	-566.001	-0.600028	-0.724744	0.338694	-0.0606071	-0.0833244	0.994678	-0.600028	-0.612388	0.514731	-0.0606071	0.176956	0.982351	-0.600028	-0.612388	0.514731	-0.0606071	0.176956	0.982351	-49.3755	-37.7624	-3.53044	10.1925	-49.3755	-37.7624	-3.53044	10.1925	-488.189	-551.05	160.89	168.333	0	0	897.576	939.095	430.099	447.23	1	0	0
"
 tid_11432_time_13:30:2:163 DPETW@ "GAZE_LOG_CALI: 609.364	341.309	610.947	347.968	911.468	333.069	912.533	340.56	222.246	344.822	225.166	350.987	523.078	337.245	525.474	343.881	
10.4891	-165.189	312.151	-172.63	-442.501	-159.144	-142.133	-166.231	8.90625	-171.849	311.087	-180.123	-445.422	-165.31	-144.529	-172.868	2.33362	-37.0287	-566.274	69.3993	-38.5926	-566.11	2.01011	-37.5472	-574.05	70.0119	-39.1319	-573.867	1.98824	-38.6053	-568.436	69.4235	-40.3196	-568.256	-0.00382791	-0.18521	0.982692	-0.102045	-0.206006	0.973215	-0.00382791	0.0754407	0.997143	-0.102045	0.0529003	0.993372	-0.00382791	0.0754407	0.997143	-0.102045	0.0529003	0.993372	-0.219951	4.32654	-5.86518	3.03238	-0.219951	4.32654	-5.86518	3.03238	123.249	115.009	139.236	101.696	687.579	641.611	776.772	567.344	732.176	604.477	1	0	0
"
 tid_11432_time_13:30:2:185 DPETW@ "GAZE_LOG_CALI: 607.722	342.075	610.818	349.011	911.249	334.324	912.152	341.555	221.438	345.543	224.682	352.071	522.798	337.977	524.82	344.849	
10.3599	-164.146	311.77	-171.634	-442.984	-158.059	-142.786	-165.264	7.26379	-171.084	310.867	-178.867	-446.23	-164.589	-144.809	-172.137	2.30241	-36.7626	-565.825	69.2713	-38.3501	-565.757	1.97819	-37.2778	-573.601	69.8825	-38.8864	-573.514	1.62503	-38.5103	-569.49	69.3648	-40.0913	-568.166	-0.0820105	-0.286194	0.954656	-0.0940121	-0.218807	0.971229	-0.0820105	-0.0293589	0.996199	-0.0940121	0.0400207	0.994766	-0.0820105	-0.0293589	0.996199	-0.0940121	0.0400207	0.994766	-4.70617	-1.68239	-5.3988	2.29363	-4.70617	-1.68239	-5.3988	2.29363	81.9163	60.0351	143.457	95.1638	456.995	334.924	800.315	530.9	622.278	420.457	1	0	0
"
 tid_11432_time_13:30:2:207 DPETW@ "GAZE_LOG_CALI: 607.308	343.243	610.191	349.943	910.623	335.575	911.682	342.385	220.859	346.962	224.309	352.998	522.353	338.785	524.362	345.736	
9.73266	-163.214	311.3	-170.803	-443.358	-157.132	-143.245	-164.377	6.85031	-169.915	310.241	-177.616	-446.809	-163.169	-145.254	-171.328	2.16455	-36.5761	-566.142	69.1681	-38.1596	-565.768	1.83859	-37.0884	-573.918	69.7778	-38.6932	-573.525	1.53164	-38.2059	-569.276	69.2529	-39.8767	-568.389	-0.0641525	-0.233561	0.970224	-0.0990985	-0.22342	0.969672	-0.0641525	0.0255097	0.997614	-0.0990985	0.0351623	0.994456	-0.0641525	0.0255097	0.997614	-0.0990985	0.0351623	0.994456	-3.67939	1.46176	-5.69079	2.01507	-3.67939	1.46176	-5.69079	2.01507	91.2354	89.1102	140.641	92.7878	508.984	497.128	784.609	517.644	646.587	507.003	1	0	0
"
 tid_11432_time_13:30:2:229 DPETW@ "GAZE_LOG_CALI: 607.208	343.549	610.047	349.999	910.463	335.745	911.504	342.558	220.713	346.95	224.053	353.115	522.094	339.012	524.179	345.912	
9.58934	-163.158	311.121	-170.631	-443.614	-157.015	-143.428	-164.201	6.74971	-169.609	310.081	-177.445	-446.955	-163.181	-145.513	-171.101	2.13196	-36.5476	-565.998	69.1276	-38.1203	-565.76	1.80546	-37.0597	-573.775	69.7368	-38.6534	-573.518	1.50891	-38.1694	-569.221	69.2016	-39.8235	-568.263	-0.0631484	-0.236306	0.969625	-0.0989222	-0.216284	0.971306	-0.0631484	0.0227036	0.997746	-0.0989222	0.0424784	0.994188	-0.0631484	0.0227036	0.997746	-0.0989222	0.0424784	0.994188	-3.62148	1.30093	-5.68226	2.43457	-3.62148	1.30093	-5.68226	2.43457	91.745	87.6893	140.679	96.7026	511.827	489.201	784.82	539.484	648.324	514.343	1	0	0
"
 tid_11432_time_13:30:2:251 DPETW@ "GAZE_LOG_CALI: 607.119	345.772	610.152	349.161	910.774	337.339	911.433	341.854	220.683	349.864	224.342	352.278	523.174	341.017	524.682	345.002	
9.69366	-163.995	311.05	-171.335	-443.324	-157.852	-142.925	-165.111	6.66107	-167.385	310.391	-175.851	-446.986	-160.267	-144.433	-169.096	2.15641	-36.7493	-566.234	69.2022	-38.35	-566.5	1.83039	-37.2639	-574.01	69.8117	-38.8856	-574.258	1.48914	-37.5982	-569.287	69.3905	-39.4889	-569.25	-0.0718899	-0.0704205	0.994923	-0.0831884	-0.119185	0.989381	-0.0718899	0.189484	0.979248	-0.0831884	0.140947	0.986516	-0.0718899	0.189484	0.979248	-0.0831884	0.140947	0.986516	-4.19874	10.9227	-4.82009	8.10264	-4.19874	10.9227	-4.82009	8.10264	86.4281	177.356	148.678	149.038	482.165	989.432	829.444	831.452	655.804	910.442	1	0	0
"
 tid_11432_time_13:30:2:406 DPETW@ "GAZE_LOG_CALI: 609.326	342.586	611.983	349.239	912.61	335.304	913.661	342.059	216.255	352.478	225.997	352.411	524.453	338.667	526.127	345.276	
11.5252	-163.918	313.28	-171.13	-441.67	-157.719	-141.479	-164.837	8.86821	-170.573	312.229	-177.887	-451.415	-157.653	-143.154	-171.446	2.56227	-36.7116	-566.019	69.5756	-38.2289	-565.5	2.24179	-37.2259	-573.796	70.1913	-38.7638	-573.257	1.9579	-37.1037	-560.824	69.7155	-39.931	-568.547	-0.0218797	0.00942286	0.999716	-0.0975758	-0.239398	0.966006	-0.0218797	0.267847	0.963213	-0.0975758	0.0187797	0.995051	-0.0218797	0.267847	0.963213	-0.0975758	0.0187797	0.995051	-1.30127	15.5362	-5.60058	1.07606	-1.30127	15.5362	-5.60058	1.07606	113.544	221.935	141.918	84.1159	633.437	1080	791.732	469.266	712.584	774.633	1	0	0
"
 tid_11432_time_13:30:2:428 DPETW@ "GAZE_LOG_CALI: 608.866	343.659	611.83	350.038	912.065	335.927	913.139	342.885	222.01	347.05	225.611	353.127	523.797	339.338	525.597	346.124	
11.3724	-163.119	312.757	-170.304	-442.055	-157.003	-142.01	-163.989	8.4079	-169.499	311.684	-177.264	-445.658	-163.082	-143.809	-170.776	2.52724	-36.5235	-565.716	69.4576	-38.0416	-565.484	2.20609	-37.0355	-573.492	70.0717	-38.5739	-573.242	1.87852	-38.115	-568.761	69.5761	-39.7764	-568.405	-0.0673519	-0.221949	0.972729	-0.0989354	-0.240077	0.965699	-0.0673519	0.0373749	0.997029	-0.0989354	0.018045	0.99493	-0.0673519	0.0373749	0.997029	-0.0989354	0.018045	0.99493	-3.86461	2.14192	-5.6788	1.03396	-3.86461	2.14192	-5.6788	1.03396	89.9201	95.5313	141.07	83.917	501.646	532.95	787.004	468.156	643.547	499.125	1	0	0
"
 tid_11432_time_13:30:2:451 DPETW@ "GAZE_LOG_CALI: 608.425	344.201	611.493	350.544	911.665	336.39	912.876	343.196	221.53	347.429	225.165	353.659	523.326	339.668	525.299	346.662	
11.0352	-162.613	312.494	-169.992	-442.501	-156.471	-142.308	-163.451	7.96696	-168.957	311.284	-176.801	-446.138	-162.703	-144.281	-170.445	2.45201	-36.3987	-565.57	69.3935	-37.9444	-565.443	2.12971	-36.9091	-573.347	70.0067	-38.4753	-573.201	1.77981	-38.0087	-568.71	69.475	-39.6805	-568.302	-0.0732292	-0.230136	0.970399	-0.104801	-0.237552	0.965705	-0.0732292	0.0288635	0.996897	-0.104801	0.0204856	0.994282	-0.0732292	0.0288635	0.996897	-0.104801	0.0204856	0.994282	-4.20124	1.65399	-6.01698	1.17382	-4.20124	1.65399	-6.01698	1.17382	86.7446	91.1979	137.872	85.3187	483.931	508.775	769.162	475.976	624.409	488.609	1	0	0
"
 tid_11432_time_13:30:2:473 DPETW@ "GAZE_LOG_CALI: 608.412	344.075	611.239	350.358	911.471	336.27	912.794	343.088	221.462	347.286	225.007	353.478	523.155	339.568	524.992	346.487	
10.7812	-162.799	312.412	-170.1	-442.66	-156.652	-142.614	-163.626	7.95438	-169.083	311.09	-176.92	-446.206	-162.846	-144.452	-170.545	2.39559	-36.4477	-565.699	69.3401	-37.9568	-565.158	2.07258	-36.9587	-573.475	69.9529	-38.4882	-572.916	1.7773	-38.0337	-568.634	69.4355	-39.7075	-568.336	-0.0594394	-0.216402	0.974493	-0.108536	-0.255747	0.960632	-0.0594394	0.0431891	0.997297	-0.108536	0.00159685	0.994091	-0.0594394	0.0431891	0.997297	-0.108536	0.00159685	0.994091	-3.41082	2.47532	-6.23093	0.091493	-3.41082	2.47532	-6.23093	0.091493	93.9707	98.6725	135.864	75.3959	524.244	550.474	757.958	420.619	639.141	481.892	1	0	0
"
 tid_11432_time_13:30:2:495 DPETW@ "GAZE_LOG_CALI: 608.695	343.942	611.583	350.149	911.71	336.197	912.909	343.001	221.644	347.118	225.216	353.304	523.436	339.47	525.183	346.356	
11.1249	-163.008	312.527	-170.187	-442.45	-156.826	-142.424	-163.756	8.23669	-169.216	311.328	-176.994	-446.024	-163.013	-144.171	-170.643	2.47088	-36.4797	-565.532	69.3775	-37.9873	-565.252	2.14883	-36.9912	-573.308	69.9907	-38.519	-573.01	1.83976	-38.0591	-568.51	69.4954	-39.7303	-568.388	-0.062745	-0.216785	0.974201	-0.103107	-0.252169	0.962175	-0.062745	0.0427432	0.997114	-0.103107	0.00545289	0.994655	-0.062745	0.0427432	0.997114	-0.103107	0.00545289	0.994655	-3.60068	2.44975	-5.91818	0.312429	-3.60068	2.44975	-5.91818	0.312429	92.3075	98.4458	138.793	77.378	514.965	549.21	774.297	431.677	643.164	487.701	1	0	0
"
 tid_11432_time_13:30:2:516 DPETW@ "GAZE_LOG_CALI: 609.221	343.758	611.999	350.049	912.334	336.117	913.517	342.985	222.159	347.061	225.789	353.193	523.914	339.446	525.786	346.29	
11.5406	-163.108	313.136	-170.203	-441.877	-156.937	-141.82	-163.822	8.76291	-169.4	311.953	-177.074	-445.509	-163.071	-143.693	-170.667	2.56472	-36.5157	-565.728	69.5124	-37.9963	-565.251	2.2441	-37.0276	-573.505	70.1274	-38.5281	-573.009	1.95695	-38.0852	-568.5	69.6124	-39.7295	-568.21	-0.0560396	-0.206416	0.976858	-0.103554	-0.241559	0.964845	-0.0560396	0.0534474	0.996997	-0.103554	0.0163925	0.994489	-0.0560396	0.0534473	0.996997	-0.103554	0.0163925	0.994489	-3.21712	3.06377	-5.94469	0.939261	-3.21712	3.06377	-5.94469	0.939261	95.9266	104.02	138.684	83.149	535.155	580.306	773.692	463.871	654.423	522.089	1	0	0
"
 tid_11432_time_13:30:2:538 DPETW@ "GAZE_LOG_CALI: 609.67	343.656	612.658	350.079	912.886	336.152	913.939	343.023	222.601	347.084	226.161	353.196	524.369	339.512	526.304	346.339	
12.2	-163.078	313.557	-170.166	-441.505	-156.934	-141.303	-163.774	9.21228	-169.502	312.505	-177.038	-445.067	-163.048	-143.238	-170.601	2.70939	-36.4886	-565.364	69.6213	-37.9949	-565.374	2.39057	-37.0004	-573.141	70.2378	-38.5266	-573.132	2.0574	-38.0934	-568.49	69.7208	-39.7096	-568.089	-0.069574	-0.228238	0.971116	-0.0993315	-0.227275	0.968751	-0.069574	0.0308821	0.997099	-0.0993315	0.0312005	0.994565	-0.069574	0.0308821	0.997099	-0.0993315	0.0312005	0.994565	-3.99143	1.7697	-5.70346	1.78795	-3.99143	1.7697	-5.70346	1.78795	88.9574	92.2182	141.018	90.9435	496.276	514.467	786.708	507.356	641.32	510.604	1	0	0
"
 tid_11432_time_13:30:2:561 DPETW@ "GAZE_LOG_CALI: 609.955	343.366	612.867	349.867	913.181	335.909	914.264	342.819	222.843	346.769	226.367	352.991	524.543	339.254	526.441	346.132	
12.4091	-163.29	313.883	-170.37	-441.299	-157.139	-141.166	-163.98	9.49746	-169.792	312.8	-177.282	-444.825	-163.363	-143.064	-170.859	2.75605	-36.5345	-565.359	69.6641	-38.0245	-565.135	2.43789	-37.047	-573.135	70.2814	-38.5568	-572.893	2.12055	-38.1577	-568.441	69.7678	-39.7548	-567.934	-0.0656335	-0.229721	0.971041	-0.100169	-0.233664	0.967144	-0.0656335	0.0294307	0.99741	-0.100169	0.0246129	0.994666	-0.0656335	0.0294307	0.99741	-0.100169	0.0246129	0.994666	-3.76486	1.6865	-5.75065	1.41036	-3.76486	1.6865	-5.75065	1.41036	91.0949	91.4037	140.648	87.4885	508.2	509.923	784.647	488.081	645.623	497.518	2	0	0
"
 tid_11432_time_13:30:2:583 DPETW@ "GAZE_LOG_CALI: 609.477	342.953	612.528	349.402	912.75	335.502	913.911	342.311	222.384	346.277	225.948	352.582	524.16	338.855	526.006	345.691	
12.07	-163.755	313.529	-170.878	-441.718	-157.548	-141.601	-164.421	9.0191	-170.205	312.369	-177.689	-445.284	-163.855	-143.447	-171.258	2.67986	-36.6254	-565.26	69.5726	-38.123	-565.029	2.36057	-37.1392	-573.036	70.1887	-38.6568	-572.786	2.01363	-38.2608	-568.466	69.6789	-39.849	-567.992	-0.0735291	-0.237704	0.968551	-0.102634	-0.240028	0.965325	-0.0735291	0.0210749	0.99707	-0.102634	0.0179953	0.994556	-0.0735292	0.0210749	0.99707	-0.102634	0.0179953	0.994556	-4.21765	1.20759	-5.89184	1.03111	-4.21765	1.20759	-5.89184	1.03111	86.8505	86.9362	139.261	83.9238	484.521	485	776.909	468.194	627.636	470.955	1	1	1
"
 tid_11432_time_13:30:2:605 DPETW@ "GAZE_LOG_CALI: 608.712	342.661	611.748	349.066	911.895	335.21	912.992	342.007	221.505	345.971	225.039	352.314	523.208	338.557	525.147	345.392	
11.2904	-164.091	312.61	-171.182	-442.627	-157.817	-142.46	-164.721	8.25385	-170.498	311.514	-177.981	-446.164	-164.16	-144.399	-171.556	2.50629	-36.6817	-565.089	69.3774	-38.1949	-565.099	2.18448	-37.1965	-572.865	69.9907	-38.7297	-572.857	1.8426	-38.3176	-568.314	69.4724	-39.9058	-567.859	-0.0727554	-0.238579	0.968394	-0.100459	-0.227936	0.96848	-0.0727554	0.0201889	0.997145	-0.100459	0.0304917	0.994474	-0.0727554	0.0201889	0.997145	-0.100459	0.0304917	0.994474	-4.17312	1.15681	-5.76832	1.74732	-4.17312	1.15681	-5.76832	1.74732	87.0984	86.4536	140.202	90.4358	485.905	482.307	782.158	504.523	632.314	490.325	1	1	1
"
 tid_11432_time_13:30:2:627 DPETW@ "GAZE_LOG_CALI: 607.952	342.887	610.865	349.484	911.161	335.423	912.374	342.189	220.635	346.293	224.232	352.626	522.394	338.68	524.321	345.526	
10.4071	-163.673	311.991	-171	-443.435	-157.504	-143.286	-164.586	7.49428	-170.271	310.779	-177.768	-447.033	-163.839	-145.213	-171.433	2.31036	-36.6069	-565.185	69.2071	-38.1417	-564.83	1.98587	-37.1205	-572.961	69.8184	-38.676	-572.588	1.67229	-38.247	-568.174	69.296	-39.8617	-567.763	-0.063636	-0.228601	0.971438	-0.10457	-0.237338	0.965783	-0.063636	0.0306154	0.997503	-0.10457	0.0207118	0.994302	-0.063636	0.0306154	0.997503	-0.10457	0.0207118	0.994302	-3.65025	1.75441	-6.00366	1.18678	-3.65025	1.75441	-6.00366	1.18678	91.7111	91.9951	137.875	85.3895	511.638	513.222	769.179	476.371	639.068	492.341	1	1	1
"
 tid_11432_time_13:30:2:649 DPETW@ "GAZE_LOG_CALI: 607.34	343.399	610.048	349.95	910.51	335.681	911.709	342.588	219.866	346.85	223.495	353.005	521.7	339.05	523.577	345.933	
9.59037	-163.207	311.327	-170.6	-444.172	-157.125	-144.03	-164.179	6.88187	-169.759	310.127	-177.51	-447.803	-163.281	-145.908	-171.063	2.12952	-36.5193	-565.283	69.0467	-38.045	-564.723	1.80256	-37.0317	-573.059	69.6559	-38.5781	-572.481	1.53527	-38.1138	-567.967	69.1435	-39.7875	-567.706	-0.0512795	-0.207608	0.976867	-0.103452	-0.244175	0.964197	-0.0512795	0.0522984	0.997314	-0.103452	0.013698	0.99454	-0.0512795	0.0522984	0.997314	-0.103452	0.013698	0.99454	-2.94342	2.99784	-5.93853	0.784864	-2.94342	2.99784	-5.93853	0.784864	98.0282	103.493	138.324	81.8062	546.88	577.369	771.683	456.381	659.281	516.875	1	1	1
"
 tid_11432_time_13:30:2:671 DPETW@ "GAZE_LOG_CALI: 606.63	343.871	609.654	350.407	909.899	336.133	911.004	342.978	219.16	347.27	222.835	353.491	521.085	339.419	522.917	346.311	
9.196	-162.75	310.621	-170.21	-444.832	-156.639	-144.69	-163.802	6.17137	-169.287	309.517	-177.057	-448.509	-162.861	-146.523	-170.694	2.04078	-36.3924	-564.939	68.8968	-37.9636	-564.779	1.71237	-36.9033	-572.715	69.5038	-38.4954	-572.537	1.37658	-38.0145	-567.972	69.0063	-39.6951	-567.696	-0.0687678	-0.227559	0.971333	-0.0992743	-0.239363	0.965842	-0.0687678	0.0315939	0.997132	-0.0992743	0.0187715	0.994883	-0.0687678	0.0315939	0.997132	-0.0992743	0.0187715	0.994883	-3.94519	1.8105	-5.69839	1.07559	-3.94519	1.8105	-5.69839	1.07559	88.7323	92.7847	140.387	84.547	495.02	517.627	783.191	471.671	637.698	492.082	1	1	1
"
 tid_11432_time_13:30:2:697 DPETW@ "GAZE_LOG_CALI: 606.224	344.127	609.061	350.674	909.54	336.176	910.773	343.039	218.631	347.422	222.188	353.688	520.546	339.555	522.495	346.296	
8.60325	-162.483	310.389	-170.149	-445.48	-156.442	-145.112	-163.817	5.766	-169.031	309.157	-177.014	-449.039	-162.709	-147.061	-170.558	1.90884	-36.3365	-564.869	68.8158	-37.9422	-564.536	1.57854	-36.8466	-572.645	69.422	-38.474	-572.294	1.2862	-37.958	-567.808	68.898	-39.6591	-567.465	-0.0588018	-0.223555	0.972916	-0.104778	-0.236985	0.965847	-0.0588018	0.0358721	0.997625	-0.104778	0.0210695	0.994272	-0.0588018	0.0358721	0.997625	-0.104778	0.0210695	0.994273	-3.37321	2.05576	-6.0157	1.20728	-3.37321	2.05576	-6.0157	1.20728	93.8689	95.1008	137.392	85.8448	523.676	530.549	766.482	478.911	644.62	503.892	1	1	1
"
 tid_11432_time_13:30:2:718 DPETW@ "GAZE_LOG_CALI: 606.278	344.055	609.065	350.665	909.618	336.104	910.83	342.975	218.507	347.458	222.18	353.659	520.567	339.413	522.511	346.25	
8.60654	-162.492	310.446	-170.213	-445.487	-156.471	-145.095	-163.862	5.81947	-169.103	309.235	-177.086	-449.163	-162.673	-147.04	-170.7	1.90996	-36.3395	-564.85	68.822	-37.9507	-564.481	1.57966	-36.8497	-572.626	69.4283	-38.4827	-572.239	1.29789	-37.9467	-567.578	68.9066	-39.6777	-567.389	-0.0544652	-0.21204	0.975742	-0.103881	-0.23792	0.965714	-0.0544652	0.0477261	0.997374	-0.103881	0.0201316	0.994386	-0.0544652	0.0477261	0.997374	-0.103881	0.0201316	0.994386	-3.12574	2.73554	-5.96392	1.15354	-3.12574	2.73554	-5.96392	1.15354	96.1478	101.351	137.883	85.3536	536.39	565.419	769.223	476.17	652.806	520.795	1	1	1
"
 tid_11432_time_13:30:2:740 DPETW@ "GAZE_LOG_CALI: 606.631	343.953	609.466	350.498	909.995	335.963	911.105	342.882	218.74	347.349	222.487	353.552	520.808	339.315	522.69	346.167	
9.00843	-162.659	310.722	-170.306	-445.181	-156.578	-144.917	-163.946	6.17314	-169.205	309.613	-177.228	-448.929	-162.782	-146.799	-170.798	1.99863	-36.3622	-564.731	68.8684	-37.9624	-564.363	1.66949	-36.8729	-572.507	69.4755	-38.4946	-572.121	1.37603	-37.9605	-567.431	68.9698	-39.6923	-567.216	-0.0564424	-0.209184	0.976246	-0.0996449	-0.236016	0.966627	-0.0564424	0.0506145	0.997122	-0.0996449	0.0222077	0.994775	-0.0564424	0.0506145	0.997122	-0.0996449	0.0222077	0.994775	-3.23979	2.90124	-5.72014	1.27251	-3.23979	2.90124	-5.72014	1.27251	95.1954	102.882	140.198	86.4605	531.076	573.959	782.135	482.346	656.605	528.152	1	1	1
"
 tid_11432_time_13:30:2:762 DPETW@ "GAZE_LOG_CALI: 606.969	343.841	609.848	350.403	910.46	335.884	911.711	342.81	219.093	347.273	222.822	353.494	521.176	339.189	523.072	346.044	
9.3901	-162.754	311.329	-170.378	-444.845	-156.636	-144.535	-164.068	6.51099	-169.317	310.078	-177.306	-448.577	-162.859	-146.432	-170.924	2.08279	-36.3757	-564.676	68.9681	-37.9648	-564.078	1.7548	-36.8866	-572.453	69.5769	-38.4973	-571.836	1.45121	-37.9828	-567.453	69.0587	-39.7067	-567.095	-0.0592036	-0.21378	0.975086	-0.10533	-0.245824	0.963575	-0.0592036	0.045875	0.997191	-0.10533	0.0119433	0.994366	-0.0592036	0.045875	0.997191	-0.10533	0.0119433	0.994366	-3.39768	2.62937	-6.0466	0.684319	-3.39768	2.62937	-6.0466	0.684319	93.8316	100.382	137.308	81.1192	523.468	560.011	766.015	452.548	644.376	505.615	1	1	1
"
 tid_11432_time_13:30:2:784 DPETW@ "GAZE_LOG_CALI: 607.169	343.619	609.998	350.106	910.754	335.651	911.987	342.553	219.146	347.024	222.905	353.247	521.341	338.965	523.284	345.952	
9.53965	-163.051	311.605	-170.635	-444.763	-156.883	-144.323	-164.161	6.7112	-169.539	310.372	-177.539	-448.523	-163.107	-146.266	-171.148	2.11566	-36.4306	-564.591	69.0197	-37.9986	-564.005	1.78808	-36.9423	-572.368	69.6292	-38.5317	-571.763	1.49556	-38.0228	-567.265	69.1046	-39.7465	-566.935	-0.055996	-0.206833	0.976772	-0.104807	-0.242672	0.96443	-0.055996	0.0530217	0.997022	-0.104807	0.0152097	0.994376	-0.055996	0.0530217	0.997022	-0.104807	0.0152097	0.994376	-3.21454	3.03934	-6.01675	0.871488	-3.21454	3.03934	-6.01675	0.871488	95.5548	104.114	137.645	82.8256	533.081	580.831	767.894	462.068	650.487	521.449	1	1	1
"
 tid_11432_time_13:30:2:806 DPETW@ "GAZE_LOG_CALI: 606.886	343.218	609.856	349.818	910.611	335.246	911.824	342.04	218.869	346.678	222.514	352.861	521.15	338.567	522.998	345.448	
9.39767	-163.338	311.442	-171.148	-445.153	-157.27	-144.608	-164.664	6.42798	-169.94	310.229	-177.944	-448.801	-163.454	-146.457	-171.546	2.08323	-36.485	-564.272	68.9641	-38.1004	-563.841	1.75501	-36.9978	-572.048	69.5731	-38.6351	-571.598	1.43215	-38.1071	-567.275	69.0654	-39.832	-566.876	-0.0657475	-0.225897	0.97193	-0.103658	-0.244382	0.964123	-0.0657475	0.0333545	0.997279	-0.103658	0.0134783	0.994522	-0.0657475	0.0333545	0.997279	-0.103658	0.0134783	0.994522	-3.77187	1.91143	-5.95037	0.772274	-3.77187	1.91143	-5.95037	0.772274	90.4158	93.769	138.222	81.8521	504.411	523.119	771.113	456.637	635.96	486.577	1	1	1
"
 tid_11432_time_13:30:2:828 DPETW@ "GAZE_LOG_CALI: 611.794	342.773	611.946	349.525	915.79	334.654	913.753	341.741	223.534	346.119	224.588	352.659	526.257	337.88	525.023	345.038	
11.4882	-163.632	313.372	-171.448	-443.079	-157.471	-142.584	-165.075	11.3366	-170.386	315.411	-178.538	-444.134	-164.012	-141.35	-172.233	2.54619	-36.5391	-564.263	69.4077	-38.1876	-563.968	2.22446	-37.0526	-572.039	70.0227	-38.7234	-571.725	2.52451	-38.1992	-566.989	70.2108	-39.9694	-566.808	0.057841	-0.221027	0.973551	0.0370513	-0.245485	0.968692	0.057841	0.0384775	0.997584	0.0370513	0.0135956	0.999221	0.057841	0.0384775	0.997584	0.0370513	0.0135956	0.999221	3.31836	2.20514	2.12357	0.778992	3.31836	2.20514	2.12357	0.778992	155.912	96.4072	212.715	81.7635	869.804	537.836	1186.69	456.142	1028.25	496.989	1	1	1
"
 tid_11432_time_13:30:2:850 DPETW@ "GAZE_LOG_CALI: 617.204	342.569	614.768	349.009	919.802	334.52	915.827	341.655	228.815	345.81	226.988	352.109	530.588	337.824	527.201	344.847	
14.3105	-164.148	315.446	-171.535	-440.678	-158.021	-140.406	-165.265	16.7464	-170.589	319.425	-178.672	-438.85	-164.321	-137.019	-172.289	3.16851	-36.6234	-563.741	69.8854	-38.2284	-564.121	2.85519	-37.1386	-571.518	70.5069	-38.7645	-571.878	3.72827	-38.2465	-566.853	71.1576	-40.02	-567.235	0.179134	-0.227303	0.957206	0.134062	-0.25866	0.95662	0.179134	0.0281852	0.983421	0.134062	-0.00225431	0.99097	0.179134	0.0281852	0.983421	0.134062	-0.00225431	0.99097	10.3235	1.61511	7.70442	-0.129162	10.3235	1.61511	7.70442	-0.129162	221.612	91.2431	264.681	73.3614	1236.33	509.027	1476.6	409.269	1365.05	445.7	1	1	1
"
 tid_11432_time_13:30:2:871 DPETW@ "GAZE_LOG_CALI: 617.483	342.269	614.907	348.858	920.014	334.427	916.041	341.51	228.897	345.388	227.183	351.876	530.888	337.683	527.566	344.694	
14.4493	-164.299	315.661	-171.679	-440.483	-158.254	-140.04	-165.419	17.0253	-170.889	319.637	-178.765	-438.769	-164.743	-136.719	-172.43	3.20036	-36.6701	-563.805	69.9569	-38.2743	-564.312	2.88752	-37.1859	-571.582	70.5791	-38.8109	-572.068	3.78897	-38.3101	-566.602	71.2191	-40.0542	-567.35	0.173893	-0.216866	0.960588	0.130061	-0.252661	0.958774	0.173893	0.0391418	0.983986	0.130061	0.00409706	0.991498	0.173893	0.0391418	0.983986	0.130061	0.00409706	0.991498	10.022	2.24323	7.47317	0.234745	10.022	2.24323	7.47317	0.234745	218.806	97.0119	262.623	76.6266	1220.67	541.21	1465.12	427.485	1348.46	475.695	1	1	1
"
 tid_11432_time_13:30:2:894 DPETW@ "GAZE_LOG_CALI: 618.622	341.708	615.967	348.128	921.177	334.218	917.137	341.146	229.962	344.887	228.104	351.281	532.096	337.494	528.778	344.409	
15.5092	-165.029	316.757	-172.044	-439.562	-158.849	-138.829	-165.703	18.1643	-171.45	320.801	-178.975	-437.703	-165.244	-135.511	-172.619	3.43299	-36.8065	-563.646	70.2189	-38.3566	-564.465	3.12333	-37.3244	-571.423	70.8446	-38.8941	-572.221	4.04226	-38.422	-566.507	71.4864	-40.103	-567.413	0.179487	-0.214382	0.960117	0.12838	-0.241822	0.96179	0.179487	0.0414197	0.982888	0.12838	0.0153476	0.991606	0.179487	0.0414197	0.982888	0.12838	0.0153476	0.991606	10.3489	2.37385	7.37685	0.879388	10.3489	2.37385	7.37685	0.879388	222.094	98.1497	262.008	82.4575	1239.02	547.558	1461.69	460.014	1354.84	497.161	1	1	1
"
 tid_11432_time_13:30:2:916 DPETW@ "GAZE_LOG_CALI: 620.469	340.853	617.863	347.388	922.935	333.896	918.909	340.859	231.596	344.197	229.887	350.578	534.011	337.096	530.662	343.972	
17.4058	-165.769	318.53	-172.331	-437.778	-159.552	-136.944	-166.141	20.0113	-172.305	322.56	-179.297	-436.069	-165.934	-133.595	-173.017	3.85247	-36.9571	-563.504	70.6312	-38.4474	-564.62	3.54862	-37.4772	-571.281	71.2625	-38.986	-572.376	4.45038	-38.5768	-566.256	71.9048	-40.1976	-567.618	0.172672	-0.210558	0.962211	0.129718	-0.244701	0.960882	0.172672	0.045655	0.983921	0.129718	0.012332	0.991474	0.172672	0.045655	0.983921	0.129718	0.012332	0.991474	9.95369	2.61675	7.45384	0.706588	9.95369	2.61675	7.45384	0.706588	218.758	100.264	263.159	80.7362	1220.41	559.35	1468.11	450.411	1348.26	498.888	1	1	1
"
 tid_11432_time_13:30:2:938 DPETW@ "GAZE_LOG_CALI: 623.517	339.619	620.891	346.057	925.964	333.274	921.82	340.139	234.477	342.913	232.809	349.194	537.159	336.444	533.714	343.418	
20.4334	-167.1	321.443	-173.051	-434.855	-160.936	-133.892	-166.695	23.0603	-173.54	325.59	-179.92	-433.187	-167.218	-130.447	-173.669	4.5211	-37.2503	-563.393	71.3015	-38.6014	-564.808	4.22658	-37.7747	-571.17	71.9419	-39.1419	-572.563	5.12682	-38.8435	-566.056	72.6019	-40.3516	-567.787	0.169827	-0.201615	0.96463	0.132777	-0.243345	0.960809	0.169827	0.0549196	0.983942	0.132777	0.0136227	0.991052	0.169827	0.0549196	0.983942	0.132777	0.0136227	0.991052	9.79269	3.14824	7.63082	0.780545	9.79269	3.14824	7.63082	0.780545	217.887	104.928	265.506	81.225	1215.55	585.37	1481.21	453.138	1351.5	514.753	1	1	1
"
 tid_11432_time_13:30:2:960 DPETW@ "GAZE_LOG_CALI: 626.174	338.669	623.577	345.128	928.41	332.87	924.304	339.817	237.003	341.968	235.249	348.268	539.725	336.115	536.37	342.979	
23.1194	-168.03	323.928	-173.374	-432.414	-161.862	-131.236	-167.134	25.7177	-174.491	328.038	-180.325	-430.659	-168.163	-127.881	-173.997	5.11315	-37.4355	-563.088	71.8824	-38.7016	-565.041	4.82678	-37.9628	-570.865	72.5306	-39.2433	-572.796	5.71614	-39.0436	-565.904	73.1691	-40.4452	-567.957	0.172537	-0.20969	0.962425	0.127039	-0.239137	0.962639	0.172537	0.0465484	0.983903	0.127039	0.0181612	0.991731	0.172536	0.0465484	0.983903	0.127039	0.0181612	0.991731	9.94622	2.66799	7.29975	1.04062	9.94622	2.66799	7.29975	1.04062	219.873	100.354	263.036	83.4672	1226.63	559.852	1467.43	465.647	1350.58	507.544	1	1	1
"
 tid_11432_time_13:30:2:981 DPETW@ "GAZE_LOG_CALI: 628.673	337.765	625.96	344.223	930.867	332.458	926.711	339.456	239.458	341.072	237.69	347.434	542.237	335.799	538.882	342.632	
25.5035	-168.936	326.337	-173.736	-429.972	-162.696	-128.724	-167.481	28.2166	-175.395	330.497	-180.737	-428.204	-169.059	-125.369	-174.313	5.64105	-37.6336	-563.175	72.4362	-38.7909	-565.201	5.36213	-38.1636	-570.952	73.0919	-39.3336	-572.955	6.2709	-39.2409	-565.863	73.7277	-40.5316	-568.034	0.172094	-0.204004	0.963725	0.124571	-0.234683	0.964057	0.172094	0.0523775	0.983687	0.124571	0.0228298	0.991948	0.172094	0.0523775	0.983687	0.124571	0.0228298	0.991948	9.92333	3.00238	7.15786	1.30817	9.92333	3.00238	7.15786	1.30817	220.199	103.246	262.293	85.8103	1228.44	575.988	1463.28	478.719	1348.18	524.034	1	1	1
"
 tid_11432_time_13:30:3:3 DPETW@ "GAZE_LOG_CALI: 631.238	336.664	628.496	343.145	933.033	332.139	928.911	338.972	241.82	339.979	240.023	346.259	544.83	335.295	541.422	342.189	
28.0389	-170.013	328.538	-174.22	-427.639	-163.871	-126.184	-167.923	30.7813	-176.496	332.663	-181.057	-425.841	-170.152	-122.776	-174.817	6.19948	-37.8664	-562.928	72.982	-38.9235	-565.637	5.92829	-38.3999	-570.705	73.6447	-39.4676	-573.389	6.8383	-39.4676	-565.614	74.2839	-40.6628	-568.587	0.172333	-0.202184	0.964066	0.1281	-0.239513	0.962405	0.172333	0.0542241	0.983545	0.1281	0.0177373	0.991603	0.172333	0.0542241	0.983545	0.1281	0.0177373	0.991603	9.93824	3.10834	7.36095	1.01632	9.93824	3.10834	7.36095	1.01632	220.853	104.052	264.787	82.8828	1232.09	580.484	1477.19	462.387	1357.99	516.7	1	1	1
"
 tid_11432_time_13:30:3:25 DPETW@ "GAZE_LOG_CALI: 632.47	335.749	629.743	342.209	934.233	331.716	930.081	338.679	243.097	339.051	241.247	345.46	546.036	334.914	542.676	341.848	
29.286	-170.949	329.709	-174.514	-426.414	-164.67	-124.929	-168.264	32.0135	-177.411	333.864	-181.479	-424.564	-171.08	-121.57	-175.199	6.47448	-38.0572	-562.911	73.2572	-39.0021	-565.755	6.20715	-38.5935	-570.688	73.9235	-39.5472	-573.507	7.11214	-39.6776	-565.687	74.5541	-40.7539	-568.605	0.174162	-0.208638	0.962361	0.123946	-0.237197	0.963522	0.174162	0.0475483	0.983568	0.123946	0.0202635	0.992082	0.174162	0.0475483	0.983568	0.123946	0.0202635	0.992082	10.0414	2.72535	7.12139	1.16109	10.0414	2.72535	7.12139	1.16109	222.091	100.314	262.845	84.1109	1239	559.634	1466.36	469.238	1356.46	508.99	1	1	1
"
 tid_11432_time_13:30:3:47 DPETW@ "GAZE_LOG_CALI: 633.711	335.142	630.603	341.412	935.276	331.528	930.805	338.094	244.438	338.404	242.238	344.686	547.14	334.682	543.465	341.419	
30.1466	-171.747	330.433	-175.099	-425.423	-165.444	-124.141	-168.693	33.2552	-178.019	334.908	-181.668	-423.223	-171.727	-120.466	-175.43	6.66698	-38.2425	-563.078	73.4296	-39.1214	-565.849	6.40245	-38.7811	-570.854	74.0983	-39.6681	-573.601	7.38998	-39.8262	-565.816	74.798	-40.8067	-568.688	0.188464	-0.199433	0.961617	0.137423	-0.22362	0.96494	0.188464	0.0562472	0.980468	0.137423	0.0337447	0.989938	0.188464	0.0562472	0.980468	0.137423	0.0337447	0.989937	10.8806	3.22443	7.90327	1.9338	10.8806	3.22443	7.90327	1.9338	230.231	104.817	270.325	91.1523	1284.41	584.755	1508.09	508.521	1400.51	541.431	1	1	1
"
 tid_11432_time_13:30:3:69 DPETW@ "GAZE_LOG_CALI: 633.282	334.683	630.198	340.978	934.857	331.26	930.575	338.005	244.059	337.884	241.946	344.157	546.781	334.424	543.12	341.152	
29.7412	-172.18	330.203	-175.188	-425.715	-165.973	-124.485	-168.961	32.826	-178.478	334.489	-181.935	-423.601	-172.247	-120.824	-175.689	6.57936	-38.3587	-563.217	73.3593	-39.1507	-565.697	6.31366	-38.8988	-570.994	74.0271	-39.6979	-573.449	7.29568	-39.9395	-565.876	74.7141	-40.8706	-568.757	0.184783	-0.195813	0.963074	0.140635	-0.240062	0.960517	0.184783	0.0601211	0.980939	0.140635	0.0167179	0.98992	0.184783	0.0601211	0.980939	0.140635	0.0167179	0.98992	10.668	3.44676	8.08573	0.95791	10.668	3.44676	8.08573	0.95791	228.15	106.726	271.939	82.1198	1272.8	595.401	1517.09	458.13	1400.79	519.333	1	1	1
"
 tid_11432_time_13:30:3:92 DPETW@ "GAZE_LOG_CALI: 632.498	334.576	629.504	340.877	934.094	331.256	929.803	337.951	243.241	337.792	241.113	344.071	546.008	334.435	542.393	341.094	
29.047	-172.282	329.431	-175.242	-426.548	-166.059	-125.213	-169.019	32.0414	-178.584	333.726	-181.939	-424.42	-172.339	-121.598	-175.678	6.423	-38.368	-563.048	73.1945	-39.1667	-565.747	6.15503	-38.9085	-570.825	73.86	-39.7141	-573.499	7.12041	-39.9587	-565.834	74.5417	-40.8692	-568.748	0.186007	-0.202343	0.961488	0.138112	-0.23401	0.962374	0.186007	0.053403	0.981096	0.138112	0.023045	0.990148	0.186007	0.0534031	0.981096	0.138112	0.023045	0.990148	10.7354	3.06123	7.94076	1.3205	10.7354	3.06123	7.94076	1.3205	228.597	103.163	270.422	85.448	1275.3	575.524	1508.63	476.697	1397.62	518.853	1	1	1
"
 tid_11432_time_13:30:3:113 DPETW@ "GAZE_LOG_CALI: 631.331	334.693	628.274	341.083	933.01	331.425	928.674	338.081	242.102	337.903	239.982	344.181	544.856	334.6	541.21	341.384	
27.8171	-172.075	328.301	-175.111	-427.68	-165.95	-126.396	-168.728	30.8744	-178.467	332.641	-181.771	-425.56	-172.228	-122.75	-175.513	6.15342	-38.3404	-563.154	72.9336	-39.1147	-565.67	5.88172	-38.8804	-570.93	73.5956	-39.6614	-573.422	6.86208	-39.935	-565.855	74.2871	-40.8251	-568.651	0.185841	-0.199922	0.962026	0.139442	-0.234643	0.962028	0.185841	0.0558811	0.980989	0.139442	0.0223435	0.989978	0.185841	0.0558811	0.980989	0.139442	0.0223435	0.989978	10.7271	3.20342	8.01759	1.28029	10.7271	3.20342	8.01759	1.28029	228.267	104.493	270.867	85.1471	1273.45	582.948	1511.11	475.018	1397.73	522.047	1	1	1
"
 tid_11432_time_13:30:3:135 DPETW@ "GAZE_LOG_CALI: 630.466	334.901	627.516	341.27	932.378	331.569	927.975	338.33	241.342	338.146	239.259	344.479	544.108	334.776	540.513	341.611	
27.0594	-171.889	327.602	-174.862	-428.402	-165.652	-127.093	-168.501	30.0096	-178.259	332.009	-181.627	-426.319	-171.985	-123.498	-175.336	5.98544	-38.2902	-563.205	72.7782	-39.0619	-565.671	5.7114	-38.8294	-570.981	73.438	-39.6079	-573.424	6.67075	-39.8945	-565.992	74.1264	-40.7788	-568.503	0.184823	-0.205196	0.961111	0.134825	-0.22935	0.963961	0.184823	0.0505501	0.981471	0.134825	0.0279568	0.990475	0.184823	0.0505501	0.981471	0.134825	0.0279568	0.990475	10.6646	2.89754	7.75155	1.60201	10.6646	2.89754	7.75155	1.60201	227.517	101.676	268.225	88.1706	1269.27	567.23	1496.38	491.886	1387.48	523.49	1	1	1
"
 tid_11432_time_13:30:3:158 DPETW@ "GAZE_LOG_CALI: 629.924	334.992	626.957	341.356	931.884	331.699	927.576	338.433	240.722	338.246	238.731	344.696	543.495	334.839	539.887	341.66	
26.5001	-171.803	327.203	-174.76	-428.931	-165.434	-127.719	-168.452	29.4673	-178.168	331.514	-181.497	-426.94	-171.885	-124.111	-175.273	5.86192	-38.2591	-563.241	72.6517	-39.0247	-565.375	5.58617	-38.7979	-571.018	73.3101	-39.5705	-573.128	6.5491	-39.8662	-565.891	73.9957	-40.746	-568.346	0.180822	-0.200616	0.962838	0.137885	-0.236419	0.961818	0.180822	0.0554208	0.981953	0.137885	0.0205734	0.990235	0.180822	0.0554208	0.981953	0.137885	0.0205734	0.990235	10.4338	3.17701	7.92714	1.17885	10.4338	3.17701	7.92714	1.17885	225.219	104.282	269.7	84.3632	1256.45	581.767	1504.6	470.646	1385.29	519.926	1	1	1
"
 tid_11432_time_13:30:3:181 DPETW@ "GAZE_LOG_CALI: 629.344	335.054	626.457	341.432	931.621	331.565	927.167	338.327	240.24	338.367	238.215	344.651	542.959	334.813	539.416	341.583	
26	-171.727	326.793	-174.865	-429.447	-165.48	-128.19	-168.53	28.8873	-178.106	331.251	-181.63	-427.422	-171.764	-124.647	-175.3	5.75137	-38.2542	-563.217	72.5508	-39.0403	-565.305	5.47405	-38.7929	-570.993	73.2079	-39.5864	-573.058	6.42162	-39.8542	-566.011	73.8916	-40.7392	-567.999	0.182858	-0.204821	0.961567	0.130644	-0.220293	0.966645	0.182858	0.05103	0.981814	0.130644	0.0373997	0.990724	0.182858	0.05103	0.981814	0.130644	0.0373997	0.990724	10.5502	2.92508	7.5121	2.14334	10.5502	2.92508	7.5121	2.14334	226.202	101.956	265.714	93.2777	1261.93	568.79	1482.36	520.378	1374.79	541.147	1	1	1
"
 tid_11432_time_13:30:3:203 DPETW@ "GAZE_LOG_CALI: 629.135	335.166	626.145	341.606	931.443	331.633	927.008	338.481	239.977	338.496	237.903	344.876	542.684	334.864	539.051	341.698	
25.6879	-171.553	326.634	-174.712	-429.759	-165.254	-128.555	-168.415	28.6782	-177.994	331.073	-181.562	-427.685	-171.636	-124.922	-175.249	5.68218	-38.2099	-563.216	72.4814	-38.9919	-565.034	5.40389	-38.748	-570.992	73.1378	-39.5376	-572.787	6.37442	-39.8226	-565.94	73.8355	-40.7169	-567.873	0.184646	-0.204444	0.961306	0.13675	-0.231155	0.963258	0.184646	0.0513261	0.981464	0.13675	0.0260308	0.990263	0.184646	0.0513261	0.981464	0.13675	0.0260308	0.990263	10.6547	2.94206	7.86252	1.49162	10.6547	2.94206	7.86252	1.49162	227.121	102.167	268.879	87.3689	1267.06	569.971	1500.02	487.414	1388.33	522.46	1	1	1
"
 tid_11432_time_13:30:3:226 DPETW@ "GAZE_LOG_CALI: 628.415	335.68	625.507	342.106	930.821	332.031	926.575	338.774	239.253	339.092	237.209	345.265	542.016	335.239	538.447	342.007	
25.0504	-171.053	326.2	-174.418	-430.453	-164.866	-129.159	-168.106	27.9587	-177.48	330.45	-181.164	-428.41	-171.039	-125.59	-174.874	5.54038	-38.1067	-563.143	72.3567	-38.9097	-564.811	5.26006	-38.6433	-570.92	73.0117	-39.4544	-572.565	6.21458	-39.6981	-565.927	73.6887	-40.6262	-567.811	0.183846	-0.203145	0.961734	0.136969	-0.237064	0.96179	0.183846	0.0526927	0.981542	0.136969	0.0199433	0.990375	0.183846	0.0526927	0.981542	0.136969	0.0199433	0.990374	10.6087	3.02047	7.8741	1.14274	10.6087	3.02047	7.8741	1.14274	226.535	103.011	268.835	84.2752	1263.79	574.679	1499.77	470.154	1386.97	515.567	1	1	1
"
 tid_11432_time_13:30:3:248 DPETW@ "GAZE_LOG_CALI: 627.535	335.848	624.699	342.177	930.066	331.997	925.79	338.828	238.445	339.045	236.478	345.486	541.218	335.241	537.604	342.005	
24.2418	-170.982	325.416	-174.364	-431.185	-164.644	-130.002	-168.108	27.0785	-177.312	329.695	-181.198	-429.217	-171.087	-126.388	-174.872	5.3626	-38.0804	-563.234	72.1723	-38.8982	-564.727	5.07983	-38.6166	-571.01	72.8249	-39.4429	-572.481	6.01999	-39.691	-566.015	73.5124	-40.6253	-567.746	0.180974	-0.206807	0.961498	0.139499	-0.239904	0.960722	0.180974	0.0490941	0.982262	0.139499	0.0169235	0.990077	0.180974	0.0490941	0.982262	0.139499	0.0169235	0.990078	10.4392	2.81401	8.02004	0.969692	10.4392	2.81401	8.02004	0.969692	224.771	101.081	269.999	82.7095	1253.95	563.909	1506.27	461.42	1385.99	504.729	1	1	1
"
 tid_11432_time_13:30:3:270 DPETW@ "GAZE_LOG_CALI: 626.27	335.842	623.369	342.245	928.796	331.754	924.546	338.554	237.109	339.174	235.084	345.462	539.884	334.989	536.281	341.811	
22.9122	-170.914	324.171	-174.638	-432.579	-164.669	-131.325	-168.301	25.8134	-177.318	328.424	-181.441	-430.554	-170.957	-127.722	-175.124	5.06776	-38.0699	-563.145	71.8828	-38.9433	-564.625	4.7808	-38.606	-570.922	72.5314	-39.4888	-572.379	5.73756	-39.6708	-565.92	73.2181	-40.6751	-567.667	0.183908	-0.204674	0.961398	0.139939	-0.241739	0.960198	0.183908	0.0511278	0.981613	0.139939	0.0150159	0.990046	0.183908	0.0511278	0.981613	0.139939	0.0150159	0.990046	10.6115	2.93069	8.04523	0.86038	10.6115	2.93069	8.04523	0.86038	226.084	102.211	269.925	81.6795	1261.28	570.216	1505.86	455.673	1389.69	504.753	1	1	1
"
 tid_11432_time_13:30:3:292 DPETW@ "GAZE_LOG_CALI: 625.1	335.837	622.132	342.286	927.672	331.479	923.371	338.26	235.933	339.105	233.94	345.542	538.742	334.785	535.134	341.556	
21.6752	-170.872	322.996	-174.932	-433.724	-164.589	-132.472	-168.557	24.6432	-177.323	327.299	-181.715	-431.731	-171.026	-128.865	-175.328	4.79521	-38.0641	-563.257	71.626	-39.0065	-564.654	4.50449	-38.6	-571.033	72.271	-39.5528	-572.408	5.47735	-39.6783	-565.908	72.9638	-40.7267	-567.639	0.182627	-0.202418	0.96212	0.139684	-0.236691	0.961492	0.182627	0.0534945	0.981726	0.139684	0.0202266	0.98999	0.182627	0.0534945	0.981726	0.139684	0.0202266	0.98999	10.5381	3.06648	8.03121	1.15898	10.5381	3.06648	8.03121	1.15898	225.134	103.453	269.536	84.3714	1255.98	577.141	1503.69	470.691	1384.74	517.414	1	1	1
"
 tid_11432_time_13:30:3:314 DPETW@ "GAZE_LOG_CALI: 623.651	336.01	620.772	342.485	926.268	331.29	921.904	337.998	234.533	339.279	232.644	345.743	537.391	334.534	533.795	341.385	
20.3146	-170.673	321.528	-175.193	-435.02	-164.388	-133.812	-168.728	23.1945	-177.15	325.895	-181.905	-433.131	-170.853	-130.215	-175.579	4.49478	-38.025	-563.333	71.3204	-39.0659	-564.816	4.19989	-38.5604	-571.109	71.961	-39.6129	-572.57	5.15572	-39.644	-565.966	72.6584	-40.7802	-567.695	0.17892	-0.202852	0.962725	0.1378	-0.230647	0.963231	0.17892	0.0532315	0.982422	0.1378	0.0265144	0.990105	0.17892	0.0532315	0.982422	0.1378	0.0265144	0.990105	10.3217	3.05138	7.92339	1.51934	10.3217	3.05138	7.92339	1.51934	222.801	103.315	268.239	87.6047	1242.96	576.376	1496.45	488.729	1373.17	527.929	1	1	1
"
 tid_11432_time_13:30:3:336 DPETW@ "GAZE_LOG_CALI: 622.705	336.333	619.842	342.839	925.284	331.307	920.967	337.999	233.643	339.639	231.764	345.938	536.455	334.555	532.85	341.372	
19.3844	-170.319	320.59	-175.192	-435.9	-164.193	-134.756	-168.74	22.2484	-176.827	324.91	-181.888	-434.022	-170.493	-131.152	-175.558	4.28964	-37.9683	-563.391	71.1105	-39.0661	-564.798	3.99189	-38.5028	-571.167	71.7481	-39.6132	-572.552	4.94597	-39.5726	-566.031	72.4464	-40.7808	-567.762	0.178915	-0.200627	0.963192	0.140205	-0.234452	0.961964	0.178915	0.0555016	0.982298	0.140205	0.0225113	0.989867	0.178915	0.0555015	0.982298	0.140205	0.0225113	0.989866	10.3227	3.18164	8.06178	1.28991	10.3227	3.18164	8.06178	1.28991	222.615	104.573	269.316	85.4904	1241.92	583.394	1502.46	476.934	1376.02	525.052	1	1	1
"
 tid_11432_time_13:30:3:358 DPETW@ "GAZE_LOG_CALI: 622.036	336.461	619.115	342.848	924.611	331.082	920.311	337.863	233.085	339.794	230.995	346.029	535.844	334.333	532.269	341.132	
18.6571	-170.31	319.934	-175.328	-436.67	-164.102	-135.338	-168.98	21.5793	-176.698	324.237	-182.113	-434.579	-170.337	-131.763	-175.78	4.12806	-37.9537	-563.337	70.9768	-39.1147	-564.895	3.82802	-38.4879	-571.113	71.6125	-39.6624	-572.65	4.79876	-39.5503	-566.164	72.3057	-40.8358	-567.831	0.188357	-0.206137	0.960224	0.138406	-0.234289	0.962264	0.188357	0.0494111	0.980857	0.138406	0.0227463	0.990114	0.188357	0.0494111	0.980857	0.138406	0.0227463	0.990114	10.8704	2.8322	7.95768	1.30338	10.8704	2.8322	7.95768	1.30338	227.622	101.392	268.22	85.5409	1269.86	565.644	1496.34	477.216	1388.47	514.347	1	1	1
"
 tid_11432_time_13:30:3:380 DPETW@ "GAZE_LOG_CALI: 621.638	335.961	618.797	342.463	924.068	330.443	919.918	337.102	232.838	339.319	230.822	345.67	535.487	333.601	531.904	340.528	
18.3394	-170.695	319.54	-176.089	-436.843	-164.461	-135.702	-169.585	21.1806	-177.198	323.694	-182.752	-434.827	-170.813	-132.12	-176.513	4.0595	-38.048	-563.514	70.8937	-39.2686	-564.925	3.7586	-38.5835	-571.29	71.5282	-39.8184	-572.68	4.7112	-39.6728	-566.361	72.2145	-41.0058	-568.063	0.185432	-0.212046	0.959506	0.14247	-0.246525	0.958607	0.185432	0.0435176	0.981693	0.14247	0.00998136	0.989749	0.185432	0.0435176	0.981693	0.14247	0.00998136	0.989749	10.6966	2.49416	8.19121	0.5719	10.6966	2.49416	8.19121	0.5719	225.934	98.0948	270.315	78.6197	1260.44	547.251	1508.04	438.604	1392.12	482.02	1	1	1
"
 tid_11432_time_13:30:3:402 DPETW@ "GAZE_LOG_CALI: 621.721	335.737	618.841	342	924.214	329.928	919.912	336.8	233.005	338.95	231.005	345.203	535.591	333.159	532.015	340.031	
18.384	-171.159	319.534	-176.392	-436.66	-164.928	-135.591	-170.081	21.2635	-177.423	323.84	-183.266	-434.66	-171.182	-132.015	-176.954	4.0699	-38.1639	-563.701	70.9115	-39.3682	-565.08	3.76925	-38.7008	-571.477	71.5461	-39.9192	-572.834	4.73079	-39.7463	-566.467	72.2407	-41.1093	-568.017	0.184627	-0.200749	0.962088	0.138623	-0.237508	0.961444	0.184627	0.0550981	0.981263	0.138623	0.0194252	0.990155	0.184627	0.0550981	0.981263	0.138623	0.0194252	0.990155	10.6558	3.15849	7.96971	1.11305	10.6558	3.15849	7.96971	1.11305	225.587	104.132	268.281	83.487	1258.51	580.93	1496.69	465.757	1382.39	516.958	1	1	1
"
 tid_11432_time_13:30:3:423 DPETW@ "GAZE_LOG_CALI: 622.052	335.46	619.089	341.783	924.51	329.462	920.206	336.317	233.345	338.702	231.318	344.964	535.882	332.829	532.324	339.649	
18.6317	-171.376	319.829	-176.875	-436.346	-165.167	-135.282	-170.464	21.5947	-177.7	324.136	-183.733	-434.32	-171.43	-131.724	-177.284	4.12576	-38.2198	-563.781	70.9794	-39.4658	-565.099	3.82594	-38.7574	-571.557	71.6149	-40.0181	-572.853	4.8044	-39.8058	-566.481	72.3063	-41.1983	-568.016	0.185504	-0.198762	0.962332	0.137539	-0.234774	0.96227	0.185504	0.0570808	0.980984	0.137539	0.0222792	0.990246	0.185504	0.0570808	0.980984	0.137539	0.0222792	0.990246	10.7082	3.27227	7.90744	1.27661	10.7082	3.27227	7.90744	1.27661	226.152	105.127	267.767	84.8981	1261.66	586.483	1493.82	473.629	1381.98	524.473	1	1	1
"
 tid_11432_time_13:30:3:445 DPETW@ "GAZE_LOG_CALI: 622.53	334.944	619.66	341.279	924.998	329.028	920.807	335.875	233.902	338.125	231.923	344.459	536.417	332.356	532.859	339.158	
19.203	-171.88	320.431	-177.317	-435.742	-165.672	-134.748	-170.955	22.0731	-178.216	324.625	-184.168	-433.763	-172.007	-131.19	-177.757	4.25239	-38.3349	-563.829	71.1027	-39.5639	-565.017	3.95438	-38.874	-571.605	71.74	-40.1176	-572.771	4.91189	-39.9348	-566.583	72.4229	-41.3038	-568.071	0.183368	-0.20314	0.961827	0.139513	-0.242317	0.960114	0.183368	0.0527206	0.98163	0.139513	0.0144352	0.990115	0.183368	0.0527206	0.98163	0.139513	0.0144352	0.990115	10.5809	3.02207	8.0205	0.827104	10.5809	3.02207	8.0205	0.827104	225.078	102.656	268.934	80.6655	1255.67	572.697	1500.33	450.016	1383.82	503.432	1	1	1
"
 tid_11432_time_13:30:3:467 DPETW@ "GAZE_LOG_CALI: 622.899	334.362	620.036	340.618	925.32	328.38	921.072	335.276	234.297	337.522	232.231	343.848	536.797	331.831	533.284	338.609	
19.5791	-172.541	320.695	-177.916	-435.433	-166.283	-134.322	-171.504	22.4425	-178.798	324.947	-184.816	-433.367	-172.61	-130.809	-178.283	4.33532	-38.47	-563.742	71.1876	-39.7059	-565.224	4.03842	-39.0111	-571.517	71.8258	-40.2614	-572.978	4.99429	-40.0694	-566.62	72.5047	-41.4407	-568.152	0.187397	-0.207477	0.960123	0.1354	-0.235192	0.962472	0.187397	0.0480911	0.981106	0.1354	0.021928	0.990548	0.187397	0.0480911	0.981106	0.1354	0.021928	0.990548	10.8136	2.75648	7.78363	1.25648	10.8136	2.75648	7.78363	1.25648	227.343	100.083	266.831	84.4422	1268.3	558.344	1488.6	471.086	1384.03	507.181	1	1	1
"
 tid_11432_time_13:30:3:489 DPETW@ "GAZE_LOG_CALI: 623.113	333.604	620.163	339.914	925.572	327.872	921.178	334.719	234.422	336.839	232.426	343.103	537.014	331.208	533.455	337.987	
19.7061	-173.244	320.801	-178.473	-435.239	-167.028	-134.151	-172.126	22.6561	-179.557	325.199	-185.324	-433.242	-173.293	-130.592	-178.905	4.36385	-38.6369	-563.834	71.222	-39.8432	-565.312	4.06741	-39.1803	-571.609	71.8606	-40.4006	-573.066	5.04118	-40.2219	-566.504	72.5554	-41.5636	-568.104	0.183717	-0.196514	0.963136	0.135109	-0.226143	0.964679	0.183717	0.0594597	0.981179	0.135109	0.0312399	0.990338	0.183717	0.0594597	0.981179	0.135109	0.0312399	0.990338	10.6053	3.4088	7.76876	1.79021	10.6053	3.4088	7.76876	1.79021	225.409	105.966	266.733	89.2244	1257.51	591.161	1488.05	497.765	1375.48	540.961	1	1	1
"
 tid_11432_time_13:30:3:511 DPETW@ "GAZE_LOG_CALI: 623.149	332.92	620.29	339.326	925.575	327.385	921.28	334.155	234.416	336.206	232.535	342.528	537.084	330.695	533.596	337.497	
19.8332	-173.833	320.904	-179.038	-435.129	-167.603	-134.01	-172.616	22.6918	-180.24	325.202	-185.81	-433.248	-173.927	-130.522	-179.419	4.39217	-38.7643	-563.808	71.2511	-39.9639	-565.361	4.09612	-39.3095	-571.584	71.8901	-40.5229	-573.114	5.04864	-40.3651	-566.452	72.5673	-41.6821	-568.195	0.178891	-0.198246	0.963689	0.132815	-0.227314	0.964722	0.178891	0.0579304	0.982162	0.132815	0.0301197	0.990683	0.178891	0.0579304	0.982162	0.132815	0.0301197	0.990683	10.3227	3.32103	7.63579	1.72599	10.3227	3.32103	7.63579	1.72599	222.755	104.997	265.524	88.4947	1242.71	585.755	1481.31	493.694	1364.36	536.56	1	1	1
"
 tid_11432_time_13:30:3:533 DPETW@ "GAZE_LOG_CALI: 623.294	332.676	620.424	339.051	925.705	327.217	921.43	334.044	234.464	335.959	232.564	342.163	537.175	330.512	533.705	337.37	
19.9665	-174.108	321.054	-179.149	-435.101	-167.968	-133.902	-172.743	22.8371	-180.484	325.332	-185.979	-433.201	-174.173	-130.431	-179.602	4.42059	-38.8263	-563.677	71.2778	-39.9867	-565.309	4.12487	-39.3725	-571.452	71.9172	-40.5461	-573.062	5.07937	-40.4114	-566.336	72.5902	-41.7181	-568.149	0.179846	-0.195765	0.964018	0.132067	-0.229986	0.964191	0.179846	0.060412	0.981838	0.132067	0.0274014	0.990862	0.179846	0.060412	0.981838	0.132067	0.0274014	0.990862	10.38	3.46346	7.59191	1.57018	10.38	3.46346	7.59191	1.57018	223.298	106.295	265.135	87.0414	1245.74	592.999	1479.13	485.587	1364.85	536.044	1	1	1
"
 tid_11432_time_13:30:3:555 DPETW@ "GAZE_LOG_CALI: 623.561	332.3	620.747	338.688	925.994	326.956	921.787	333.788	234.677	335.492	232.786	341.865	537.45	330.237	533.907	337.033	
20.2903	-174.471	321.411	-179.405	-434.879	-168.267	-133.7	-173.08	23.1039	-180.86	325.621	-186.24	-432.987	-174.641	-130.157	-179.877	4.49121	-38.8909	-563.55	71.3326	-40.0391	-565.116	4.19641	-39.4381	-571.325	71.9729	-40.5994	-572.869	5.13882	-40.5002	-566.262	72.6526	-41.7767	-568.132	0.179209	-0.201964	0.962858	0.137941	-0.238915	0.961193	0.179209	0.0541235	0.982321	0.137941	0.0180009	0.990277	0.179209	0.0541235	0.982321	0.137941	0.0180009	0.990277	10.339	3.10256	7.93001	1.03143	10.339	3.10256	7.93001	1.03143	222.958	102.889	268.317	82.0623	1243.84	573.996	1496.89	457.809	1375.24	509.194	1	1	1
"
 tid_11432_time_13:30:3:577 DPETW@ "GAZE_LOG_CALI: 624.255	331.568	621.314	337.978	926.66	326.344	922.356	333.109	235.306	334.765	233.185	341.092	538.016	329.614	534.576	336.467	
20.8573	-175.182	321.98	-180.084	-434.48	-169.04	-133.031	-173.646	23.7978	-181.593	326.288	-186.853	-432.358	-175.367	-129.59	-180.499	4.61511	-39.0408	-563.339	71.4754	-40.1867	-565.246	4.32194	-39.5904	-571.114	72.1176	-40.7489	-572.999	5.2924	-40.6571	-566.184	72.7855	-41.9054	-568.005	0.18892	-0.20766	0.959785	0.129204	-0.223725	0.96605	0.18892	0.0478267	0.980827	0.129204	0.0339301	0.991037	0.18892	0.0478267	0.980827	0.129204	0.0339301	0.991037	10.9024	2.74131	7.42789	1.94442	10.9024	2.74131	7.42789	1.94442	228.365	99.4678	263.792	90.3131	1274	554.911	1471.64	503.839	1376.76	524.117	1	1	1
"
 tid_11432_time_13:30:3:599 DPETW@ "GAZE_LOG_CALI: 624.866	330.966	622.013	337.371	927.378	325.806	923.076	332.689	235.924	334.179	233.889	340.644	538.751	329.114	535.29	335.96	
21.5558	-175.789	322.701	-180.505	-433.775	-169.488	-132.316	-174.153	24.4096	-182.195	327.007	-187.391	-431.74	-175.953	-128.855	-181	4.76944	-39.1586	-563.353	71.6351	-40.2897	-565.243	4.47845	-39.7098	-571.128	72.2794	-40.8533	-572.996	5.42847	-40.7903	-566.197	72.949	-42.0231	-568.029	0.184936	-0.210333	0.959978	0.130096	-0.2273	0.965096	0.184936	0.0452945	0.981706	0.130096	0.0302304	0.99104	0.184936	0.0452945	0.981706	0.130096	0.0302304	0.99104	10.6685	2.59607	7.47857	1.73234	10.6685	2.59607	7.47857	1.73234	226.304	97.9755	264.422	88.2531	1262.51	546.586	1475.16	492.346	1373.31	513.33	1	1	1
"
 tid_11432_time_13:30:3:621 DPETW@ "GAZE_LOG_CALI: 625.941	330.726	622.975	337.029	928.485	325.629	924.147	332.478	236.865	333.907	234.912	340.143	539.763	328.865	536.286	335.791	
22.5182	-176.131	323.772	-180.716	-432.752	-169.989	-131.32	-174.322	25.4845	-182.434	328.114	-187.568	-430.798	-176.225	-127.844	-181.248	4.98337	-39.2574	-563.433	71.8612	-40.3249	-565.147	4.69542	-39.8099	-571.208	72.5088	-40.8891	-572.9	5.66581	-40.8354	-566.033	73.1811	-42.062	-567.911	0.180912	-0.19118	0.964739	0.13008	-0.226925	0.965186	0.180912	0.065027	0.981347	0.13008	0.0306163	0.991031	0.180912	0.065027	0.981347	0.130081	0.0306163	0.991031	10.4452	3.72841	7.47777	1.75446	10.4452	3.72841	7.47777	1.75446	224.421	108.391	264.63	88.4447	1252	604.692	1476.32	493.415	1365.9	546.761	1	1	1
"
 tid_11432_time_13:30:3:643 DPETW@ "GAZE_LOG_CALI: 626.729	330.727	623.871	337.007	929.211	325.674	924.995	332.525	237.623	333.953	235.704	340.212	540.505	328.964	537.002	335.853	
23.4143	-176.152	324.621	-180.669	-431.96	-169.919	-130.604	-174.26	26.2728	-182.434	328.84	-187.523	-430.04	-176.18	-127.102	-181.149	5.17982	-39.2436	-563.312	72.0287	-40.3015	-564.99	4.89457	-39.796	-571.087	72.6789	-40.8655	-572.742	5.84029	-40.8279	-566.003	73.3463	-42.0478	-567.939	0.179326	-0.195664	0.964136	0.133728	-0.236911	0.962284	0.179326	0.0605393	0.981925	0.133728	0.0202188	0.990812	0.179326	0.0605393	0.981925	0.133728	0.0202188	0.990812	10.3497	3.47077	7.68663	1.15853	10.3497	3.47077	7.68663	1.15853	223.698	106.017	266.727	83.0036	1247.96	591.447	1488.02	463.06	1371.77	522.139	1	1	1
"
 tid_11432_time_13:30:3:665 DPETW@ "GAZE_LOG_CALI: 627.223	330.74	624.398	337.137	929.855	325.784	925.571	332.638	238.188	334.015	236.116	340.278	541.055	329.07	537.528	335.949	
23.9412	-176.022	325.198	-180.556	-431.547	-169.854	-130.078	-174.164	26.7667	-182.421	329.485	-187.413	-429.475	-176.117	-126.552	-181.044	5.29583	-39.2113	-563.159	72.1489	-40.2738	-564.928	5.01213	-39.7635	-570.935	72.8007	-40.8375	-572.68	5.95119	-40.8259	-566.093	73.4749	-42.0151	-567.823	0.186148	-0.210601	0.959686	0.133663	-0.233472	0.963133	0.186148	0.0449601	0.981493	0.133663	0.0237605	0.990742	0.186148	0.0449601	0.981493	0.133663	0.0237605	0.990742	10.739	2.57689	7.68351	1.3615	10.739	2.57689	7.68351	1.3615	227.467	97.7916	266.813	84.921	1268.99	545.56	1488.49	473.757	1384.77	501.452	1	1	1
"
 tid_11432_time_13:30:3:687 DPETW@ "GAZE_LOG_CALI: 627.51	330.58	624.7	336.969	930.082	325.643	925.779	332.449	238.39	333.833	236.418	340.116	541.27	328.908	537.83	335.746	
24.2432	-176.19	325.405	-180.745	-431.245	-170.016	-129.777	-174.367	27.0539	-182.581	329.712	-187.554	-429.273	-176.3	-126.336	-181.205	5.36214	-39.2484	-563.167	72.2103	-40.3258	-565.046	5.07937	-39.801	-570.943	72.8629	-40.89	-572.798	6.01437	-40.8559	-565.98	73.5238	-42.0476	-567.807	0.181239	-0.204476	0.961947	0.127937	-0.224088	0.966135	0.181239	0.0514611	0.982092	0.127937	0.0336016	0.991213	0.181239	0.0514611	0.982092	0.127937	0.0336016	0.991213	10.456	2.94981	7.35458	1.92559	10.456	2.94981	7.35458	1.92559	224.86	101.201	263.825	90.0438	1254.45	564.578	1471.82	502.336	1366.07	529.476	1	1	1
"
 tid_11432_time_13:30:3:709 DPETW@ "GAZE_LOG_CALI: 627.441	330.646	624.636	336.984	930.001	325.661	925.738	332.479	238.314	333.834	236.332	340.146	541.228	328.944	537.733	335.818	
24.1789	-176.176	325.364	-180.715	-431.331	-169.985	-129.873	-174.295	26.9845	-182.515	329.631	-187.537	-429.349	-176.298	-126.379	-181.169	5.34775	-39.2414	-563.138	72.1922	-40.3094	-564.977	5.06477	-39.794	-570.913	72.8446	-40.8736	-572.729	5.99839	-40.8483	-565.979	73.5121	-42.0456	-567.86	0.181932	-0.205462	0.961606	0.132101	-0.231963	0.963713	0.181932	0.0504214	0.982018	0.132101	0.0253682	0.990912	0.181932	0.0504214	0.982018	0.132101	0.0253682	0.990912	10.4958	2.89016	7.59349	1.45365	10.4958	2.89016	7.59349	1.45365	225.216	100.662	266.023	85.7232	1256.44	561.573	1484.09	478.232	1374.8	513.703	1	1	1
"
 tid_11432_time_13:30:3:731 DPETW@ "GAZE_LOG_CALI: 627.25	330.691	624.386	337.013	929.837	325.779	925.618	332.619	238.094	333.834	236.001	340.144	541.003	329.044	537.517	335.949	
23.9294	-176.147	325.244	-180.575	-431.662	-169.987	-130.089	-174.164	26.7933	-182.47	329.467	-187.418	-429.569	-176.299	-126.603	-181.069	5.29137	-39.2314	-563.037	72.15	-40.2709	-564.858	5.00754	-39.7839	-570.812	72.8019	-40.8346	-572.61	5.95544	-40.8408	-565.943	73.4653	-42.0152	-567.779	0.186899	-0.208385	0.960023	0.132211	-0.235281	0.962893	0.186899	0.0471875	0.981245	0.132211	0.0219506	0.990979	0.186899	0.0471875	0.981245	0.132211	0.0219506	0.990979	10.784	2.70465	7.59921	1.25778	10.784	2.70465	7.59921	1.25778	227.865	98.9909	266.019	83.9796	1271.21	552.251	1484.07	468.505	1383.52	502.357	1	1	1
"
 tid_11432_time_13:30:3:754 DPETW@ "GAZE_LOG_CALI: 626.951	330.68	623.999	337.009	929.584	325.843	925.255	332.653	237.713	333.858	235.779	340.127	540.71	329.082	537.167	335.96	
23.5417	-176.151	324.882	-180.541	-431.884	-170.005	-130.439	-174.153	26.4947	-182.481	329.213	-187.354	-429.951	-176.274	-126.896	-181.031	5.2082	-39.2477	-563.237	72.0711	-40.2665	-564.867	4.9233	-39.8003	-571.012	72.7219	-40.8302	-572.619	5.88837	-40.8313	-565.831	73.4021	-42.0001	-567.727	0.179703	-0.191986	0.964805	0.133993	-0.230479	0.963808	0.179703	0.0642654	0.981619	0.133993	0.0268265	0.990619	0.179703	0.0642654	0.981619	0.133993	0.0268265	0.990619	10.3742	3.68467	7.70318	1.53723	10.3742	3.68467	7.70318	1.53723	223.944	108.023	266.909	86.5671	1249.34	602.64	1489.03	482.94	1371.77	539.393	1	1	1
"
 tid_11432_time_13:30:3:776 DPETW@ "GAZE_LOG_CALI: 626.703	330.576	623.862	336.923	929.397	325.679	925.108	332.608	237.471	333.753	235.546	340.075	540.441	328.993	536.99	335.875	
23.4049	-176.236	324.734	-180.586	-432.117	-170.057	-130.617	-174.238	26.2461	-182.585	329.026	-187.518	-430.192	-176.379	-127.165	-181.12	5.17662	-39.2546	-563.116	72.0335	-40.2785	-564.83	4.89122	-39.8074	-570.891	72.6839	-40.8423	-572.582	5.8332	-40.8551	-565.839	73.3468	-42.0206	-567.623	0.179584	-0.199751	0.963249	0.128954	-0.229227	0.964793	0.179584	0.056363	0.982127	0.128954	0.0282906	0.991247	0.179584	0.056363	0.982127	0.128954	0.0282906	0.991247	10.3622	3.23107	7.41211	1.62115	10.3622	3.23107	7.41211	1.62115	223.777	103.814	264.156	87.3293	1248.41	579.159	1473.67	487.193	1363.86	529.332	1	1	1
"
 tid_11432_time_13:30:3:798 DPETW@ "GAZE_LOG_CALI: 626.789	330.433	623.87	336.883	929.586	325.575	925.177	332.43	237.467	333.665	235.498	339.986	540.489	328.875	536.922	335.686	
23.4129	-176.277	324.803	-180.764	-432.166	-170.145	-130.684	-174.427	26.3327	-182.728	329.216	-187.622	-430.197	-176.468	-127.118	-181.238	5.1774	-39.2643	-563.05	72.0265	-40.3065	-564.651	4.89198	-39.8173	-570.826	72.677	-40.8709	-572.403	5.85125	-40.8726	-565.724	73.366	-42.0324	-567.446	0.181098	-0.19924	0.963072	0.134106	-0.22608	0.964833	0.181098	0.0568098	0.981823	0.134106	0.0313403	0.990471	0.181098	0.0568098	0.981823	0.134106	0.0313403	0.990471	10.4508	3.25672	7.71073	1.79596	10.4508	3.25672	7.71073	1.79596	224.601	104.065	266.905	88.9684	1253.01	580.559	1489.01	496.337	1374.08	534.406	1	1	1
"
 tid_11432_time_13:30:3:820 DPETW@ "GAZE_LOG_CALI: 626.95	330.278	624.085	336.662	929.788	325.478	925.523	332.216	237.541	333.508	235.631	339.882	540.678	328.676	537.102	335.59	
23.6281	-176.498	325.15	-180.978	-432.033	-170.249	-130.505	-174.523	26.4936	-182.883	329.418	-187.719	-430.122	-176.624	-126.928	-181.437	5.22428	-39.2928	-562.942	72.0764	-40.3261	-564.443	4.93946	-39.8463	-570.717	72.7278	-40.891	-572.195	5.88549	-40.8999	-565.62	73.4091	-42.0642	-567.43	0.178845	-0.199174	0.963506	0.137487	-0.236767	0.961789	0.178845	0.0569865	0.982226	0.137487	0.0202304	0.990297	0.178845	0.0569865	0.982226	0.137487	0.0202304	0.990297	10.3194	3.26686	7.90408	1.15919	10.3194	3.26686	7.90408	1.15919	223.39	104.14	268.729	83.1212	1246.25	580.979	1499.19	463.716	1377.23	516.246	1	1	1
"
 tid_11432_time_13:30:3:842 DPETW@ "GAZE_LOG_CALI: 627.252	330.39	624.37	336.742	930.107	325.523	925.77	332.286	237.714	333.6	235.797	339.925	540.821	328.778	537.383	335.708	
23.9134	-176.417	325.396	-180.908	-431.866	-170.206	-130.223	-174.404	26.7957	-182.771	329.737	-187.675	-429.949	-176.533	-126.785	-181.335	5.28573	-39.2689	-562.796	72.1369	-40.3086	-564.492	5.00169	-39.8222	-570.571	72.7891	-40.8732	-572.244	5.9511	-40.8654	-565.457	73.4512	-42.0312	-567.205	0.178943	-0.196618	0.964013	0.127032	-0.222158	0.9667	0.178943	0.0595861	0.982053	0.127032	0.0356122	0.991259	0.178943	0.0595861	0.982053	0.127032	0.0356122	0.991259	10.3268	3.41605	7.30277	2.04086	10.3268	3.41605	7.30277	2.04086	223.496	105.582	263.201	91.2476	1246.84	589.023	1468.34	509.052	1358.92	547.269	1	1	1
"
 tid_11432_time_13:30:3:864 DPETW@ "GAZE_LOG_CALI: 627.475	330.549	624.674	336.966	930.372	325.599	926.069	332.438	237.761	333.733	235.835	340.024	541.004	328.852	537.539	335.817	
24.2176	-176.194	325.695	-180.756	-431.829	-170.107	-130.067	-174.296	27.0184	-182.612	330.002	-187.598	-429.902	-176.399	-126.602	-181.261	5.34975	-39.2099	-562.46	72.18	-40.2665	-564.307	5.06644	-39.7627	-570.235	72.833	-40.8307	-572.059	5.99802	-40.8171	-565.238	73.4967	-42.0064	-567.096	0.179441	-0.203098	0.962576	0.129047	-0.2286	0.96493	0.179441	0.052955	0.982342	0.129047	0.0289314	0.991216	0.179441	0.052955	0.982342	0.129047	0.0289314	0.991216	10.3519	3.03552	7.41763	1.65788	10.3519	3.03552	7.41763	1.65788	223.741	102.173	264.291	87.8007	1248.21	570.002	1474.42	489.822	1364.42	525.66	1	1	1
"
 tid_11432_time_13:30:3:886 DPETW@ "GAZE_LOG_CALI: 627.431	330.824	624.557	337.24	930.457	325.777	926.074	332.665	237.651	333.977	235.661	340.359	540.943	329.068	537.433	335.992	
24.0996	-175.92	325.7	-180.529	-432.003	-169.773	-130.173	-174.121	26.9748	-182.337	330.087	-187.42	-430.013	-176.155	-126.663	-181.046	5.32341	-39.1371	-562.382	72.163	-40.2119	-564.167	5.03968	-39.689	-570.157	72.8159	-40.7755	-571.919	5.98792	-40.7528	-565.147	73.4918	-41.9492	-566.916	0.182029	-0.204224	0.961851	0.13039	-0.226451	0.965256	0.182029	0.0516805	0.981934	0.13039	0.0310919	0.990975	0.182029	0.0516805	0.981934	0.13039	0.0310919	0.990975	10.5022	2.9624	7.49575	1.78172	10.5022	2.9624	7.49575	1.78172	225.121	101.595	264.984	89.0322	1255.9	566.779	1478.29	496.693	1370.44	527.229	1	1	1
"
 tid_11432_time_13:30:3:908 DPETW@ "GAZE_LOG_CALI: 626.87	331.063	624.046	337.432	930.051	326.043	925.762	332.838	236.994	334.306	235.012	340.682	540.432	329.317	536.874	336.134	
23.5888	-175.727	325.388	-180.356	-432.652	-169.449	-130.733	-173.979	26.4132	-182.098	329.681	-187.154	-430.669	-175.827	-127.174	-180.796	5.20842	-39.0682	-562.21	72.0531	-40.1542	-563.846	4.92299	-39.6192	-569.985	72.7049	-40.7173	-571.598	5.86162	-40.6813	-565.028	73.3838	-41.8818	-566.782	0.18206	-0.205997	0.961468	0.135727	-0.232835	0.962999	0.18206	0.0498686	0.982022	0.135727	0.0243411	0.990447	0.18206	0.0498686	0.982022	0.135727	0.0243411	0.990447	10.503	2.85845	7.80297	1.39478	10.503	2.85845	7.80297	1.39478	224.984	100.733	267.692	85.6034	1255.14	561.971	1493.4	477.564	1379.11	513.218	3	1	1
"