
 tid_7364_time_13:56:7:627 DPETW@ "GAZE_LOG_CALI: 690.351	495.201	689.173	500.674	956.761	481.469	954.591	487.399	346.92	486.29	346.524	491.772	610.863	474.696	609.457	480.618	
75.0806	-23.7197	340.765	-37.0221	-329.21	-12.9735	-66.0781	-24.12	76.259	-29.1929	342.941	-42.9575	-328.813	-18.4588	-64.6724	-30.0429	18.2588	-6.56496	-620.586	82.7494	-9.2775	-619.945	18.1702	-6.64829	-628.385	83.4758	-9.39489	-627.71	18.6273	-7.93701	-623.332	83.6475	-10.7694	-622.694	0.0873219	-0.246155	0.965289	0.0330027	-0.264166	0.963912	0.0873219	0.0120677	0.996107	0.0330027	-0.00568573	0.999439	0.0873219	0.0120677	0.996107	0.0330027	-0.00568573	0.999439	5.00992	0.691444	1.89129	-0.32577	5.00992	0.691444	1.89129	-0.32577	192.604	95.4087	225.232	82.3057	1074.5	532.266	1256.52	459.167	1165.51	495.717	1	0	0
"
 tid_7364_time_13:56:7:650 DPETW@ "GAZE_LOG_CALI: 687.289	494.146	688.497	499.457	953.774	480.923	953.95	486.6	343.415	485.191	345.24	490.492	607.419	474.13	608.269	479.881	
74.4049	-24.936	340.123	-37.8217	-330.496	-14.254	-67.266	-24.8576	73.1972	-30.2475	339.948	-43.5032	-332.325	-19.559	-68.1161	-30.6091	18.0672	-6.86096	-619.651	82.4818	-9.45361	-619.107	17.9761	-6.94819	-627.45	83.2058	-9.57339	-626.872	17.8598	-8.19537	-622.607	82.8219	-10.8968	-621.978	-0.023235	-0.249294	0.968149	-0.0755074	-0.260305	0.962569	-0.023235	0.00977562	0.999682	-0.0755074	-0.00230423	0.997143	-0.023235	0.00977562	0.999682	-0.0755074	-0.00230423	0.997143	-1.33145	0.560111	-4.33039	-0.132023	-1.33145	0.560111	-4.33039	-0.132023	126.198	93.9564	160.231	84.365	704.034	524.164	893.894	470.655	798.964	497.41	1	0	0
"
 tid_7364_time_13:56:7:672 DPETW@ "GAZE_LOG_CALI: 687.079	493.793	688.27	499.147	953.793	480.545	953.932	486.355	343.068	484.854	344.934	490.199	607.266	473.779	608.047	479.54	
74.1777	-25.2465	340.105	-38.0676	-330.802	-14.5474	-67.4886	-25.1987	72.9863	-30.601	339.967	-43.8821	-332.672	-19.8956	-68.2689	-30.9598	18.0083	-6.93358	-619.535	82.4361	-9.52069	-618.796	17.9164	-7.02174	-627.334	83.1599	-9.64138	-626.561	17.8023	-8.27755	-622.402	82.7922	-10.9817	-621.721	-0.0224204	-0.246715	0.968829	-0.0730116	-0.266186	0.961153	-0.0224204	0.0124428	0.999671	-0.0730116	-0.00835136	0.997296	-0.0224204	0.0124428	0.999671	-0.0730116	-0.00835136	0.997296	-1.2848	0.71294	-4.18713	-0.478503	-1.2848	0.71294	-4.18713	-0.478503	126.627	95.5047	161.704	80.7749	706.428	532.801	902.113	450.627	804.271	491.714	1	0	0
"
 tid_7364_time_13:56:7:694 DPETW@ "GAZE_LOG_CALI: 686.878	493.431	687.968	498.82	953.736	480.18	953.845	485.987	342.706	484.557	344.502	489.902	607.044	473.445	607.913	479.144	
73.8754	-25.5733	340.018	-38.4353	-331.235	-14.8453	-67.6221	-25.5944	72.7854	-30.963	339.91	-44.2468	-333.035	-20.1933	-68.4916	-31.2938	17.9296	-7.00782	-619.327	82.4057	-9.61259	-618.723	17.8366	-7.09696	-627.126	83.1292	-9.73446	-626.488	17.7459	-8.3555	-622.162	82.7447	-11.0629	-621.466	-0.0177187	-0.245722	0.969178	-0.0738074	-0.255027	0.964113	-0.0177187	0.0134921	0.999752	-0.0738074	0.00319403	0.997267	-0.0177187	0.0134921	0.999752	-0.0738074	0.00319403	0.997267	-1.01535	0.773063	-4.23272	0.183005	-1.01535	0.773063	-4.23272	0.183005	129.356	96.1079	161.204	87.588	721.65	536.167	899.327	488.636	810.488	512.401	1	0	0
"
 tid_7364_time_13:56:7:716 DPETW@ "GAZE_LOG_CALI: 686.689	493.429	687.727	498.729	953.563	480.087	953.735	485.82	342.462	484.559	344.175	489.866	606.872	473.327	607.748	479.094	
73.6343	-25.6645	339.909	-38.6021	-331.563	-14.8811	-67.7867	-25.6441	72.5965	-30.9645	339.736	-44.34	-333.279	-20.1909	-68.6637	-31.4116	17.867	-7.02214	-619.193	82.3678	-9.63778	-618.639	17.7732	-7.11148	-626.992	83.0909	-9.75999	-626.404	17.6971	-8.35458	-622.081	82.7031	-11.089	-621.476	-0.015036	-0.245352	0.969317	-0.0757564	-0.259618	0.962735	-0.015036	0.0138856	0.99979	-0.0757564	-0.00159793	0.997125	-0.015036	0.0138856	0.999791	-0.0757564	-0.00159793	0.997125	-0.861617	0.79561	-4.34469	-0.0915545	-0.861617	0.79561	-4.34469	-0.0915545	130.894	96.361	160.004	84.728	730.23	537.578	892.632	472.681	811.431	505.13	1	0	0
"
 tid_7364_time_13:56:7:738 DPETW@ "GAZE_LOG_CALI: 686.443	493.563	687.472	498.89	953.519	480.117	953.557	485.89	342.099	484.651	343.921	489.978	606.677	473.445	607.486	479.138	
73.3796	-25.5034	339.729	-38.5323	-331.817	-14.7687	-68.0495	-25.6007	72.3503	-30.831	339.693	-44.3105	-333.642	-20.0992	-68.8586	-31.2937	17.8055	-6.98901	-619.183	82.307	-9.62231	-618.508	17.7109	-7.07793	-626.982	83.0295	-9.74436	-626.274	17.6324	-8.3249	-621.886	82.6613	-11.0671	-621.24	-0.0149647	-0.237665	0.971232	-0.070562	-0.253509	0.964756	-0.0149647	0.0218062	0.99965	-0.070562	0.00482647	0.997496	-0.0149647	0.0218062	0.99965	-0.070562	0.00482647	0.997496	-0.857647	1.2495	-4.04631	0.276538	-0.857647	1.2495	-4.04631	0.276538	130.873	101.117	163.064	88.6055	730.113	564.114	909.702	494.312	819.907	529.213	1	0	0
"
 tid_7364_time_13:56:7:760 DPETW@ "GAZE_LOG_CALI: 686.121	493.798	687.199	499.154	953.353	480.239	953.384	486.052	341.789	484.876	343.53	490.209	606.383	473.508	607.167	479.316	
73.1065	-25.2397	339.556	-38.3706	-332.209	-14.5378	-68.3682	-25.4228	72.0287	-30.5958	339.526	-44.1876	-333.953	-19.8746	-69.1519	-31.2303	17.7336	-6.92725	-618.999	82.2351	-9.57798	-618.285	17.6381	-7.01541	-626.798	82.9569	-9.6995	-626.051	17.5543	-8.26916	-621.898	82.5947	-11.0413	-621.045	-0.0165641	-0.247855	0.968655	-0.0697136	-0.258251	0.963559	-0.0165641	0.0112967	0.999799	-0.0697136	-6.38813e-05	0.997567	-0.0165641	0.0112967	0.999799	-0.0697136	-6.38813e-05	0.997567	-0.949159	0.647266	-3.99754	-0.00366013	-0.949159	0.647266	-3.99754	-0.00366013	129.851	94.9593	163.514	85.7925	724.411	529.759	912.213	478.619	818.312	504.189	1	0	0
"
 tid_7364_time_13:56:7:782 DPETW@ "GAZE_LOG_CALI: 685.97	493.994	686.981	499.306	953.164	480.421	953.216	486.289	341.583	485.044	343.374	490.358	606.244	473.67	607.017	479.469	
72.8885	-25.0869	339.388	-38.1329	-332.365	-14.3885	-68.5183	-25.2691	71.878	-30.3998	339.337	-44.0055	-334.159	-19.7058	-69.2919	-31.0692	17.6834	-6.89159	-619.089	82.1975	-9.53095	-618.309	17.5872	-6.97928	-626.888	82.9189	-9.65187	-626.075	17.5155	-8.22355	-621.801	82.5581	-11.0007	-621.114	-0.013708	-0.237585	0.97127	-0.0700059	-0.261701	0.962607	-0.013708	0.0218936	0.999666	-0.0700059	-0.0036426	0.99754	-0.013708	0.0218936	0.999666	-0.0700059	-0.0036426	0.99754	-0.785624	1.25451	-4.01435	-0.208706	-0.785624	1.25451	-4.01435	-0.208706	131.499	101.287	163.298	83.7006	733.606	565.062	911.01	466.949	822.308	516.006	1	0	0
"
 tid_7364_time_13:56:7:804 DPETW@ "GAZE_LOG_CALI: 685.822	494.127	686.887	499.481	953.091	480.584	953.108	486.447	341.342	485.256	343.114	490.526	606.138	473.876	606.92	479.564	
72.7942	-24.9124	339.28	-37.9749	-332.625	-14.2209	-68.6147	-25.1743	71.73	-30.2669	339.264	-43.8424	-334.401	-19.4941	-69.3977	-30.8626	17.6531	-6.8475	-618.833	82.1735	-9.50058	-618.325	17.5565	-6.93467	-626.631	82.8945	-9.62111	-626.091	17.4745	-8.17994	-621.668	82.5334	-10.9548	-621.064	-0.0160174	-0.243304	0.969818	-0.0692692	-0.255843	0.964233	-0.0160174	0.0159933	0.999744	-0.0692692	0.00243612	0.997595	-0.0160174	0.0159933	0.999744	-0.0692692	0.00243612	0.997595	-0.917887	0.916387	-3.97202	0.139579	-0.917887	0.916387	-3.97202	0.139579	130.097	97.8765	163.714	87.3471	725.783	546.034	913.325	487.292	819.554	516.663	1	0	0
"
 tid_7364_time_13:56:7:827 DPETW@ "GAZE_LOG_CALI: 685.658	494.242	686.753	499.489	952.874	480.677	952.924	486.452	341.129	485.311	342.957	490.577	605.94	473.943	606.81	479.621	
72.6605	-24.9046	339.096	-37.9698	-332.782	-14.1694	-68.7253	-25.1176	71.5659	-30.151	339.046	-43.7492	-334.614	-19.4385	-69.595	-30.796	17.6195	-6.84005	-618.797	82.1432	-9.49472	-618.43	17.5225	-6.92713	-626.596	82.8637	-9.61516	-626.196	17.433	-8.15808	-621.578	82.484	-10.9359	-621.09	-0.0173127	-0.238219	0.971057	-0.071795	-0.249786	0.965636	-0.0173127	0.0212265	0.999625	-0.071795	0.00864986	0.997382	-0.0173127	0.0212265	0.999625	-0.071795	0.00864985	0.997382	-0.99222	1.21628	-4.11725	0.495606	-0.99222	1.21628	-4.11725	0.495606	129.29	101.011	162.162	91.0289	721.285	563.519	904.667	507.832	812.976	535.676	1	0	0
"
 tid_7364_time_13:56:7:849 DPETW@ "GAZE_LOG_CALI: 685.441	494.135	686.529	499.46	952.666	480.64	952.779	486.411	340.95	485.333	342.795	490.544	605.717	473.914	606.625	479.551	
72.4368	-24.9329	338.951	-38.0113	-332.944	-14.203	-68.9106	-25.1874	71.3487	-30.2587	338.837	-43.7867	-334.793	-19.4173	-69.818	-30.8249	17.568	-6.84869	-618.887	82.1	-9.5076	-618.373	17.4703	-6.93586	-626.686	82.82	-9.62821	-626.139	17.3812	-8.16959	-621.644	82.43	-10.9438	-621.064	-0.0171715	-0.237649	0.971199	-0.0742028	-0.250269	0.965329	-0.0171715	0.0218137	0.999615	-0.0742028	0.00810434	0.99721	-0.0171715	0.0218137	0.999615	-0.0742028	0.00810434	0.99721	-0.984136	1.24993	-4.25556	0.46435	-0.984136	1.24993	-4.25556	0.46435	129.321	101.331	160.68	90.7064	721.455	565.304	896.402	506.033	808.928	535.668	1	0	0
"
 tid_7364_time_13:56:7:871 DPETW@ "GAZE_LOG_CALI: 685.159	494.148	686.232	499.459	952.549	480.521	952.536	486.426	340.727	485.27	342.517	490.471	605.481	473.866	606.302	479.521	
72.1395	-24.9337	338.707	-37.9959	-333.223	-14.276	-69.2334	-25.2176	71.0661	-30.2458	338.72	-43.9057	-335.016	-19.4798	-70.0546	-30.873	17.4967	-6.85823	-618.911	82.024	-9.50774	-618.24	17.3982	-6.94553	-626.71	82.7433	-9.62839	-626.005	17.3151	-8.17699	-621.728	82.377	-10.9612	-620.878	-0.0161955	-0.239948	0.970651	-0.0689755	-0.250964	0.965536	-0.0161955	0.0194507	0.99968	-0.0689755	0.00748654	0.99759	-0.0161955	0.0194507	0.99968	-0.0689755	0.00748654	0.99759	-0.92815	1.11451	-3.95526	0.428951	-0.92815	1.11451	-3.95526	0.428951	129.83	99.9071	163.743	90.3699	724.298	557.362	913.489	504.156	818.894	530.759	1	0	0
"
 tid_7364_time_13:56:7:893 DPETW@ "GAZE_LOG_CALI: 682.386	493.997	684.707	499.422	948.916	480.645	950.385	486.312	338.375	485.206	341.21	490.492	602.124	473.847	604.285	479.438	
70.6147	-24.971	336.551	-38.1096	-334.533	-14.2546	-71.2502	-25.3003	68.2928	-30.3968	335.08	-43.7806	-337.373	-19.5443	-73.4115	-30.892	17.136	-6.86472	-619.22	81.5272	-9.53648	-618.433	17.0329	-6.95205	-627.019	82.24	-9.65746	-626.2	16.6556	-8.21342	-622.342	81.543	-10.9583	-621.266	-0.0776475	-0.2596	0.96259	-0.135341	-0.252618	0.958054	-0.0776475	-0.00161771	0.99698	-0.135341	0.00395258	0.990791	-0.0776475	-0.00161771	0.99698	-0.135341	0.00395258	0.990791	-4.45336	-0.0926883	-7.77842	0.226467	-4.45336	-0.0926883	-7.77842	0.226467	92.7092	87.267	123.136	88.2036	517.206	486.845	686.95	492.07	598.45	483.472	1	0	0
"
 tid_7364_time_13:56:7:923 DPETW@ "GAZE_LOG_CALI: 681.353	494.164	683.946	499.491	947.918	480.542	949.708	486.28	337.279	485.336	340.505	490.521	601.157	473.852	603.697	479.435	
69.8534	-24.9025	335.873	-38.1412	-335.239	-14.2256	-71.8386	-25.3039	67.2603	-30.2297	334.08	-43.8838	-338.471	-19.4144	-74.3785	-30.8868	16.9535	-6.85434	-619.295	81.3799	-9.54325	-618.563	16.8481	-6.94153	-627.094	82.0907	-9.6643	-626.33	16.401	-8.17673	-622.227	81.305	-10.972	-621.311	-0.0887048	-0.245046	0.965445	-0.149783	-0.249297	0.956774	-0.0887048	0.0131797	0.995971	-0.149783	0.00682934	0.988695	-0.0887048	0.0131797	0.995971	-0.149783	0.00682934	0.988695	-5.08954	0.755165	-8.61456	0.391295	-5.08954	0.755165	-8.61456	0.391295	85.856	96.1101	114.114	89.8986	478.973	536.179	636.622	501.526	553.735	513.185	1	0	0
"
 tid_7364_time_13:56:7:945 DPETW@ "GAZE_LOG_CALI: 680.211	494.309	682.85	499.559	946.953	480.552	948.742	486.312	336.213	485.473	339.39	490.624	600.224	473.89	602.716	479.448	
68.7573	-24.8346	334.905	-38.1096	-336.356	-14.1224	-72.8201	-25.2911	66.1174	-30.084	333.113	-43.874	-339.538	-19.2775	-75.3124	-30.8491	16.6861	-6.83416	-619.253	81.1413	-9.53839	-618.533	16.5774	-6.9211	-627.052	81.8492	-9.65938	-626.3	16.1252	-8.14445	-622.325	81.0747	-10.9677	-621.348	-0.092191	-0.249454	0.963988	-0.149508	-0.252572	0.955958	-0.092191	0.00854458	0.995705	-0.149508	0.00345461	0.988754	-0.092191	0.00854458	0.995705	-0.149508	0.00345461	0.988754	-5.28986	0.489574	-8.59848	0.197935	-5.28986	0.489574	-8.59848	0.197935	83.4879	93.3685	114.048	87.8816	465.762	520.884	636.249	490.274	545.367	497.659	1	0	0
"
 tid_7364_time_13:56:7:967 DPETW@ "GAZE_LOG_CALI: 679.553	494.371	682.143	499.662	946.43	480.538	948.003	486.221	335.511	485.528	338.647	490.695	599.547	473.822	601.985	479.424	
68.0501	-24.7308	334.165	-38.2003	-337.1	-14.0513	-73.5503	-25.3146	65.4597	-30.0224	332.589	-43.8875	-340.242	-19.2221	-75.9891	-30.9174	16.513	-6.81291	-619.186	80.963	-9.55309	-618.541	16.402	-6.89958	-626.984	81.6685	-9.67427	-626.308	15.963	-8.12985	-622.246	80.9159	-10.9743	-621.108	-0.0893069	-0.250277	0.964046	-0.139042	-0.240176	0.96072	-0.0893069	0.00776447	0.995974	-0.139042	0.01666	0.990146	-0.0893069	0.00776447	0.995974	-0.139042	0.01666	0.990146	-5.12389	0.444876	-7.99356	0.954591	-5.12389	0.444876	-7.99356	0.954591	85.0583	92.9382	120.276	95.79	474.523	518.484	670.995	534.393	570.284	522.901	1	0	0
"
 tid_7364_time_13:56:7:988 DPETW@ "GAZE_LOG_CALI: 678.629	494.418	681.179	499.748	945.404	480.468	947.105	486.144	334.529	485.684	337.658	490.792	598.645	473.724	601.096	479.318	
67.0858	-24.645	333.264	-38.2771	-338.09	-13.9547	-74.4399	-25.4211	64.5361	-29.9756	331.561	-43.9575	-341.226	-19.0657	-76.8915	-31.015	16.2774	-6.79118	-619.138	80.7457	-9.57635	-618.548	16.1635	-6.87758	-626.937	81.4486	-9.69783	-626.315	15.7349	-8.10467	-622.146	80.6894	-10.9987	-621.288	-0.0863357	-0.247204	0.965109	-0.144677	-0.247907	0.95792	-0.0863357	0.0110079	0.996205	-0.144677	0.00846766	0.989443	-0.0863357	0.0110079	0.996205	-0.144677	0.00846766	0.989443	-4.95314	0.630718	-8.31889	0.485167	-4.95314	0.630718	-8.31889	0.485167	86.6126	94.9101	116.611	90.851	483.195	529.484	650.551	506.839	563.362	513.145	1	0	0
"
 tid_7364_time_13:56:8:11 DPETW@ "GAZE_LOG_CALI: 677.828	494.551	680.355	499.887	944.678	480.384	946.333	486.033	333.756	485.782	336.829	490.933	597.816	473.692	600.278	479.238	
66.262	-24.5062	332.491	-38.3883	-338.921	-13.8132	-75.2582	-25.5009	63.7346	-29.8425	330.834	-44.0417	-342	-18.968	-77.7203	-31.0473	16.0774	-6.75759	-619.11	80.5484	-9.59925	-618.473	15.9608	-6.84357	-626.908	81.2489	-9.72103	-626.24	15.5402	-8.07767	-622.182	80.4915	-11.011	-621.129	-0.0857977	-0.251701	0.963994	-0.142231	-0.242247	0.959733	-0.0857977	0.00637522	0.996292	-0.142231	0.0144041	0.989729	-0.0857977	0.00637522	0.996292	-0.142231	0.0144041	0.989729	-4.922	0.365276	-8.17781	0.825324	-4.922	0.365276	-8.17781	0.825324	86.7378	92.1794	117.917	94.4107	483.893	514.25	657.837	526.698	567.797	516.063	1	0	0
"
 tid_7364_time_13:56:8:33 DPETW@ "GAZE_LOG_CALI: 676.795	494.844	679.319	500.129	943.723	480.495	945.364	486.079	332.638	486.012	335.66	491.235	596.769	473.699	599.217	479.235	
65.2253	-24.2638	331.52	-38.3421	-340.092	-13.5109	-76.3185	-25.5039	62.7017	-29.549	329.877	-43.9305	-343.12	-18.7376	-78.7675	-31.0402	15.8199	-6.6902	-618.896	80.2938	-9.59278	-618.321	15.7001	-6.77536	-626.694	80.9912	-9.71452	-626.088	15.2852	-8.0128	-622.026	80.2393	-10.9951	-620.979	-0.0856075	-0.255314	0.963061	-0.141305	-0.240679	0.960264	-0.0856075	0.00264452	0.996325	-0.141305	0.0160567	0.989836	-0.0856075	0.00264452	0.996325	-0.141305	0.0160567	0.989836	-4.91098	0.15152	-8.12444	0.920022	-4.91098	0.15152	-8.12444	0.920022	86.6088	90.0694	118.245	95.4453	483.173	502.479	659.666	532.47	568.147	512.737	1	0	0
"
 tid_7364_time_13:56:8:55 DPETW@ "GAZE_LOG_CALI: 675.807	495.132	678.425	500.461	942.63	480.517	944.584	486.307	331.641	486.334	334.808	491.482	595.727	473.832	598.369	479.397	
64.3313	-23.9323	330.739	-38.1144	-340.945	-13.2642	-77.1667	-25.3422	61.7137	-29.2608	328.782	-43.9083	-344.118	-18.4153	-79.8093	-30.9075	15.6049	-6.62114	-618.936	80.0898	-9.54458	-618.205	15.4823	-6.70542	-626.734	80.7848	-9.66574	-625.973	15.0438	-7.93872	-621.993	79.9818	-10.9784	-621.05	-0.0891626	-0.250753	0.963936	-0.155664	-0.254465	0.954472	-0.0891626	0.00727676	0.995991	-0.155664	0.00124097	0.987809	-0.0891626	0.00727676	0.995991	-0.155664	0.00124097	0.987809	-5.11557	0.416931	-8.95529	0.0711023	-5.11557	0.416931	-8.95529	0.0711023	84.243	92.8972	109.243	86.6296	469.975	518.255	609.447	483.289	532.813	491.266	1	0	0
"
 tid_7364_time_13:56:8:77 DPETW@ "GAZE_LOG_CALI: 674.878	495.754	677.509	501.053	941.822	481.053	943.8	486.705	330.591	486.904	333.866	492.077	594.689	474.335	597.374	479.849	
63.4153	-23.3404	329.953	-37.7152	-341.889	-12.669	-78.1619	-24.8901	60.7847	-28.6392	327.971	-43.3717	-345.17	-17.8458	-80.848	-30.4042	15.3814	-6.47703	-618.875	79.8561	-9.43712	-617.87	15.256	-6.55947	-626.674	80.5485	-9.55698	-625.638	14.8127	-7.79163	-621.786	79.7376	-10.8462	-620.68	-0.087584	-0.243476	0.965944	-0.156327	-0.248542	0.955923	-0.087584	0.014825	0.996047	-0.156327	0.00733766	0.987678	-0.087584	0.014825	0.996047	-0.156327	0.00733766	0.987678	-5.02518	0.849444	-8.994	0.420421	-5.02518	0.849444	-8.994	0.420421	84.9654	97.567	108.642	90.4865	474.005	544.307	606.094	504.806	535.186	518.123	1	0	0
"
 tid_7364_time_13:56:8:100 DPETW@ "GAZE_LOG_CALI: 674.396	496.109	677.133	501.504	941.511	481.514	943.449	487.19	330.067	487.293	333.407	492.515	594.313	474.764	596.948	480.348	
63.0389	-22.8884	329.602	-37.2296	-342.349	-12.2311	-78.5882	-24.3904	60.3022	-28.2843	327.66	-42.9105	-345.695	-17.4558	-81.2237	-29.9753	15.2869	-6.36786	-618.736	79.755	-9.31603	-617.745	15.1602	-6.44893	-626.534	80.4463	-9.43438	-625.514	14.6931	-7.70025	-621.715	79.6485	-10.7362	-620.579	-0.093415	-0.250244	0.963666	-0.15443	-0.252007	0.955324	-0.093415	0.00769833	0.995597	-0.15443	0.00383638	0.987996	-0.093415	0.00769833	0.995597	-0.15443	0.00383638	0.987996	-5.36026	0.441086	-8.88382	0.219809	-5.36026	0.441086	-8.88382	0.219809	81.3678	93.4498	109.724	88.5311	453.935	521.338	612.129	493.897	526.191	498.447	1	0	0
"
 tid_7364_time_13:56:8:135 DPETW@ "GAZE_LOG_CALI: 674.126	496.591	676.916	501.955	941.365	481.912	943.263	487.598	329.792	487.707	333.132	492.956	594.068	475.234	596.694	480.694	
62.8226	-22.4383	329.415	-36.8217	-342.624	-11.7892	-78.8422	-24.0445	60.0317	-27.8024	327.514	-42.5117	-345.97	-17.0423	-81.4684	-29.5054	15.2319	-6.25871	-618.64	79.6958	-9.22321	-617.637	15.1045	-6.33841	-626.438	80.3864	-9.3404	-625.406	14.627	-7.59093	-621.699	79.5924	-10.6277	-620.414	-0.0969521	-0.254317	0.962249	-0.15224	-0.246806	0.957032	-0.0969521	0.00339743	0.995283	-0.15224	0.00930135	0.9883	-0.0969521	0.00339743	0.995283	-0.15224	0.00930135	0.9883	-5.56372	0.194659	-8.75714	0.532936	-5.56372	0.194659	-8.75714	0.532936	79.1844	91.0094	111.021	91.9315	441.754	507.723	619.364	512.868	523.749	501.261	1	0	0
"
 tid_7364_time_13:56:8:157 DPETW@ "GAZE_LOG_CALI: 673.982	497.223	676.795	502.508	941.336	482.555	943.137	488.231	329.517	488.36	332.767	493.563	593.921	475.771	596.551	481.334	
62.7014	-21.8851	329.289	-36.1882	-342.99	-11.1817	-78.9852	-23.4042	59.8878	-27.1697	327.485	-41.8686	-346.246	-16.3883	-81.6154	-28.9682	15.1928	-6.11432	-618.26	79.6607	-9.0682	-617.602	15.0649	-6.19223	-626.059	80.351	-9.18343	-625.371	14.5868	-7.43156	-621.491	79.5618	-10.481	-620.236	-0.100502	-0.260539	0.960218	-0.147373	-0.242322	0.958937	-0.100502	-0.00313824	0.994932	-0.147373	0.0141258	0.98898	-0.100502	-0.00313824	0.994932	-0.147373	0.0141258	0.98898	-5.76814	-0.179808	-8.47559	0.809375	-5.76814	-0.179808	-8.47559	0.809375	77.0328	87.3393	113.969	94.9843	429.751	487.249	635.808	529.898	526	499.506	1	0	0
"
 tid_7364_time_13:56:8:179 DPETW@ "GAZE_LOG_CALI: 674.01	497.29	676.874	502.568	941.369	482.642	943.225	488.361	329.528	488.365	332.858	493.598	593.954	475.892	596.605	481.414	
62.7799	-21.8248	329.376	-36.058	-342.899	-11.1473	-78.9312	-23.3243	59.916	-27.1029	327.518	-41.7815	-346.234	-16.3838	-81.5826	-28.8466	15.2124	-6.10288	-618.277	79.6753	-9.04193	-617.551	15.0847	-6.18064	-626.076	80.3658	-9.15683	-625.319	14.5937	-7.42244	-621.455	79.5692	-10.4554	-620.225	-0.102086	-0.258169	0.960691	-0.149817	-0.244213	0.958079	-0.102086	-0.000727028	0.994775	-0.149817	0.0120771	0.98864	-0.102086	-0.000727028	0.994775	-0.149817	0.0120771	0.98864	-5.85933	-0.0416556	-8.61696	0.691985	-5.85933	-0.0416556	-8.61696	0.691985	76.0936	88.7882	112.492	93.7955	424.511	495.332	627.571	523.267	518.777	499.747	1	0	0
"
 tid_7364_time_13:56:8:201 DPETW@ "GAZE_LOG_CALI: 674.125	497.342	676.898	502.526	941.418	482.645	943.316	488.396	329.632	488.393	332.979	493.602	594.076	475.904	596.668	481.46	
62.8047	-21.8667	329.468	-36.0228	-342.778	-11.1432	-78.8682	-23.2782	60.031	-27.051	327.566	-41.7785	-346.13	-16.3559	-81.461	-28.835	15.2219	-6.10878	-618.43	79.6918	-9.03139	-617.508	15.0943	-6.1866	-626.228	80.3826	-9.14617	-625.276	14.6214	-7.41239	-621.437	79.5956	-10.4554	-620.343	-0.0951838	-0.246731	0.964398	-0.152392	-0.253534	0.955247	-0.0951838	0.0112807	0.995396	-0.152392	0.00234148	0.988317	-0.0951838	0.0112807	0.995396	-0.152392	0.00234148	0.988317	-5.46225	0.646349	-8.76562	0.134157	-5.46225	0.646349	-8.76562	0.134157	80.2541	95.9238	110.939	87.9718	447.722	535.14	618.905	490.777	526.951	504.503	1	0	0
"
 tid_7364_time_13:56:8:223 DPETW@ "GAZE_LOG_CALI: 674.072	497.259	676.805	502.488	941.346	482.579	943.142	488.265	329.608	488.292	332.942	493.539	594.051	475.827	596.653	481.366	
62.7111	-21.9045	329.293	-36.1537	-342.815	-11.2057	-78.8832	-23.3731	59.9783	-27.1342	327.495	-41.8444	-346.155	-16.4569	-81.4862	-28.9125	15.2012	-6.12184	-618.517	79.6809	-9.0622	-617.748	15.0735	-6.19981	-626.316	80.3712	-9.17732	-625.517	14.6097	-7.43544	-621.481	79.5872	-10.474	-620.411	-0.0925344	-0.246538	0.964705	-0.147217	-0.243484	0.958667	-0.0925344	0.0115462	0.995642	-0.147217	0.012934	0.98902	-0.0925344	0.0115462	0.995643	-0.147217	0.012934	0.98902	-5.30978	0.661565	-8.4664	0.741083	-5.30978	0.661565	-8.4664	0.741083	81.8238	96.0464	114.065	94.2386	456.479	535.824	636.346	525.738	542.532	525.628	1	0	0
"
 tid_7364_time_13:56:8:246 DPETW@ "GAZE_LOG_CALI: 674.072	497.068	676.767	502.44	941.248	482.313	943.075	487.943	329.643	488.133	332.966	493.384	594.023	475.6	596.636	481.133	
62.6733	-21.9529	329.226	-36.4764	-342.791	-11.361	-78.9004	-23.6058	59.9784	-27.3249	327.397	-42.1106	-346.12	-16.6159	-81.514	-29.139	15.195	-6.14745	-618.603	79.6751	-9.13083	-617.833	15.0672	-6.22573	-626.402	80.3653	-9.24681	-625.601	14.611	-7.47874	-621.535	79.5775	-10.536	-620.523	-0.0904036	-0.248313	0.964452	-0.148695	-0.243328	0.958479	-0.0904036	0.00976616	0.995857	-0.148695	0.0130362	0.988797	-0.0904036	0.00976616	0.995857	-0.148695	0.0130362	0.988797	-5.18707	0.559569	-8.55205	0.746938	-5.18707	0.559569	-8.55205	0.746938	83.0963	94.9342	113.142	94.2135	463.578	529.619	631.196	525.598	543.314	522.156	1	0	0
"
 tid_7364_time_13:56:8:268 DPETW@ "GAZE_LOG_CALI: 673.952	496.928	676.646	502.292	941.111	482.121	942.993	487.815	329.676	488.026	332.987	493.253	593.983	475.377	596.61	480.883	
62.552	-22.1006	329.144	-36.6049	-342.77	-11.4921	-78.926	-23.8556	59.858	-27.4651	327.259	-42.3027	-346.087	-16.7231	-81.5534	-29.3623	15.1706	-6.18348	-618.83	79.6663	-9.17804	-617.916	15.0425	-6.26219	-626.628	80.3563	-9.29461	-625.684	14.5868	-7.51171	-621.776	79.5634	-10.5892	-620.674	-0.0905713	-0.248356	0.964425	-0.151465	-0.247302	0.957027	-0.0905713	0.00971834	0.995843	-0.151465	0.00882091	0.988423	-0.0905713	0.00971834	0.995843	-0.151465	0.0088209	0.988423	-5.19672	0.556829	-8.7122	0.505407	-5.19672	0.556829	-8.7122	0.505407	82.9516	94.8139	111.424	91.6169	462.77	528.948	621.615	511.112	537.11	513.218	1	0	0
"
 tid_7364_time_13:56:8:290 DPETW@ "GAZE_LOG_CALI: 673.86	496.868	676.513	502.186	940.929	482.009	942.84	487.716	329.646	487.963	332.935	493.153	593.891	475.272	596.53	480.769	
62.4197	-22.2063	328.991	-36.704	-342.821	-11.5926	-79.006	-23.9696	59.7666	-27.5252	327.077	-42.4151	-346.117	-16.7856	-81.6455	-29.4671	15.1418	-6.20974	-618.948	79.6439	-9.2057	-618.032	15.0134	-6.28877	-626.746	80.3335	-9.32259	-625.801	14.5669	-7.52778	-621.867	79.5365	-10.618	-620.807	-0.0883301	-0.245138	0.965456	-0.15269	-0.24817	0.956607	-0.0883301	0.0130935	0.996005	-0.15269	0.00787424	0.988243	-0.0883301	0.0130935	0.996005	-0.15269	0.00787424	0.988243	-5.06798	0.750225	-8.78313	0.451165	-5.06798	0.750225	-8.78313	0.451165	84.262	96.7765	110.633	90.9926	470.081	539.897	617.198	507.629	538.975	517.532	1	0	0
"
 tid_7364_time_13:56:8:313 DPETW@ "GAZE_LOG_CALI: 673.732	496.787	676.413	502.085	940.779	481.892	942.717	487.54	329.577	487.908	332.864	493.086	593.822	475.159	596.434	480.648	
62.3189	-22.3079	328.867	-36.8793	-342.893	-11.6595	-79.1028	-24.0911	59.6385	-27.6056	326.927	-42.5315	-346.186	-16.8404	-81.7151	-29.5803	15.1184	-6.23074	-618.995	79.6192	-9.2424	-618.072	14.9896	-6.31004	-626.793	80.3084	-9.35976	-625.841	14.5375	-7.54547	-621.962	79.5157	-10.6482	-620.931	-0.0902824	-0.246723	0.964872	-0.154306	-0.250799	0.955662	-0.0902824	0.0114113	0.995851	-0.154306	0.00509036	0.98801	-0.0902824	0.0114113	0.995851	-0.154306	0.00509036	0.98801	-5.18019	0.653831	-8.87668	0.291657	-5.18019	0.653831	-8.87668	0.291657	83.0586	95.7392	109.61	89.2738	463.367	534.11	611.491	498.041	531.652	508.366	1	0	0
"
 tid_7364_time_13:56:8:335 DPETW@ "GAZE_LOG_CALI: 673.543	496.648	676.244	501.972	940.524	481.726	942.546	487.484	329.36	487.71	332.691	492.969	593.659	475.001	596.314	480.565	
62.1503	-22.4211	328.696	-36.9359	-343.066	-11.7759	-79.2221	-24.1733	59.4488	-27.7451	326.671	-42.6977	-346.403	-17.0388	-81.8775	-29.7384	15.0771	-6.25881	-618.991	79.5877	-9.26048	-618.147	14.9478	-6.33846	-626.789	80.2764	-9.37805	-625.916	14.4905	-7.58652	-621.919	79.4717	-10.6903	-621.073	-0.0905993	-0.247223	0.964714	-0.158362	-0.258226	0.953017	-0.0905993	0.0108867	0.995828	-0.158362	-0.00276791	0.987377	-0.0905993	0.0108867	0.995828	-0.158362	-0.00276791	0.987377	-5.19839	0.623774	-9.11185	-0.15859	-5.19839	0.623774	-9.11185	-0.15859	82.827	95.399	107.068	84.5105	462.075	532.212	597.308	471.467	522.084	491.618	1	0	0
"
 tid_7364_time_13:56:8:357 DPETW@ "GAZE_LOG_CALI: 673.326	496.553	676.045	501.874	940.474	481.655	942.336	487.474	329.102	487.581	332.524	492.854	593.397	474.958	596.052	480.55	
61.9515	-22.5185	328.486	-36.9452	-343.233	-11.891	-79.4848	-24.1886	59.2325	-27.8401	326.621	-42.7692	-346.662	-17.1678	-82.1399	-29.7807	15.0303	-6.28526	-619.034	79.526	-9.2625	-618.062	14.9005	-6.36524	-626.832	80.2141	-9.38012	-625.83	14.4365	-7.61334	-621.848	79.4179	-10.6989	-620.746	-0.0899415	-0.241918	0.966119	-0.149863	-0.248228	0.957039	-0.0899415	0.0163755	0.995812	-0.149863	0.00793053	0.988675	-0.0899415	0.0163755	0.995812	-0.149863	0.00793053	0.988675	-5.16093	0.938288	-8.61928	0.454391	-5.16093	0.938288	-8.61928	0.454391	83.1693	98.6464	112.25	90.9612	463.985	550.328	626.219	507.454	540.971	523.404	1	0	0
"
 tid_7364_time_13:56:8:379 DPETW@ "GAZE_LOG_CALI: 673.128	496.59	675.952	501.956	940.393	481.714	942.236	487.499	328.976	487.725	332.429	492.946	593.338	474.99	595.973	480.583	
61.858	-22.4364	328.386	-36.9202	-343.328	-11.7998	-79.5635	-24.1556	59.0336	-27.8033	326.54	-42.7094	-346.788	-17.0239	-82.1987	-29.7486	15.0076	-6.26421	-619.029	79.5061	-9.25608	-618.1	14.8775	-6.34393	-626.827	80.1939	-9.3736	-625.868	14.3901	-7.59269	-621.963	79.4024	-10.6884	-620.78	-0.0965966	-0.247493	0.964063	-0.148926	-0.247384	0.957404	-0.0965966	0.0104582	0.995269	-0.148926	0.00883959	0.988809	-0.0965966	0.0104582	0.995269	-0.148926	0.00883959	0.988809	-5.54353	0.599224	-8.56502	0.506478	-5.54353	0.599224	-8.56502	0.506478	79.1329	95.1314	112.799	91.5035	441.466	530.719	629.284	510.48	529.823	513.284	1	0	0
"
 tid_7364_time_13:56:8:402 DPETW@ "GAZE_LOG_CALI: 673.142	496.856	675.881	502.179	940.438	481.918	942.281	487.599	328.975	487.937	332.336	493.169	593.3	475.183	595.919	480.709	
61.7877	-22.2137	328.431	-36.8207	-343.422	-11.576	-79.6179	-24.0294	59.0481	-27.5369	326.585	-42.5059	-346.789	-16.8119	-82.2369	-29.5557	14.9895	-6.20961	-618.991	79.4972	-9.2264	-617.941	14.8591	-6.28864	-626.79	80.185	-9.34358	-625.71	14.3934	-7.53384	-621.931	79.3968	-10.6379	-620.651	-0.0924548	-0.247208	0.964541	-0.14925	-0.245084	0.957945	-0.0924548	0.0108569	0.995658	-0.14925	0.0112009	0.988736	-0.0924548	0.0108569	0.995658	-0.14925	0.0112009	0.988736	-5.30516	0.622064	-8.58404	0.64178	-5.30516	0.622064	-8.58404	0.64178	81.6175	95.4304	112.611	92.991	455.328	532.387	628.232	518.778	537.13	519.419	1	0	0
"
 tid_7364_time_13:56:8:424 DPETW@ "GAZE_LOG_CALI: 673.082	497.092	675.886	502.42	940.432	482.123	942.273	487.851	328.917	488.157	332.306	493.401	593.265	475.447	595.881	480.976	
61.7922	-21.9723	328.423	-36.5688	-343.451	-11.344	-79.6552	-23.7628	58.9884	-27.3012	326.579	-42.3004	-346.846	-16.592	-82.2715	-29.2921	14.9894	-6.15149	-618.934	79.4891	-9.1628	-617.896	14.859	-6.22979	-626.732	80.1768	-9.27918	-625.665	14.3788	-7.47822	-621.932	79.3894	-10.5799	-620.607	-0.0963854	-0.250556	0.963292	-0.149091	-0.246287	0.957661	-0.0963854	0.0072996	0.995317	-0.149091	0.00996627	0.988773	-0.0963854	0.0072996	0.995317	-0.149091	0.00996627	0.988773	-5.53121	0.41824	-8.5747	0.571035	-5.53121	0.41824	-8.5747	0.571035	79.2497	93.3747	112.705	92.3228	442.118	520.919	628.761	515.05	529.671	510.348	1	0	0
"
 tid_7364_time_13:56:8:446 DPETW@ "GAZE_LOG_CALI: 673.088	497.614	675.847	502.844	940.421	482.706	942.265	488.433	328.757	488.586	332.184	493.835	593.229	475.923	595.808	481.491	
61.7529	-21.5487	328.415	-35.9863	-343.574	-10.9094	-79.7283	-23.2481	58.9936	-26.7793	326.568	-41.7168	-347.007	-16.1626	-82.3077	-28.8158	14.9767	-6.04594	-618.799	79.4735	-9.02812	-617.79	14.8461	-6.12291	-626.597	80.1612	-9.14281	-625.559	14.3744	-7.35912	-621.668	79.3812	-10.45	-620.565	-0.0924426	-0.242232	0.965804	-0.149397	-0.2504	0.956546	-0.0924426	0.0159901	0.99559	-0.149397	0.00570458	0.988761	-0.0924425	0.0159901	0.99559	-0.149397	0.00570458	0.988761	-5.30482	0.916207	-8.59215	0.32685	-5.30482	0.916207	-8.59215	0.32685	81.6214	98.7102	112.515	89.9218	455.349	550.684	627.698	501.656	536.904	520.057	1	0	0
"
 tid_7364_time_13:56:8:469 DPETW@ "GAZE_LOG_CALI: 673.055	498.074	675.786	503.438	940.443	483.271	942.27	488.988	328.661	489.138	332.11	494.39	593.189	476.551	595.802	482.121	
61.6918	-20.9547	328.42	-35.4305	-343.648	-10.3541	-79.7347	-22.6181	58.9613	-26.3193	326.59	-41.1511	-347.103	-15.6099	-82.3476	-28.1884	14.9611	-5.90599	-618.773	79.4715	-8.88375	-617.765	14.8303	-5.98118	-626.571	80.1592	-8.9966	-625.534	14.3634	-7.23435	-621.574	79.3734	-10.3028	-620.461	-0.0902489	-0.242235	0.966011	-0.148342	-0.246578	0.957702	-0.0902489	0.0160412	0.99579	-0.148342	0.00969554	0.988889	-0.0902489	0.0160412	0.99579	-0.148342	0.00969555	0.988889	-5.17859	0.91913	-8.53125	0.555523	-5.17859	0.91913	-8.53125	0.555523	82.9278	98.8825	113.156	92.4658	462.637	551.646	631.276	515.848	543.36	528.99	1	0	0
"
 tid_7364_time_13:56:8:492 DPETW@ "GAZE_LOG_CALI: 673.099	498.61	675.876	503.911	940.339	483.898	942.334	489.593	328.766	489.626	332.199	494.85	593.207	477.165	595.84	482.678	
61.7825	-20.482	328.484	-34.8253	-343.559	-9.89387	-79.6961	-22.0608	59.0055	-25.7832	326.486	-40.524	-346.998	-15.1219	-82.33	-27.5745	14.9831	-5.79235	-618.765	79.4813	-8.74197	-617.723	14.8526	-5.86609	-626.563	80.1692	-8.85303	-625.492	14.3767	-7.11002	-621.655	79.371	-10.1543	-620.642	-0.0935618	-0.24456	0.96511	-0.157009	-0.255959	0.953852	-0.0935618	0.0135624	0.995521	-0.157009	-0.000362024	0.987597	-0.0935618	0.0135624	0.995521	-0.157009	-0.000362024	0.987597	-5.36905	0.777093	-9.03332	-0.0207424	-5.36905	0.777093	-9.03332	-0.0207424	80.9512	97.5156	107.839	86.5753	451.61	544.02	601.612	482.986	519.757	504.543	1	0	0
"
 tid_7364_time_13:56:8:515 DPETW@ "GAZE_LOG_CALI: 673.205	498.955	675.914	504.262	940.501	484.25	942.392	489.919	328.848	489.973	332.256	495.181	593.268	477.573	595.95	483.145	
61.8198	-20.1304	328.542	-34.4993	-343.502	-9.56266	-79.5866	-21.594	59.1113	-25.4375	326.648	-40.1721	-346.916	-14.7749	-82.2693	-27.1664	14.9927	-5.70949	-618.793	79.505	-8.64656	-617.8	14.8623	-5.78218	-626.592	80.1931	-8.7564	-625.569	14.4018	-7.02481	-621.611	79.3902	-10.059	-620.484	-0.0893483	-0.241072	0.966386	-0.151197	-0.245309	0.957582	-0.0893483	0.0172614	0.995851	-0.151197	0.0108899	0.988444	-0.0893483	0.0172614	0.995851	-0.151197	0.0108899	0.988444	-5.12688	0.989056	-8.69682	0.62396	-5.12688	0.989056	-8.69682	0.62396	83.4953	99.8	111.42	93.41	465.804	556.764	621.591	521.116	540.296	534.519	1	0	0
"
 tid_7364_time_13:56:8:537 DPETW@ "GAZE_LOG_CALI: 673.196	499.182	675.961	504.485	940.408	484.538	942.404	490.247	328.939	490.232	332.302	495.446	593.328	477.734	595.988	483.338	
61.8671	-19.9073	328.554	-34.1702	-343.456	-9.29799	-79.5479	-21.401	59.1022	-25.2104	326.555	-39.8839	-346.825	-14.5155	-82.2087	-27.0051	15.0037	-5.6501	-618.794	79.5124	-8.58358	-617.83	14.8735	-5.72203	-626.593	80.2006	-8.69262	-625.599	14.4026	-6.96697	-621.771	79.3971	-10.0078	-620.714	-0.0941385	-0.248876	0.96395	-0.156865	-0.256769	0.953658	-0.0941385	0.00909266	0.995518	-0.156865	-0.00119494	0.987619	-0.0941385	0.00909266	0.995518	-0.156865	-0.00119494	0.987619	-5.40196	0.520978	-9.02498	-0.068465	-5.40196	0.520978	-9.02498	-0.068465	80.6206	94.9734	107.936	86.2015	449.766	529.837	602.153	480.901	518.349	495.294	1	0	0
"
 tid_7364_time_13:56:8:558 DPETW@ "GAZE_LOG_CALI: 673.208	499.236	675.945	504.55	940.332	484.52	942.357	490.283	329.023	490.282	332.428	495.512	593.374	477.792	596.037	483.409	
61.8511	-19.8429	328.507	-34.1341	-343.329	-9.2315	-79.4995	-21.3292	59.1139	-25.1566	326.478	-39.9016	-346.741	-14.4651	-82.1625	-26.9466	15.0052	-5.63593	-619.012	79.5199	-8.57242	-617.979	14.875	-5.70765	-626.81	80.208	-8.68128	-625.748	14.4085	-6.95521	-621.871	79.4023	-10.0056	-620.901	-0.0912065	-0.243878	0.965508	-0.158311	-0.260204	0.952487	-0.0912065	0.0143241	0.995729	-0.158311	-0.00481559	0.987378	-0.0912065	0.0143241	0.995729	-0.158311	-0.00481559	0.987377	-5.23356	0.82074	-9.10899	-0.275914	-5.23356	0.82074	-9.10899	-0.275914	82.3687	98.0627	107.027	83.9947	459.518	547.072	597.08	468.59	521.094	498.282	1	0	0
"
 tid_7364_time_13:56:8:581 DPETW@ "GAZE_LOG_CALI: 673.167	499.092	675.921	504.462	940.286	484.356	942.159	490.052	329.129	490.154	332.52	495.397	593.378	477.542	596.011	483.222	
61.8274	-19.9311	328.309	-34.3658	-343.237	-9.34693	-79.5252	-21.5167	59.0725	-25.3008	326.432	-40.0657	-346.635	-14.5937	-82.1592	-27.1972	15.0035	-5.66221	-619.195	79.5061	-8.62694	-618.246	14.8734	-5.73425	-626.994	80.1937	-8.73645	-626.015	14.403	-6.99103	-622.11	79.401	-10.0575	-620.976	-0.0928831	-0.248165	0.964254	-0.150448	-0.250706	0.956301	-0.0928831	0.00985803	0.995628	-0.150448	0.00534567	0.988603	-0.0928831	0.00985803	0.995628	-0.150448	0.00534567	0.988603	-5.32975	0.564833	-8.65303	0.306286	-5.32975	0.564833	-8.65303	0.306286	81.3421	95.3189	111.819	89.984	453.791	531.765	623.815	502.003	533.2	509.393	1	0	0
"
 tid_7364_time_13:56:8:603 DPETW@ "GAZE_LOG_CALI: 673.055	498.975	675.795	504.331	940.051	484.143	941.965	489.864	329.106	490.044	332.508	495.269	593.28	477.416	595.925	482.967	
61.7011	-20.0617	328.113	-34.5537	-343.249	-9.47501	-79.6113	-21.7716	58.9614	-25.418	326.197	-40.2787	-346.657	-14.703	-82.2567	-27.3232	14.9775	-5.69519	-619.365	79.4802	-8.68309	-618.41	14.8471	-5.76762	-627.163	80.1673	-8.79328	-626.179	14.3793	-7.02016	-622.242	79.3704	-10.1022	-621.184	-0.0917359	-0.245624	0.965015	-0.152519	-0.250515	0.956023	-0.0917359	0.0125096	0.995705	-0.152519	0.00545773	0.988285	-0.0917359	0.0125096	0.995705	-0.152519	0.00545773	0.988285	-5.26389	0.716763	-8.77306	0.312706	-5.26389	0.716763	-8.77306	0.312706	81.9926	96.8317	110.496	89.9561	457.42	540.205	616.435	501.847	531.53	513.895	1	0	0
"
 tid_7364_time_13:56:8:626 DPETW@ "GAZE_LOG_CALI: 672.791	498.805	675.457	504.121	939.507	483.782	941.489	489.524	329.084	489.881	332.437	495.072	593.036	477.068	595.702	482.592	
61.3631	-20.2713	327.637	-34.8935	-343.321	-9.67152	-79.8348	-22.1471	58.697	-25.5884	325.652	-40.6405	-346.679	-14.8661	-82.5011	-27.671	14.9057	-5.74824	-619.767	79.4146	-8.77561	-618.799	14.7744	-5.8213	-627.566	80.1005	-8.88691	-626.568	14.3231	-7.06507	-622.619	79.2962	-10.1963	-621.641	-0.0881524	-0.242913	0.966034	-0.15585	-0.253737	0.954635	-0.0881524	0.0153918	0.995988	-0.15585	0.00198641	0.987779	-0.0881524	0.0153918	0.995988	-0.15585	0.00198641	0.987779	-5.05792	0.881921	-8.96614	0.113813	-5.05792	0.881921	-8.96614	0.113813	84.0477	98.4049	108.321	87.678	468.885	548.981	604.303	489.138	531.005	511.656	1	0	0
"
 tid_7364_time_13:56:8:650 DPETW@ "GAZE_LOG_CALI: 672.556	498.647	675.259	503.946	939.319	483.535	941.165	489.293	328.96	489.68	332.353	494.909	592.9	476.8	595.522	482.365	
61.1652	-20.4465	327.312	-35.1249	-343.405	-9.83505	-80.0144	-22.3742	58.4617	-25.7454	325.463	-40.8874	-346.804	-15.0674	-82.6372	-27.9389	14.8614	-5.79122	-619.952	79.3643	-8.83461	-619.021	14.7296	-5.86481	-627.75	80.0493	-8.94662	-626.79	14.2698	-7.11088	-622.785	79.2607	-10.2607	-621.724	-0.0894574	-0.242436	0.966034	-0.149	-0.248288	0.957158	-0.0894574	0.0158527	0.995865	-0.149	0.00790258	0.988806	-0.0894574	0.0158527	0.995864	-0.149	0.00790258	0.988806	-5.13304	0.908329	-8.56924	0.452789	-5.13304	0.908329	-8.56924	0.452789	83.1994	98.595	112.459	91.1225	464.153	550.042	627.387	508.354	541.712	523.803	1	0	0
"
 tid_7364_time_13:56:8:672 DPETW@ "GAZE_LOG_CALI: 672.167	498.323	674.985	503.699	938.831	483.18	940.822	488.888	328.835	489.449	332.273	494.67	592.645	476.439	595.309	482.034	
60.8914	-20.694	326.969	-35.5301	-343.485	-10.0741	-80.2274	-22.7042	58.0729	-26.0699	324.975	-41.2426	-346.929	-15.2984	-82.8923	-28.3002	14.8022	-5.85322	-620.247	79.3068	-8.92708	-619.223	14.6697	-5.92756	-628.045	79.9908	-9.04022	-626.992	14.1841	-7.18344	-623.19	79.1871	-10.3543	-622.079	-0.0963668	-0.249232	0.963637	-0.156091	-0.255195	0.954207	-0.0963668	0.00866765	0.995308	-0.156091	0.000467524	0.987743	-0.0963668	0.00866765	0.995308	-0.156091	0.000467524	0.987743	-5.5302	0.496626	-8.98007	0.0267872	-5.5302	0.496626	-8.98007	0.0267872	78.9406	94.1574	108.005	86.5056	440.394	525.285	602.538	482.597	513.355	493.286	1	0	0
"
 tid_7364_time_13:56:8:694 DPETW@ "GAZE_LOG_CALI: 672.092	498.396	674.814	503.569	938.593	482.986	940.552	488.742	328.788	489.412	332.222	494.582	592.504	476.251	595.21	481.779	
60.7199	-20.8238	326.698	-35.6765	-343.536	-10.1627	-80.3267	-22.9602	57.9981	-25.9968	324.736	-41.4361	-346.977	-15.3358	-83.0331	-28.488	14.7649	-5.88156	-620.432	79.2747	-8.97981	-619.481	14.632	-5.95623	-628.231	79.958	-9.09358	-627.25	14.1672	-7.17954	-623.224	79.148	-10.4035	-622.23	-0.0898004	-0.236364	0.967506	-0.154257	-0.249451	0.956022	-0.0898004	0.0220988	0.995715	-0.154257	0.00648551	0.988009	-0.0898004	0.0220988	0.995715	-0.154257	0.00648551	0.988009	-5.15339	1.26627	-8.87391	0.371595	-5.15339	1.26627	-8.87391	0.371595	82.8485	102.137	109.065	90.0143	462.195	569.803	608.454	502.172	531.063	530.528	1	0	0
"
 tid_7364_time_13:56:8:716 DPETW@ "GAZE_LOG_CALI: 672.012	498.303	674.707	503.548	938.525	482.873	940.404	488.577	328.688	489.329	332.108	494.501	592.419	476.146	595.117	481.674	
60.6134	-20.8443	326.55	-35.8415	-343.65	-10.2431	-80.4196	-23.0644	57.9184	-26.09	324.668	-41.5499	-347.076	-15.419	-83.1176	-28.5931	14.7389	-5.89388	-620.417	79.2499	-9.01397	-619.574	14.6057	-5.96871	-628.215	79.9329	-9.12815	-627.343	14.147	-7.20093	-623.195	79.1282	-10.4299	-622.204	-0.0883798	-0.237414	0.96738	-0.150056	-0.242746	0.958414	-0.0883798	0.0210521	0.995864	-0.150056	0.0135808	0.988584	-0.0883798	0.0210521	0.995864	-0.150056	0.0135808	0.988584	-5.07153	1.20629	-8.63095	0.778144	-5.07153	1.20629	-8.63095	0.778144	83.6839	101.499	111.613	94.2296	466.855	566.243	622.667	525.688	542.013	542.431	1	0	0
"
 tid_7364_time_13:56:8:738 DPETW@ "GAZE_LOG_CALI: 671.855	498.131	674.526	503.471	938.418	482.668	940.223	488.464	328.508	489.193	331.928	494.432	592.27	475.99	594.888	481.563	
60.4323	-20.9213	326.369	-35.9548	-343.83	-10.3119	-80.6487	-23.1758	57.7609	-26.2618	324.561	-41.7546	-347.257	-15.5552	-83.2668	-28.7491	14.6948	-5.91185	-620.419	79.1963	-9.04046	-619.496	14.561	-5.98691	-628.217	79.8786	-9.15499	-627.265	14.1073	-7.2385	-623.166	79.0939	-10.4731	-622.137	-0.0868702	-0.239616	0.966974	-0.146614	-0.246264	0.958049	-0.0868702	0.01882	0.996042	-0.146614	0.0100888	0.989142	-0.0868702	0.01882	0.996042	-0.146614	0.0100888	0.989142	-4.98446	1.07837	-8.43119	0.578054	-4.98446	1.07837	-8.43119	0.578054	84.5541	100.14	113.694	92.1159	471.71	558.663	634.277	513.896	550.024	532.313	1	0	0
"
 tid_7364_time_13:56:8:760 DPETW@ "GAZE_LOG_CALI: 671.723	498.007	674.429	503.384	938.294	482.62	940.118	488.421	328.34	489.094	331.696	494.318	592.141	475.84	594.731	481.462	
60.3351	-21.0086	326.263	-35.9978	-344.063	-10.4261	-80.8059	-23.2764	57.6286	-26.3858	324.437	-41.8028	-347.425	-15.6537	-83.3961	-28.8988	14.6665	-5.93473	-620.206	79.1607	-9.05704	-619.419	14.5323	-6.0101	-628.005	79.8426	-9.17179	-627.188	14.074	-7.26525	-623.106	79.0629	-10.4974	-622.133	-0.0902634	-0.247201	0.964751	-0.147574	-0.250877	0.956704	-0.0902634	0.0109179	0.995858	-0.147574	0.00528452	0.989037	-0.0902634	0.0109179	0.995858	-0.147574	0.00528452	0.989037	-5.17907	0.625561	-8.48648	0.302782	-5.17907	0.625561	-8.48648	0.302782	82.4999	95.4338	113.083	89.2273	460.251	532.406	630.865	497.781	540.312	507.943	2	0	0
"
 tid_7364_time_13:56:8:792 DPETW@ "GAZE_LOG_CALI: 671.562	498.088	674.269	503.446	938.221	482.671	940.052	488.431	328.141	489.177	331.506	494.389	591.994	475.964	594.531	481.501	
60.1754	-20.9468	326.198	-35.9877	-344.253	-10.3554	-81.0053	-23.2381	57.4674	-26.3053	324.364	-41.7517	-347.625	-15.5714	-83.5427	-28.7752	14.6263	-5.91834	-620.159	79.118	-9.04834	-619.207	14.4916	-5.99351	-627.958	79.7997	-9.16302	-626.976	14.0332	-7.24482	-623.045	79.0303	-10.4742	-622.017	-0.090044	-0.245807	0.965127	-0.148339	-0.2528	0.956079	-0.090044	0.0123617	0.995861	-0.148339	0.00326546	0.988931	-0.090044	0.0123617	0.995861	-0.148339	0.00326546	0.988931	-5.16653	0.708292	-8.53071	0.187097	-5.16653	0.708292	-8.53071	0.187097	82.5946	96.327	112.6	88.0747	460.779	537.389	628.173	491.351	539.09	507.038	1	1	1
"
 tid_7364_time_13:56:8:818 DPETW@ "GAZE_LOG_CALI: 671.485	498.251	674.206	503.533	938.144	482.853	940.046	488.566	327.977	489.292	331.423	494.488	591.887	476.094	594.485	481.627	
60.1115	-20.8602	326.191	-35.853	-344.336	-10.2566	-81.0515	-23.1117	57.3907	-26.1415	324.286	-41.5697	-347.789	-15.4564	-83.6502	-28.6451	14.6099	-5.89555	-620.131	79.1082	-9.01564	-619.138	14.4749	-5.97044	-627.93	79.7898	-9.12993	-626.908	14.0116	-7.2093	-622.905	79.0052	-10.4354	-621.968	-0.0891659	-0.23842	0.96706	-0.151763	-0.252519	0.955616	-0.0891659	0.019998	0.995816	-0.151763	0.00341725	0.988411	-0.0891659	0.019998	0.995816	-0.151763	0.00341725	0.988411	-5.11665	1.14588	-8.72914	0.195795	-5.11665	1.14588	-8.72914	0.195795	83.1038	100.934	110.49	88.2166	463.62	563.092	616.403	492.143	535.4	521.553	1	1	1
"
 tid_7364_time_13:56:8:841 DPETW@ "GAZE_LOG_CALI: 671.346	498.57	674.111	503.804	938.176	483.181	940.042	488.908	327.781	489.574	331.273	494.793	591.685	476.43	594.331	482.056	
60.0172	-20.5887	326.188	-35.5105	-344.486	-9.95162	-81.2052	-22.6822	57.2517	-25.8232	324.319	-41.2414	-347.984	-15.1739	-83.8525	-28.3086	14.5847	-5.82463	-620.042	79.0775	-8.91863	-618.911	14.4494	-5.89862	-627.841	79.759	-9.03173	-626.68	13.9757	-7.13492	-622.812	78.9671	-10.3485	-621.606	-0.0910956	-0.237737	0.967048	-0.149378	-0.248384	0.957074	-0.0910956	0.0206542	0.995628	-0.149378	0.00778826	0.98875	-0.0910956	0.0206542	0.995628	-0.149378	0.00778826	0.98875	-5.22776	1.18348	-8.59113	0.446239	-5.22776	1.18348	-8.59113	0.446239	81.9174	101.421	111.956	90.9991	457.001	565.807	624.578	507.666	536.995	531.82	1	1	1
"
 tid_7364_time_13:56:8:863 DPETW@ "GAZE_LOG_CALI: 671.324	498.954	674.021	504.329	938.144	483.688	940.01	489.4	327.676	490	331.071	495.266	591.599	476.909	594.274	482.553	
59.9265	-20.0633	326.155	-35.0183	-344.689	-9.47789	-81.2624	-22.1854	57.2301	-25.4388	324.287	-40.734	-348.09	-14.7472	-83.9377	-27.8298	14.5586	-5.70147	-619.861	79.064	-8.79775	-618.867	14.423	-5.77393	-627.659	79.7453	-8.90932	-626.636	13.9671	-7.03431	-622.683	78.948	-10.2266	-621.516	-0.0884503	-0.24457	0.965589	-0.14913	-0.246383	0.95763	-0.0884503	0.0136767	0.995987	-0.14913	0.00986506	0.988768	-0.0884502	0.0136767	0.995987	-0.14913	0.00986506	0.988768	-5.07493	0.783641	-8.57691	0.565235	-5.07493	0.783641	-8.57691	0.565235	83.5086	97.4005	112.095	92.3782	465.878	543.378	625.353	515.359	541.561	523.981	1	1	1
"
 tid_7364_time_13:56:8:885 DPETW@ "GAZE_LOG_CALI: 671.321	499.407	674.035	504.672	938.14	484.121	940.036	489.808	327.559	490.41	331.017	495.646	591.536	477.348	594.247	482.971	
59.9407	-19.7211	326.181	-34.6094	-344.743	-9.09785	-81.2899	-21.7673	57.2269	-24.9861	324.282	-40.3004	-348.207	-14.3368	-84.0011	-27.3911	14.56	-5.61249	-619.743	79.0589	-8.69592	-618.776	14.4243	-5.68383	-627.541	79.7403	-8.80622	-626.545	13.9629	-6.92678	-622.493	78.9349	-10.1187	-621.424	-0.0884037	-0.238117	0.967205	-0.150615	-0.245438	0.95764	-0.0884037	0.0203272	0.995877	-0.150615	0.0107803	0.988534	-0.0884038	0.0203272	0.995877	-0.150615	0.0107803	0.988534	-5.07283	1.16474	-8.66306	0.617676	-5.07283	1.16474	-8.66306	0.617676	83.54	101.502	111.184	93.0528	466.053	566.259	620.272	519.123	540.032	538.656	1	1	1
"
 tid_7364_time_13:56:8:908 DPETW@ "GAZE_LOG_CALI: 671.324	499.662	674.097	505.043	938.234	484.47	940.115	490.15	327.618	490.783	331.035	496.031	591.637	477.714	594.282	483.325	
60.0029	-19.3493	326.26	-34.2671	-344.725	-8.71198	-81.2542	-21.4133	57.2302	-24.7306	324.376	-39.9509	-348.148	-13.9644	-83.8996	-27.0251	14.5725	-5.51968	-619.686	79.0695	-8.61032	-618.712	14.437	-5.58985	-627.484	79.7511	-8.71955	-626.481	13.9651	-6.85074	-622.581	78.9591	-10.0313	-621.437	-0.0928191	-0.24798	0.964309	-0.150215	-0.248811	0.956833	-0.0928191	0.0100515	0.995632	-0.150215	0.00731309	0.988626	-0.0928191	0.0100515	0.995632	-0.150215	0.00731309	0.988626	-5.32608	0.575921	-8.63959	0.419013	-5.32608	0.575921	-8.63959	0.419013	80.8966	95.4525	111.45	91.0659	451.306	532.51	621.756	508.039	531.04	513.016	1	1	1
"
 tid_7364_time_13:56:8:930 DPETW@ "GAZE_LOG_CALI: 671.467	499.953	674.207	505.321	938.405	484.746	940.312	490.498	327.777	491.047	331.188	496.296	591.784	478.003	594.424	483.585	
60.1134	-19.0713	326.458	-33.9187	-344.572	-8.44767	-81.1121	-21.1531	57.3733	-24.4398	324.547	-39.6752	-347.989	-13.7	-83.7527	-26.7364	14.6014	-5.45392	-619.74	79.1064	-8.53507	-618.627	14.4662	-5.52324	-627.538	79.7886	-8.64336	-626.396	14.0002	-6.78295	-622.61	78.9959	-9.96166	-621.401	-0.0912529	-0.246645	0.9648	-0.151642	-0.252213	0.955716	-0.0912529	0.0114681	0.995762	-0.151642	0.00373842	0.988428	-0.0912529	0.0114681	0.995762	-0.151642	0.00373842	0.988428	-5.23604	0.657091	-8.72215	0.214196	-5.23604	0.657091	-8.72215	0.214196	81.8651	96.3517	110.62	89.0109	456.709	537.527	617.125	496.574	531.183	509.421	1	1	1
"
 tid_7364_time_13:56:8:953 DPETW@ "GAZE_LOG_CALI: 671.568	500.041	674.287	505.368	938.418	484.775	940.317	490.476	327.789	491.068	331.271	496.353	591.828	478.02	594.449	483.591	
60.1931	-19.0244	326.463	-33.9412	-344.489	-8.38986	-81.0875	-21.1477	57.4734	-24.352	324.56	-39.6459	-347.977	-13.6792	-83.7092	-26.7193	14.6204	-5.44118	-619.754	79.1116	-8.53755	-618.66	14.4855	-5.51034	-627.552	79.7938	-8.64586	-626.429	14.022	-6.7682	-622.468	79.0047	-9.95658	-621.441	-0.0881587	-0.239236	0.966951	-0.151234	-0.251207	0.956046	-0.0881587	0.0191814	0.995922	-0.151234	0.00479527	0.988486	-0.0881587	0.0191814	0.995922	-0.151234	0.00479527	0.988486	-5.05862	1.09908	-8.69857	0.27475	-5.05862	1.09908	-8.69857	0.27475	83.7455	100.981	110.871	89.636	467.199	563.353	618.526	500.061	538.803	526.37	1	1	1
"
 tid_7364_time_13:56:8:976 DPETW@ "GAZE_LOG_CALI: 671.506	499.97	674.262	505.286	938.42	484.601	940.273	490.334	327.825	491.039	331.251	496.279	591.869	477.845	594.486	483.471	
60.1679	-19.1064	326.418	-34.0832	-344.508	-8.46468	-81.0509	-21.2678	57.4121	-24.4224	324.562	-39.8204	-347.94	-13.7082	-83.668	-26.8942	14.6145	-5.46038	-619.763	79.1167	-8.57101	-618.782	14.4796	-5.52979	-627.561	79.7988	-8.67972	-626.551	14.0103	-6.7819	-622.621	79.0133	-10.0003	-621.507	-0.0916801	-0.244625	0.965274	-0.148958	-0.25042	0.956609	-0.0916801	0.0135412	0.995696	-0.148958	0.00570194	0.988827	-0.0916801	0.0135412	0.995696	-0.148958	0.00570195	0.988827	-5.26076	0.775879	-8.56667	0.326699	-5.26076	0.775879	-8.56667	0.326699	81.6169	97.5824	112.26	90.1167	455.325	544.393	626.277	502.743	535.91	517.076	1	1	1
"
 tid_7364_time_13:56:8:999 DPETW@ "GAZE_LOG_CALI: 671.442	499.605	674.191	504.964	938.25	484.202	940.147	489.845	327.78	490.668	331.262	495.917	591.783	477.42	594.448	483.017	
60.0965	-19.4291	326.292	-34.5727	-344.497	-8.82615	-81.0881	-21.722	57.3479	-24.7875	324.393	-40.2196	-347.985	-14.079	-83.7536	-27.3195	14.6006	-5.5448	-619.887	79.104	-8.68769	-618.92	14.4655	-5.61526	-627.686	79.7858	-8.79785	-626.689	13.9953	-6.8724	-622.656	78.9886	-10.1031	-621.635	-0.0903232	-0.241474	0.966195	-0.150985	-0.247194	0.957131	-0.0903232	0.0168239	0.99577	-0.150985	0.00895295	0.988496	-0.0903232	0.0168239	0.99577	-0.150985	0.00895295	0.988496	-5.18294	0.963986	-8.68438	0.512973	-5.18294	0.963986	-8.68438	0.512973	82.4112	99.4358	110.981	91.9256	459.755	554.732	619.142	512.834	535.311	528.409	1	1	1
"
 tid_7364_time_13:56:9:22 DPETW@ "GAZE_LOG_CALI: 674.883	499.279	676.123	504.638	941.751	483.506	941.658	489.44	331.188	490.246	333.072	495.575	595.425	476.694	596.015	482.563	
62.029	-19.7549	327.807	-34.9785	-342.685	-9.16907	-79.5217	-22.1761	60.7892	-25.1143	327.9	-40.9169	-344.572	-14.5009	-80.1114	-28.0448	15.066	-5.62314	-619.728	79.4842	-8.79216	-619.019	14.9368	-5.69462	-627.526	80.1707	-8.90363	-626.788	14.835	-6.96063	-622.649	79.8755	-10.2775	-621.892	-0.0201932	-0.251202	0.967724	-0.0579407	-0.269703	0.961199	-0.0201932	0.00782338	0.999765	-0.0579407	-0.0117361	0.998251	-0.0201932	0.00782338	0.999766	-0.0579407	-0.0117361	0.998251	-1.1571	0.448251	-3.32185	-0.672442	-1.1571	0.448251	-3.32185	-0.672442	124.966	93.9859	167.711	79.4123	697.161	524.328	935.623	443.025	816.392	483.677	1	1	1
"
 tid_7364_time_13:56:9:44 DPETW@ "GAZE_LOG_CALI: 681.937	499.21	679.621	504.556	947.552	483.673	944.132	489.433	338.294	490.164	336.662	495.481	601.336	476.701	598.724	482.499	
65.5279	-19.8367	330.286	-34.9859	-339.089	-9.26237	-76.8116	-22.2396	67.844	-25.183	333.712	-40.7505	-337.453	-14.5826	-74.2001	-28.0373	15.9201	-5.64262	-619.923	80.1351	-8.80342	-619.404	15.8017	-5.71432	-627.721	80.8293	-8.91495	-627.172	16.5598	-6.97405	-622.841	81.3199	-10.2539	-622.11	0.148745	-0.247173	0.957487	0.0932813	-0.254607	0.962535	0.148745	0.00906533	0.988834	0.0932813	0.00319137	0.995635	0.148745	0.00906533	0.988834	0.0932813	0.00319137	0.995635	8.55457	0.519412	5.35243	0.182852	8.55457	0.519412	5.35243	0.182852	227.657	94.7191	258.698	88.2069	1270.05	528.419	1443.22	492.089	1361.02	503.956	1	1	1
"
 tid_7364_time_13:56:9:66 DPETW@ "GAZE_LOG_CALI: 682.509	499.127	679.743	504.51	948.359	483.655	944.587	489.293	338.879	490.16	336.787	495.488	602.138	476.772	599.143	482.396	
65.6491	-19.8825	330.741	-35.1259	-338.963	-9.25568	-76.3931	-22.3428	68.4161	-25.2657	334.521	-40.769	-336.868	-14.5868	-73.3974	-27.9665	15.9498	-5.64731	-619.931	80.2392	-8.83193	-619.355	15.8318	-5.71907	-627.73	80.9347	-8.94383	-627.123	16.7004	-6.98429	-622.863	81.5166	-10.2466	-622.105	0.170192	-0.247894	0.953721	0.111534	-0.249722	0.961873	0.170192	0.00739378	0.985383	0.111534	0.00773777	0.99373	0.170192	0.00739378	0.985383	0.111534	0.00773777	0.99373	9.79927	0.423636	6.40395	0.443346	9.79927	0.423636	6.40395	0.443346	240.993	93.719	269.841	90.9192	1344.45	522.839	1505.39	507.22	1434.41	503.494	1	1	1
"
 tid_7364_time_13:56:9:89 DPETW@ "GAZE_LOG_CALI: 682.624	499.236	679.884	504.564	948.49	483.741	944.85	489.305	338.978	490.227	336.886	495.494	602.248	476.793	599.439	482.471	
65.7905	-19.8292	331.004	-35.1134	-338.864	-9.24957	-76.0969	-22.2674	68.5306	-25.1572	334.652	-40.6829	-336.769	-14.5203	-73.288	-27.9461	15.9826	-5.6394	-619.863	80.3098	-8.82161	-619.406	15.8651	-5.71107	-627.662	81.0062	-8.93337	-627.174	16.7277	-6.96254	-622.84	81.5443	-10.233	-622.073	0.170628	-0.247538	0.953735	0.101695	-0.245588	0.964025	0.170628	0.0077419	0.985305	0.101695	0.0122881	0.99474	0.170628	0.0077419	0.985305	0.101695	0.0122881	0.99474	9.82464	0.443583	5.83721	0.704075	9.82464	0.443583	5.83721	0.704075	241.287	93.9551	263.961	93.6355	1346.09	524.157	1472.58	522.374	1416.69	514.157	1	1	1
"
 tid_7364_time_13:56:9:111 DPETW@ "GAZE_LOG_CALI: 682.786	499.339	680.006	504.593	948.723	483.847	945.187	489.441	339.004	490.328	336.965	495.545	602.415	476.919	599.617	482.589	
65.9127	-19.7999	331.342	-34.9778	-338.785	-9.19903	-75.9184	-22.1495	68.6935	-25.0536	334.886	-40.5767	-336.743	-14.4187	-73.1212	-27.8195	16.0101	-5.62909	-619.806	80.3604	-8.78728	-619.166	15.8929	-5.70064	-627.605	81.0577	-8.89865	-626.934	16.7621	-6.9351	-622.625	81.588	-10.2028	-621.972	0.167026	-0.23723	0.956987	0.102839	-0.252866	0.96202	0.167026	0.0185404	0.985778	0.102839	0.00473963	0.994687	0.167026	0.0185404	0.985778	0.102839	0.00473963	0.994687	9.61663	1.06234	5.90277	0.271562	9.61663	1.06234	5.90277	0.271562	239.076	100.514	264.678	89.2119	1333.76	560.746	1476.58	497.695	1411.65	521.208	1	1	1
"
 tid_7364_time_13:56:9:133 DPETW@ "GAZE_LOG_CALI: 682.985	499.426	680.315	504.678	949.212	483.969	945.621	489.618	339.087	490.43	337.145	495.622	602.85	477.059	599.982	482.707	
66.2212	-19.7147	331.777	-34.8007	-338.604	-9.12134	-75.5537	-22.0316	68.8921	-24.967	335.376	-40.4548	-336.66	-14.3172	-72.686	-27.6798	16.0804	-5.60735	-619.605	80.4524	-8.74967	-619.064	15.964	-5.67865	-627.404	81.151	-8.86057	-626.832	16.8053	-6.9102	-622.456	81.6969	-10.1691	-621.893	0.16281	-0.238327	0.957441	0.10623	-0.254612	0.961191	0.16281	0.0175976	0.986501	0.10623	0.00283845	0.994337	0.16281	0.0175976	0.986501	0.10623	0.00283845	0.994337	9.37147	1.00832	6.09805	0.162631	9.37147	1.00832	6.09805	0.162631	236.492	100.005	266.813	88.1376	1319.34	557.909	1488.49	491.702	1410.67	516.36	1	1	1
"
 tid_7364_time_13:56:9:156 DPETW@ "GAZE_LOG_CALI: 683.192	499.484	680.585	504.685	949.52	484.145	946.027	489.737	339.153	490.424	337.296	495.654	603.071	477.262	600.32	482.872	
66.4915	-19.7083	332.184	-34.681	-338.453	-9.08955	-75.2159	-21.8667	69.0994	-24.909	335.684	-40.2787	-336.593	-14.3227	-72.465	-27.4762	16.1411	-5.60101	-619.426	80.5375	-8.71323	-618.958	16.0255	-5.67224	-627.225	81.2372	-8.82369	-626.726	16.8505	-6.9014	-622.236	81.7547	-10.1204	-621.762	0.15853	-0.236197	0.958686	0.100355	-0.25148	0.962646	0.15853	0.019977	0.987152	0.100355	0.00623967	0.994932	0.15853	0.019977	0.987152	0.100355	0.00623967	0.994932	9.12342	1.14467	5.75974	0.357509	9.12342	1.14467	5.75974	0.357509	233.874	101.485	263.337	90.2338	1304.74	566.165	1469.11	503.396	1391.46	528.99	1	1	1
"
 tid_7364_time_13:56:9:178 DPETW@ "GAZE_LOG_CALI: 683.336	499.51	680.777	504.719	949.809	484.316	946.32	489.858	339.238	490.429	337.36	495.725	603.289	477.431	600.447	483.069	
66.684	-19.6738	332.478	-34.5605	-338.389	-9.01876	-75.0883	-21.6694	69.2427	-24.8831	335.974	-40.1068	-336.508	-14.3179	-72.2468	-27.3072	16.1829	-5.58641	-619.226	80.5757	-8.67099	-618.706	16.0677	-5.65748	-627.025	81.2762	-8.78096	-626.473	16.8831	-6.89664	-622.146	81.8107	-10.0767	-621.648	0.159895	-0.243009	0.956755	0.10636	-0.257859	0.96031	0.159895	0.0128981	0.98705	0.10636	-0.000526085	0.994327	0.159895	0.0128981	0.98705	0.10636	-0.000526086	0.994328	9.20156	0.739029	6.10555	-0.0301425	9.20156	0.739029	6.10555	-0.0301425	234.721	97.2729	266.982	86.2938	1309.46	542.666	1489.44	481.416	1406.93	502.369	1	1	1
"
 tid_7364_time_13:56:9:200 DPETW@ "GAZE_LOG_CALI: 683.448	499.543	680.917	504.944	950.088	484.485	946.575	490.124	339.281	490.594	337.412	495.865	603.355	477.614	600.642	483.309	
66.8239	-19.4491	332.733	-34.2942	-338.336	-8.87801	-74.8939	-21.4295	69.3556	-24.8498	336.254	-39.938	-336.464	-14.1523	-72.1806	-27.1246	16.2135	-5.54073	-619.088	80.6251	-8.60794	-618.609	16.0987	-5.61124	-626.886	81.3264	-8.71712	-626.376	16.9072	-6.87117	-622.048	81.8364	-10.0287	-621.332	0.15962	-0.248747	0.955325	0.0973936	-0.25047	0.963213	0.15962	0.00698495	0.987154	0.0973936	0.00736271	0.995219	0.15962	0.00698495	0.987154	0.0973936	0.00736271	0.995219	9.18506	0.400211	5.58926	0.421856	9.18506	0.400211	5.58926	0.421856	234.556	93.7808	261.608	91.0952	1308.54	523.184	1459.46	508.202	1389.92	507.814	1	1	1
"
 tid_7364_time_13:56:9:223 DPETW@ "GAZE_LOG_CALI: 683.689	499.909	681.08	505.271	950.348	484.962	946.905	490.596	339.21	490.926	337.403	496.232	603.561	478.021	600.752	483.68	
66.9863	-19.1213	333.063	-33.8217	-338.346	-8.5109	-74.784	-21.0589	69.5961	-24.4842	336.514	-39.4611	-336.536	-13.82	-71.975	-26.7181	16.2453	-5.45403	-618.832	80.6613	-8.50092	-618.275	16.1309	-5.52346	-626.631	81.3634	-8.6088	-626.043	16.9528	-6.78089	-621.567	81.8881	-9.91922	-621.24	0.155624	-0.238074	0.958698	0.104828	-0.261779	0.959418	0.155624	0.0181679	0.987649	0.104828	-0.00454322	0.99448	0.155624	0.0181679	0.987649	0.104828	-0.00454322	0.99448	8.9545	1.041	6.01732	-0.260308	8.9545	1.041	6.01732	-0.260308	232.093	100.674	266.103	84.1706	1294.8	561.642	1484.54	469.571	1396.04	507.234	1	1	1
"
 tid_7364_time_13:56:9:245 DPETW@ "GAZE_LOG_CALI: 683.676	500.261	681.068	505.571	950.412	485.298	946.963	490.94	339.186	491.282	337.358	496.498	603.617	478.375	600.769	484.138	
66.9742	-18.822	333.121	-33.4778	-338.391	-8.2448	-74.7669	-20.6002	69.5828	-24.1321	336.578	-39.1244	-336.559	-13.4642	-71.9189	-26.3637	16.2413	-5.3848	-618.771	80.6664	-8.40241	-618.207	16.1268	-5.45336	-626.57	81.3687	-8.50906	-625.974	16.9492	-6.6942	-621.545	81.9016	-9.83449	-621.223	0.156899	-0.236741	0.95882	0.107401	-0.267133	0.957656	0.156899	0.019487	0.987422	0.107401	-0.0101711	0.994164	0.156899	0.019487	0.987422	0.107401	-0.0101711	0.994164	9.0287	1.11659	6.16584	-0.58277	9.0287	1.11659	6.16584	-0.58277	232.873	101.555	267.663	80.919	1299.15	566.557	1493.24	451.431	1403.67	499.208	1	1	1
"
 tid_7364_time_13:56:9:268 DPETW@ "GAZE_LOG_CALI: 683.649	500.626	681.023	506.034	950.461	485.746	947.011	491.37	339.117	491.648	337.3	496.942	603.514	478.819	600.776	484.511	
66.9298	-18.3583	333.17	-33.0472	-338.449	-7.80085	-74.7598	-20.2272	69.5562	-23.7674	336.628	-38.6761	-336.629	-13.0979	-72.0213	-25.9197	16.2299	-5.27423	-618.743	80.6691	-8.3038	-618.133	16.1153	-5.34138	-626.541	81.3714	-8.40921	-625.9	16.9408	-6.60422	-621.474	81.8824	-9.72207	-620.988	0.156128	-0.23884	0.958426	0.0999962	-0.256898	0.961251	0.156128	0.0173573	0.987584	0.0999962	0.000646219	0.994988	0.156128	0.0173573	0.987584	0.0999962	0.000646219	0.994988	8.98358	0.994551	5.73896	0.0370256	8.98358	0.994551	5.73896	0.0370256	232.381	100.384	263.184	87.5019	1296.41	560.024	1468.25	488.156	1387.41	517.399	1	1	1
"
 tid_7364_time_13:56:9:290 DPETW@ "GAZE_LOG_CALI: 683.473	501.214	680.863	506.564	950.367	486.257	946.822	491.893	339.001	492.23	337.033	497.513	603.371	479.354	600.626	485.064	
66.77	-17.8286	332.981	-32.524	-338.717	-7.22902	-74.9102	-19.6749	69.3797	-23.1786	336.533	-38.1646	-336.745	-12.5157	-72.1642	-25.3842	16.1867	-5.13913	-618.568	80.6303	-8.17402	-618.193	16.0714	-5.20458	-626.367	81.3321	-8.27777	-625.96	16.9	-6.46212	-621.56	81.8487	-9.59318	-620.908	0.164481	-0.249624	0.954272	0.0984785	-0.250742	0.963032	0.164481	0.00586583	0.986363	0.0984785	0.007053	0.995114	0.164481	0.00586583	0.986363	0.0984786	0.007053	0.995114	9.46724	0.336089	5.65171	0.404111	9.46724	0.336089	5.65171	0.404111	237.477	93.6328	262.24	91.4406	1324.84	522.359	1462.98	510.129	1400.57	507.589	1	1	1
"
 tid_7364_time_13:56:9:313 DPETW@ "GAZE_LOG_CALI: 683.189	501.515	680.725	506.893	950.219	486.481	946.68	492.132	338.811	492.634	336.826	497.783	603.151	479.622	600.406	485.301	
66.6316	-17.5001	332.838	-32.2852	-338.923	-6.95962	-75.1299	-19.4374	69.0963	-22.8777	336.385	-37.9408	-336.935	-12.1117	-72.3847	-25.1161	16.1503	-5.0658	-618.457	80.5797	-8.11475	-618.067	16.0346	-5.13033	-626.256	81.281	-8.21777	-625.835	16.8343	-6.37752	-621.702	81.7973	-9.53158	-620.79	0.166967	-0.260417	0.95095	0.098567	-0.250781	0.963013	0.166967	-0.00541921	0.985948	0.098567	0.00701028	0.995106	0.166967	-0.00541921	0.985948	0.098567	0.00701028	0.995106	9.61167	-0.310499	5.6568	0.401663	9.61167	-0.310499	5.6568	0.401663	238.969	86.9175	262.232	91.5048	1333.16	484.895	1462.94	510.487	1406.67	486.237	1	1	1
"
 tid_7364_time_13:56:9:335 DPETW@ "GAZE_LOG_CALI: 683.036	501.742	680.501	507.157	950.014	486.632	946.496	492.303	338.577	492.724	336.671	498.098	603.014	479.73	600.286	485.397	
66.4071	-17.2357	332.654	-32.1132	-339.079	-6.64357	-75.2496	-19.3418	68.9427	-22.6514	336.18	-37.7891	-337.17	-12.0208	-72.522	-25.0085	16.0978	-4.99622	-618.571	80.5475	-8.0836	-618.162	15.9814	-5.05985	-626.37	81.2483	-8.18621	-625.93	16.794	-6.33772	-621.565	81.7605	-9.50154	-620.887	0.16131	-0.253683	0.953742	0.0978046	-0.251162	0.962991	0.16131	0.00180785	0.986902	0.0978046	0.00663678	0.995184	0.16131	0.00180785	0.986902	0.0978046	0.00663678	0.995184	9.28298	0.103582	5.61289	0.380262	9.28298	0.103582	5.61289	0.380262	235.426	91.3209	261.749	91.2879	1313.39	509.461	1460.25	509.277	1393.5	500.439	1	1	1
"
 tid_7364_time_13:56:9:358 DPETW@ "GAZE_LOG_CALI: 682.827	501.853	680.212	507.287	949.679	486.603	946.215	492.189	338.248	492.885	336.427	498.198	602.815	479.683	600.024	485.388	
66.1187	-17.106	332.372	-32.2273	-339.324	-6.54421	-75.5119	-19.3508	68.7344	-22.5401	335.843	-37.8179	-337.5	-11.8603	-72.7205	-25.0552	16.0301	-4.96901	-618.623	80.4827	-8.09908	-618.188	15.9129	-5.03229	-626.422	81.1826	-8.20189	-625.955	16.7383	-6.30293	-621.371	81.7061	-9.51407	-621.097	0.156514	-0.240942	0.957836	0.10347	-0.25935	0.960225	0.156514	0.015174	0.987559	0.10347	-0.00198816	0.994631	0.156514	0.015174	0.987559	0.10347	-0.00198816	0.994631	9.00564	0.869438	5.93901	-0.113913	9.00564	0.869438	5.93901	-0.113913	232.408	99.3962	265.104	86.1136	1296.56	554.512	1478.96	480.411	1393.82	509.487	1	1	1
"
 tid_7364_time_13:56:9:380 DPETW@ "GAZE_LOG_CALI: 682.551	501.728	679.914	507.085	949.399	486.2	945.904	491.849	338.142	492.719	336.321	498.089	602.631	479.317	599.785	485.057	
65.8204	-17.308	332.06	-32.5674	-339.43	-6.65332	-75.7504	-19.681	68.4579	-22.6654	335.563	-38.222	-337.606	-12.0266	-72.905	-25.4214	15.965	-5.0092	-618.924	80.4218	-8.1822	-618.3	15.847	-5.07296	-626.722	81.1208	-8.28604	-626.068	16.6778	-6.34125	-621.634	81.6572	-9.61045	-621.241	0.156485	-0.238886	0.958356	0.106559	-0.263136	0.958856	0.156485	0.0172946	0.987529	0.106559	-0.00599928	0.994288	0.156485	0.0172946	0.987529	0.106559	-0.00599928	0.994288	9.0043	0.990957	6.11709	-0.343736	9.0043	0.990957	6.11709	-0.343736	232.372	100.564	266.919	83.6042	1296.36	561.025	1489.09	466.411	1399.51	504.843	1	1	1
"
 tid_7364_time_13:56:9:402 DPETW@ "GAZE_LOG_CALI: 682.278	501.448	679.798	506.742	949.221	485.815	945.644	491.523	338.027	492.433	336.153	497.706	602.351	478.966	599.693	484.611	
65.7045	-17.6503	331.8	-32.8939	-339.598	-7.03601	-75.8424	-20.1275	68.1853	-22.9446	335.385	-38.6067	-337.721	-12.3121	-73.1848	-25.7725	15.9349	-5.097	-618.846	80.3924	-8.2796	-618.556	15.8165	-5.16189	-626.645	81.0908	-8.38464	-626.324	16.6176	-6.4128	-621.881	81.5937	-9.69825	-621.088	0.160518	-0.250662	0.954674	0.0927645	-0.242327	0.96575	0.160518	0.0049669	0.98702	0.0927645	0.0158846	0.995561	0.160518	0.0049669	0.98702	0.0927645	0.0158846	0.995561	9.23708	0.284584	5.32334	0.910158	9.23708	0.284584	5.32334	0.910158	234.81	93.0585	258.591	96.5199	1309.96	519.155	1442.63	538.465	1380.53	523.198	1	1	1
"
 tid_7364_time_13:56:9:424 DPETW@ "GAZE_LOG_CALI: 682.122	501.087	679.628	506.418	948.98	485.434	945.459	491.019	337.986	491.979	336.075	497.374	602.252	478.491	599.581	484.162	
65.5348	-17.9747	331.615	-33.3988	-339.676	-7.36795	-75.9546	-20.5762	68.0288	-23.3063	335.144	-38.9882	-337.762	-12.7668	-73.2834	-26.2474	15.8978	-5.178	-618.983	80.3626	-8.39716	-618.672	15.7789	-5.2439	-626.782	81.0605	-8.50367	-626.44	16.5846	-6.51443	-622.056	81.5644	-9.80646	-621.317	0.16246	-0.256204	0.952873	0.0948898	-0.245318	0.964787	0.16246	-0.000852138	0.986715	0.0948898	0.0127462	0.995406	0.16246	-0.000852138	0.986715	0.0948898	0.0127462	0.995406	9.34974	-0.0488239	5.44542	0.730321	9.34974	-0.0488239	5.44542	0.730321	235.994	89.4305	259.847	94.502	1316.56	498.915	1449.63	527.208	1389.17	504.924	1	1	1
"
 tid_7364_time_13:56:9:446 DPETW@ "GAZE_LOG_CALI: 682.055	500.877	679.485	506.222	948.803	485.108	945.279	490.744	337.916	491.79	336.036	497.154	602.25	478.22	599.462	483.816	
65.3914	-18.1709	331.434	-33.6736	-339.715	-7.58843	-76.0742	-20.9221	67.9619	-23.5161	334.966	-39.3146	-337.832	-12.9559	-73.2859	-26.5184	15.8671	-5.23005	-619.147	80.3312	-8.47407	-618.767	15.7479	-5.2966	-626.945	81.0286	-8.58153	-626.535	16.5682	-6.56321	-622.052	81.5564	-9.88349	-621.582	0.160193	-0.247336	0.955596	0.102515	-0.252897	0.962047	0.160193	0.00841771	0.98705	0.102515	0.00471623	0.99472	0.160193	0.00841771	0.98705	0.102515	0.00471623	0.99472	9.21841	0.482305	5.88409	0.270221	9.21841	0.482305	5.88409	0.270221	234.583	94.9362	264.421	89.6058	1308.69	529.63	1475.15	499.893	1398.55	506.089	1	1	1
"
 tid_7364_time_13:56:9:468 DPETW@ "GAZE_LOG_CALI: 681.964	500.768	679.368	506.184	948.666	484.979	945.235	490.597	337.912	491.745	335.977	497.144	602.163	478.086	599.404	483.765	
65.2747	-18.2084	331.391	-33.8207	-339.775	-7.59818	-76.1316	-20.9737	67.8705	-23.625	334.829	-39.4432	-337.836	-13.0008	-73.3726	-26.6525	15.8408	-5.23656	-619.236	80.3179	-8.49797	-618.746	15.7213	-5.30318	-627.035	81.0152	-8.60574	-626.514	16.5494	-6.58338	-622.188	81.533	-9.91684	-621.657	0.162982	-0.251977	0.95391	0.102394	-0.259248	0.960368	0.162982	0.00349918	0.986623	0.102394	-0.00185287	0.994742	0.162982	0.00349918	0.986623	0.102394	-0.00185287	0.994742	9.38006	0.200489	5.87705	-0.106162	9.38006	0.200489	5.87705	-0.106162	236.298	91.9372	264.331	85.6591	1318.26	512.899	1474.65	477.875	1405.14	483.758	1	1	1
"
 tid_7364_time_13:56:9:490 DPETW@ "GAZE_LOG_CALI: 681.884	500.798	679.279	506.166	948.524	484.907	945.106	490.537	337.859	491.739	335.906	497.145	602.04	478.021	599.349	483.642	
65.1852	-18.2267	331.261	-33.8804	-339.845	-7.59784	-76.1868	-21.0963	67.7912	-23.5954	334.687	-39.516	-337.889	-13.0074	-73.4959	-26.7172	15.8199	-5.23903	-619.263	80.3015	-8.52181	-618.866	15.7001	-5.30567	-627.062	80.9985	-8.62987	-626.634	16.531	-6.58106	-622.229	81.5021	-9.93422	-621.686	0.163979	-0.25171	0.95381	0.0979745	-0.253712	0.962305	0.163979	0.00373064	0.986457	0.0979745	0.00399573	0.995181	0.163979	0.00373064	0.986457	0.0979745	0.00399573	0.995181	9.43797	0.21375	5.62259	0.228939	9.43797	0.21375	5.62259	0.228939	236.9	92.068	261.656	89.1019	1321.62	513.629	1459.73	497.082	1398.01	495.569	1	1	1
"
 tid_7364_time_13:56:9:512 DPETW@ "GAZE_LOG_CALI: 681.825	500.832	679.204	506.211	948.487	484.919	945.078	490.567	337.741	491.793	335.835	497.173	601.983	478.014	599.316	483.685	
65.1107	-18.1813	331.233	-33.8502	-339.916	-7.5699	-76.2194	-21.0531	67.7319	-23.5605	334.649	-39.5032	-338.008	-12.953	-73.5528	-26.7249	15.8018	-5.23022	-619.269	80.2937	-8.51279	-618.856	15.6818	-5.29675	-627.068	80.9905	-8.62073	-626.624	16.5142	-6.5693	-622.135	81.4891	-9.9332	-621.657	0.16125	-0.246526	0.955627	0.0965995	-0.25427	0.962297	0.16125	0.00920907	0.986871	0.0965995	0.0034544	0.995317	0.16125	0.00920907	0.986871	0.0965995	0.0034544	0.995317	9.27988	0.527648	5.54342	0.197923	9.27988	0.527648	5.54342	0.197923	235.193	95.3845	260.818	88.7892	1312.1	532.131	1455.05	495.337	1389.63	505.643	1	1	1
"
 tid_7364_time_13:56:9:534 DPETW@ "GAZE_LOG_CALI: 681.796	501.021	679.173	506.418	948.494	485.107	945.091	490.757	337.634	491.989	335.744	497.377	601.938	478.13	599.239	483.856	
65.0799	-17.9743	331.246	-33.6604	-340.008	-7.36497	-76.2965	-20.8825	67.7026	-23.3717	334.657	-39.3153	-338.115	-12.7564	-73.5974	-26.6083	15.7922	-5.17937	-619.167	80.2785	-8.46715	-618.713	15.672	-5.24527	-626.966	80.9753	-8.57454	-626.481	16.5037	-6.52107	-622.016	81.4804	-9.89483	-621.577	0.160574	-0.246328	0.955792	0.098965	-0.25869	0.960877	0.160574	0.00944301	0.986979	0.098965	-0.00118171	0.99509	0.160574	0.00944301	0.986979	0.098965	-0.00118171	0.99509	9.24062	0.541053	5.67958	-0.0677068	9.24062	0.541053	5.67958	-0.0677068	234.75	95.6004	262.218	86.0994	1309.62	533.336	1462.86	480.331	1393.09	497.622	1	1	1
"
 tid_7364_time_13:56:9:556 DPETW@ "GAZE_LOG_CALI: 681.852	501.228	679.192	506.547	948.541	485.276	945.122	490.865	337.619	492.178	335.698	497.505	601.952	478.356	599.242	484.068	
65.0981	-17.8457	331.277	-33.5522	-340.054	-7.23739	-76.294	-20.6702	67.759	-23.1646	334.704	-39.1467	-338.129	-12.5672	-73.5838	-26.3827	15.794	-5.14744	-619.067	80.2804	-8.4276	-618.675	15.6739	-5.21294	-626.866	80.9773	-8.5345	-626.443	16.5149	-6.47146	-621.898	81.4847	-9.84579	-621.523	0.161939	-0.242332	0.956583	0.0991525	-0.256246	0.961513	0.161939	0.0135071	0.986708	0.0991525	0.00134277	0.995071	0.161939	0.0135071	0.986708	0.0991524	0.00134277	0.995071	9.3203	0.773923	5.69037	0.0769353	9.3203	0.773923	5.69037	0.0769353	235.589	98.1136	262.33	87.6571	1314.3	547.356	1463.49	489.022	1394.99	510.21	1	1	1
"
 tid_7364_time_13:56:9:578 DPETW@ "GAZE_LOG_CALI: 681.907	501.53	679.28	506.822	948.804	485.645	945.336	491.297	337.634	492.461	335.69	497.76	601.973	478.674	599.295	484.378	
65.186	-17.5702	331.491	-33.1198	-340.062	-6.98173	-76.2407	-20.3601	67.8135	-22.8625	334.967	-38.7769	-338.115	-12.2849	-73.5623	-26.0644	15.8113	-5.0817	-618.922	80.2999	-8.33402	-618.422	15.6913	-5.14638	-626.721	80.9973	-8.43977	-626.19	16.5261	-6.39945	-621.841	81.4999	-9.75599	-621.147	0.163459	-0.245352	0.955554	0.0959734	-0.251343	0.963128	0.163459	0.010324	0.986496	0.0959734	0.0064971	0.995363	0.163459	0.010324	0.986496	0.0959734	0.0064971	0.995363	9.40826	0.59153	5.50746	0.372259	9.40826	0.59153	5.50746	0.372259	236.526	96.2924	260.412	90.8927	1319.53	537.196	1452.79	507.072	1391.7	514.88	1	1	1
"
 tid_7364_time_13:56:9:600 DPETW@ "GAZE_LOG_CALI: 682.019	501.858	679.401	507.307	949.02	486.023	945.484	491.649	337.649	492.855	335.669	498.183	602.085	479.065	599.403	484.749	
65.3075	-17.0858	331.64	-32.7678	-340.083	-6.55937	-76.1332	-19.9896	67.9254	-22.5353	335.183	-38.399	-338.1	-11.8899	-73.4505	-25.6733	15.8353	-4.96971	-618.694	80.3273	-8.2452	-618.355	15.7156	-5.03299	-626.493	81.0251	-8.34984	-626.123	16.5494	-6.30962	-621.687	81.5316	-9.65963	-620.99	0.165365	-0.253185	0.95318	0.0951776	-0.246136	0.964551	0.165365	0.00214344	0.98623	0.0951776	0.0118946	0.995389	0.165365	0.00214344	0.98623	0.0951776	0.0118946	0.995389	9.51847	0.12281	5.46193	0.681529	9.51847	0.12281	5.46193	0.681529	237.696	91.5185	259.959	94.2207	1326.06	510.564	1450.26	525.639	1394.2	510.173	1	1	1
"
 tid_7364_time_13:56:9:623 DPETW@ "GAZE_LOG_CALI: 682.095	502.343	679.51	507.615	949.189	486.452	945.65	492.118	337.616	493.242	335.702	498.607	602.207	479.591	599.451	485.31	
65.4166	-16.7772	331.806	-32.2983	-340.05	-6.13423	-76.0853	-19.4288	68.002	-22.0501	335.353	-37.9697	-338.133	-11.5032	-73.3288	-25.1477	15.8584	-4.87953	-618.579	80.3434	-8.11755	-618.171	15.739	-4.94167	-626.378	81.0416	-8.2206	-625.939	16.5638	-6.20148	-621.511	81.5626	-9.54174	-620.913	0.161897	-0.247306	0.955316	0.0997475	-0.252953	0.962323	0.161897	0.0083745	0.986772	0.0997475	0.00473319	0.995001	0.161897	0.0083745	0.986772	0.0997475	0.00473319	0.995002	9.31733	0.479829	5.72469	0.271193	9.31733	0.479829	5.72469	0.271193	235.556	95.3975	262.714	90.1158	1314.12	532.203	1465.63	502.738	1396.1	509.317	1	1	1
"
 tid_7364_time_13:56:9:644 DPETW@ "GAZE_LOG_CALI: 682.148	502.724	679.615	508.153	949.301	486.955	945.812	492.668	337.671	493.678	335.698	499.072	602.235	480.063	599.498	485.72	
65.5214	-16.2401	331.968	-31.7481	-340.053	-5.6696	-76.0375	-19.0188	68.0544	-21.6692	335.465	-37.4659	-338.077	-11.0662	-73.3002	-24.676	15.8796	-4.75649	-618.405	80.3594	-7.99866	-617.992	15.7604	-4.81709	-626.203	81.058	-8.10022	-625.76	16.5761	-6.10154	-621.518	81.5725	-9.42072	-620.781	0.165587	-0.260741	0.951102	0.0993997	-0.255098	0.961792	0.165587	-0.00569293	0.986179	0.0993997	0.00252439	0.995044	0.165587	-0.00569293	0.986179	0.0993997	0.00252439	0.995044	9.5315	-0.326183	5.70462	0.144637	9.5315	-0.326183	5.70462	0.144637	237.843	87.069	262.506	88.9584	1326.88	485.741	1464.47	496.281	1404.67	478.847	1	1	1
"
 tid_7364_time_13:56:9:666 DPETW@ "GAZE_LOG_CALI: 682.401	503.394	679.837	508.696	949.553	487.672	946.153	493.443	337.797	494.351	335.85	499.643	602.361	480.811	599.735	486.539	
65.7431	-15.6969	332.309	-30.9724	-339.901	-5.09746	-75.8004	-18.1993	68.308	-20.999	335.718	-36.7485	-337.951	-10.3938	-73.1748	-23.9275	15.9305	-4.61997	-618.293	80.4208	-7.80265	-617.832	15.812	-4.67883	-626.092	81.1203	-7.90175	-625.6	16.6325	-5.93557	-621.319	81.6075	-9.23879	-620.58	0.163994	-0.251182	0.953946	0.0933762	-0.256256	0.962088	0.163994	0.00427641	0.986452	0.0933762	0.00148229	0.99563	0.163994	0.00427641	0.986452	0.0933762	0.00148229	0.99563	9.43887	0.245021	5.35787	0.0849292	9.43887	0.245021	5.35787	0.0849292	236.893	93.2511	258.928	88.5685	1321.58	520.229	1444.51	494.106	1389.61	498.273	1	1	1
"
 tid_7364_time_13:56:9:688 DPETW@ "GAZE_LOG_CALI: 682.486	503.773	680.01	509.203	949.697	488.179	946.273	493.786	337.931	494.729	335.991	500.148	602.597	481.264	599.827	486.942	
65.9164	-15.1894	332.43	-30.629	-339.76	-4.59212	-75.7086	-17.7963	68.3926	-20.6198	335.862	-36.2409	-337.817	-10.0153	-72.9383	-23.4749	15.9708	-4.49641	-618.246	80.4437	-7.7113	-617.783	15.8527	-4.5537	-626.045	81.1436	-7.80925	-625.551	16.6554	-5.84346	-621.384	81.6607	-9.1234	-620.718	0.163721	-0.26306	0.950786	0.102711	-0.261032	0.95985	0.163721	-0.0080148	0.986474	0.102711	-0.00370957	0.994704	0.163721	-0.0080148	0.986474	0.102711	-0.00370957	0.994704	9.42325	-0.459219	5.89537	-0.212543	9.42325	-0.459219	5.89537	-0.212543	236.765	85.9643	264.577	85.57	1320.86	479.578	1476.02	477.378	1408.78	464.289	1	1	1
"
 tid_7364_time_13:56:9:711 DPETW@ "GAZE_LOG_CALI: 682.774	504.019	680.167	509.41	949.875	488.389	946.419	494.071	338.029	494.971	336.129	500.326	602.774	481.531	600.003	487.294	
66.0739	-14.9822	332.577	-30.3444	-339.622	-4.41452	-75.5326	-17.4445	68.6805	-20.3739	336.04	-36.0306	-337.719	-9.77239	-72.7619	-23.2076	16.0082	-4.44931	-618.216	80.4843	-7.63423	-617.819	15.8906	-4.50601	-626.014	81.1847	-7.73119	-625.587	16.7173	-5.78117	-621.101	81.7034	-9.06484	-620.713	0.160736	-0.247919	0.955353	0.10211	-0.26256	0.959498	0.160736	0.00779234	0.986967	0.10211	-0.00527719	0.994759	0.160736	0.00779234	0.986967	0.10211	-0.00527719	0.994759	9.24992	0.446473	5.86075	-0.302362	9.24992	0.446473	5.86075	-0.302362	234.949	95.558	264.261	84.6996	1310.74	533.099	1474.26	472.522	1400.2	492.529	1	1	1
"
 tid_7364_time_13:56:9:734 DPETW@ "GAZE_LOG_CALI: 682.808	504.034	680.167	509.482	949.907	488.496	946.445	494.146	338.061	494.994	336.221	500.386	602.799	481.577	600.093	487.315	
66.074	-14.9109	332.602	-30.2692	-339.53	-4.35466	-75.4432	-17.4229	68.7146	-20.359	336.072	-35.9234	-337.686	-9.74998	-72.7362	-23.1619	16.0122	-4.43417	-618.349	80.5035	-7.62362	-617.921	15.8947	-4.49066	-626.148	81.204	-7.72044	-625.688	16.7256	-5.77654	-621.097	81.7099	-9.04605	-620.703	0.157443	-0.243654	0.956998	0.0975969	-0.255755	0.961803	0.157443	0.0123378	0.987451	0.0975969	0.00189275	0.995224	0.157443	0.0123378	0.987451	0.0975969	0.00189275	0.995224	9.05923	0.706925	5.60081	0.108446	9.05923	0.706925	5.60081	0.108446	232.941	98.2788	261.567	88.9664	1299.53	548.278	1459.23	496.326	1384.39	515.639	1	1	1
"
 tid_7364_time_13:56:9:756 DPETW@ "GAZE_LOG_CALI: 682.711	503.881	680.128	509.328	949.716	488.362	946.278	493.987	338.096	494.858	336.236	500.244	602.749	481.49	600.027	487.234	
66.0349	-15.0646	332.435	-30.4286	-339.515	-4.4969	-75.5091	-17.5042	68.6178	-20.5122	335.88	-36.0582	-337.652	-9.88642	-72.7869	-23.2483	16.0047	-4.47072	-618.437	80.4831	-7.65474	-618.076	15.8871	-4.52767	-626.236	81.1832	-7.75192	-625.844	16.7074	-5.81366	-621.3	81.6914	-9.07608	-620.916	0.158773	-0.248893	0.955428	0.0991039	-0.25821	0.960992	0.158773	0.0068709	0.987291	0.0991039	-0.000688463	0.995077	0.158773	0.0068709	0.987291	0.0991038	-0.000688463	0.995077	9.13593	0.393676	5.68757	-0.0394461	9.13593	0.393676	5.68757	-0.0394461	233.764	94.9238	262.469	87.354	1304.12	529.561	1464.26	487.331	1390.74	499.62	1	1	1
"
 tid_7364_time_13:56:9:778 DPETW@ "GAZE_LOG_CALI: 682.578	503.718	679.909	509.121	949.51	488.197	946.144	493.788	337.994	494.64	336.11	500.081	602.678	481.215	599.859	486.983	
65.8157	-15.2711	332.301	-30.6271	-339.641	-4.65955	-75.6766	-17.7549	68.485	-20.6751	335.674	-36.2234	-337.754	-10.1036	-72.8573	-23.5237	15.9554	-4.51666	-618.578	80.4439	-7.70883	-618.02	15.8372	-4.57419	-626.377	81.1435	-7.80671	-625.787	16.6768	-5.86057	-621.34	81.6688	-9.13298	-621.127	0.159436	-0.244289	0.956506	0.107774	-0.27213	0.956206	0.159436	0.0115967	0.98714	0.107774	-0.0153731	0.994057	0.159436	0.0115967	0.98714	0.107774	-0.0153731	0.994057	9.17476	0.664459	6.18775	-0.880851	9.17476	0.664459	6.18775	-0.880851	234.148	97.6965	267.668	78.5346	1306.27	545.029	1493.27	438.129	1409.07	479.134	1	1	1
"
 tid_7364_time_13:56:9:802 DPETW@ "GAZE_LOG_CALI: 682.301	503.334	679.854	508.676	949.373	487.84	945.902	493.535	337.954	494.341	336.032	499.643	602.465	480.927	599.755	486.604	
65.7606	-15.7168	332.058	-30.8802	-339.719	-5.09828	-75.7812	-18.1341	68.2075	-21.0588	335.537	-36.5804	-337.794	-10.4037	-73.0708	-23.812	15.9411	-4.62408	-618.549	80.4132	-7.78848	-618.24	15.8227	-4.68298	-626.348	81.1122	-7.88733	-626.008	16.6188	-5.94744	-621.708	81.6204	-9.2103	-621.012	0.163308	-0.259401	0.951862	0.0978563	-0.25477	0.962038	0.163308	-0.00420165	0.986566	0.0978563	0.00290482	0.995196	0.163308	-0.00420165	0.986566	0.0978563	0.00290482	0.995196	9.39907	-0.240738	5.61577	0.166434	9.39907	-0.240738	5.61577	0.166434	236.519	88.062	261.658	89.3278	1319.49	491.281	1459.74	498.342	1397.77	483.699	1	1	1
"
 tid_7364_time_13:56:9:824 DPETW@ "GAZE_LOG_CALI: 682.152	502.839	679.647	508.273	949.166	487.185	945.634	492.924	337.86	493.76	335.955	499.165	602.306	480.347	599.634	486.074	
65.5532	-16.1193	331.79	-31.4921	-339.796	-5.57597	-75.9021	-18.6643	68.0593	-21.5544	335.33	-37.2355	-337.888	-10.9846	-73.2296	-24.3912	15.8961	-4.73266	-618.751	80.378	-7.93017	-618.468	15.7772	-4.79292	-626.55	81.0764	-8.03079	-626.236	16.5852	-6.07992	-621.793	81.5804	-9.36228	-621.093	0.161785	-0.257716	0.95258	0.0944443	-0.249494	0.96376	0.161785	-0.00238878	0.986823	0.0944443	0.00844681	0.995494	0.161785	-0.00238878	0.986823	0.0944443	0.00844681	0.995494	9.31055	-0.136867	5.41953	0.483973	9.31055	-0.136867	5.41953	0.483973	235.556	88.9984	259.584	92.4413	1314.12	496.504	1448.17	515.712	1387.65	497.236	1	1	1
"
 tid_7364_time_13:56:9:846 DPETW@ "GAZE_LOG_CALI: 682.028	502.586	679.407	507.924	948.951	486.885	945.399	492.541	337.739	493.521	335.816	498.842	602.21	479.961	599.508	485.675	
65.3137	-16.4683	331.554	-31.8747	-339.936	-5.89988	-76.0282	-19.0633	67.9346	-21.8071	335.114	-37.5356	-338.009	-11.2241	-73.3255	-24.7781	15.8423	-4.81574	-618.9	80.3431	-8.02748	-618.639	15.7228	-4.87703	-626.699	81.0408	-8.1293	-626.407	16.555	-6.14028	-621.801	81.5519	-9.44891	-621.27	0.162341	-0.246419	0.95547	0.0959138	-0.247654	0.964089	0.162341	0.00927103	0.986691	0.0959138	0.0103089	0.995336	0.162341	0.00927103	0.986691	0.0959138	0.0103089	0.995336	9.34319	0.531198	5.50421	0.590668	9.34319	0.531198	5.50421	0.590668	235.87	95.9215	260.449	93.4168	1315.87	535.127	1452.99	521.154	1389.33	521.766	1	1	1
"
 tid_7364_time_13:56:9:868 DPETW@ "GAZE_LOG_CALI: 681.903	502.39	679.266	507.74	948.777	486.667	945.301	492.338	337.65	493.385	335.664	498.676	602.074	479.722	599.343	485.455	
65.1727	-16.6528	331.456	-32.0785	-340.088	-6.06518	-76.1927	-19.2838	67.8097	-22.0032	334.94	-37.7543	-338.098	-11.3601	-73.4613	-25.0167	15.8073	-4.85836	-618.891	80.3062	-8.07794	-618.536	15.6873	-4.9202	-626.69	81.0035	-8.18042	-626.304	16.5258	-6.1815	-621.861	81.5177	-9.50592	-621.338	0.165667	-0.249208	0.954175	0.0995508	-0.256615	0.961373	0.165667	0.00624193	0.986162	0.0995508	0.000951096	0.995032	0.165667	0.00624193	0.986162	0.0995508	0.000951096	0.995032	9.53615	0.357639	5.7133	0.0544938	9.53615	0.357639	5.7133	0.0544938	237.894	94.0542	262.593	87.8009	1327.16	524.71	1464.95	489.824	1403.67	497.267	1	1	1
"
 tid_7364_time_13:56:9:891 DPETW@ "GAZE_LOG_CALI: 681.798	502.349	679.114	507.688	948.592	486.513	945.118	492.169	337.506	493.308	335.54	498.667	601.938	479.571	599.247	485.272	
65.0207	-16.7044	331.272	-32.2473	-340.212	-6.07416	-76.289	-19.4662	67.705	-22.0437	334.755	-37.9083	-338.243	-11.4373	-73.5978	-25.1681	15.7715	-4.86615	-618.932	80.279	-8.12241	-618.668	15.651	-4.92808	-626.731	80.9758	-8.22543	-626.436	16.4989	-6.19541	-621.793	81.4822	-9.54441	-621.41	0.164058	-0.245227	0.955484	0.0969956	-0.252636	0.962687	0.164058	0.0104267	0.986396	0.0969956	0.00513376	0.995272	0.164058	0.0104267	0.986396	0.0969956	0.00513376	0.995272	9.44303	0.597417	5.56626	0.294144	9.44303	0.597417	5.56626	0.294144	236.868	96.564	261.035	90.2235	1321.44	538.711	1456.26	503.339	1394.7	513.404	1	1	1
"
 tid_7364_time_13:56:9:913 DPETW@ "GAZE_LOG_CALI: 681.635	502.562	679.009	507.941	948.461	486.613	944.997	492.166	337.291	493.496	335.391	498.925	601.764	479.648	599.056	485.363	
64.9158	-16.4512	331.151	-32.2507	-340.361	-5.81613	-76.4796	-19.375	67.5422	-21.8314	334.623	-37.8086	-338.458	-11.2491	-73.7716	-25.0904	15.7443	-4.80355	-618.859	80.236	-8.11064	-618.569	15.6235	-4.8647	-626.658	80.9324	-8.21354	-626.337	16.4569	-6.14591	-621.712	81.4416	-9.52197	-621.345	0.160981	-0.247494	0.955422	0.098178	-0.252287	0.962659	0.160981	0.00822105	0.986923	0.098178	0.00546399	0.995154	0.160981	0.00822105	0.986923	0.098178	0.00546399	0.995154	9.26417	0.471036	5.63435	0.313065	9.26417	0.471036	5.63435	0.313065	234.921	95.3083	261.696	90.4578	1310.58	531.706	1459.95	504.646	1391.07	510.504	1	1	1
"
 tid_7364_time_13:56:9:936 DPETW@ "GAZE_LOG_CALI: 681.65	502.749	678.985	508.165	948.47	486.707	945.027	492.365	337.22	493.647	335.35	499.062	601.778	479.75	599.039	485.471	
64.8917	-16.2273	331.181	-32.051	-340.402	-5.67956	-76.4965	-19.2677	67.557	-21.6443	334.632	-37.7139	-338.529	-11.0974	-73.7579	-24.989	15.7379	-4.75955	-618.829	80.2333	-8.07233	-618.487	15.617	-4.82015	-626.628	80.9298	-8.17475	-626.255	16.4571	-6.10332	-621.576	81.4442	-9.498	-621.345	0.159137	-0.243047	0.956872	0.100638	-0.258888	0.96065	0.159137	0.0128911	0.987172	0.100638	-0.00143197	0.994922	0.159137	0.0128911	0.987172	0.100638	-0.00143197	0.994922	9.15757	0.738626	5.77591	-0.082046	9.15757	0.738626	5.77591	-0.082046	233.773	98.1772	263.171	86.3946	1304.17	547.711	1468.18	481.978	1392.34	506.673	1	1	1
"
 tid_7364_time_13:56:9:959 DPETW@ "GAZE_LOG_CALI: 681.795	502.874	679.188	508.318	948.628	486.865	945.169	492.517	337.301	493.824	335.427	499.214	601.898	479.918	599.204	485.601	
65.0942	-16.0749	331.324	-31.899	-340.325	-5.52694	-76.3315	-19.1371	67.7015	-21.5193	334.791	-37.5564	-338.449	-10.9208	-73.6373	-24.8211	15.7824	-4.72097	-618.631	80.2722	-8.03821	-618.519	15.662	-4.78109	-626.43	80.9691	-8.14019	-626.287	16.4893	-6.06552	-621.486	81.4752	-9.45727	-621.287	0.159861	-0.248197	0.955428	0.097417	-0.25352	0.962412	0.159861	0.0075428	0.987111	0.097417	0.00420895	0.995235	0.159861	0.0075428	0.987111	0.097417	0.00420895	0.995235	9.19912	0.432175	5.5905	0.241156	9.19912	0.432175	5.5905	0.241156	234.232	95.036	261.27	89.7912	1306.74	530.187	1457.57	500.927	1387.94	507.818	1	1	1
"
 tid_7364_time_13:56:9:982 DPETW@ "GAZE_LOG_CALI: 682.214	503.198	679.604	508.575	949.132	487.182	945.613	492.855	337.826	494.147	335.85	499.545	602.371	480.28	599.574	485.927	
65.51	-15.8181	331.769	-31.5612	-339.901	-5.19597	-75.9621	-18.8115	68.1203	-21.1951	335.296	-37.2385	-337.922	-10.597	-73.1642	-24.4587	15.8829	-4.64921	-618.656	80.3653	-7.95581	-618.407	15.7638	-4.70841	-626.455	81.0635	-8.05677	-626.175	16.5959	-5.98731	-621.646	81.5921	-9.37308	-621.245	0.164954	-0.253511	0.953164	0.103052	-0.256591	0.961011	0.164954	0.00182432	0.9863	0.103052	0.000879511	0.994676	0.164954	0.00182432	0.9863	0.103052	0.000879511	0.994676	9.49458	0.104526	5.91493	0.0503923	9.49458	0.104526	5.91493	0.0503923	237.497	91.6492	264.758	87.911	1324.95	511.293	1477.03	490.438	1409.58	489.583	1	1	1
"
 tid_7364_time_13:56:10:4 DPETW@ "GAZE_LOG_CALI: 682.48	503.391	679.965	508.685	949.453	487.427	946.004	493.113	338.129	494.352	336.161	499.649	602.663	480.596	599.956	486.296	
65.871	-15.7073	332.161	-31.3026	-339.59	-5.09183	-75.58	-18.4428	68.3871	-21.0017	335.618	-36.9936	-337.618	-10.3927	-72.8723	-24.1424	15.9687	-4.62221	-618.577	80.4585	-7.879	-618.397	15.8507	-4.68108	-626.376	81.1579	-7.97898	-626.165	16.6622	-5.93895	-621.709	81.6642	-9.3035	-621.195	0.16557	-0.256641	0.952219	0.0979677	-0.256275	0.961627	0.16557	-0.00144365	0.986197	0.0979677	0.00134484	0.995189	0.16557	-0.00144365	0.986197	0.0979677	0.00134484	0.995189	9.53036	-0.0827153	5.62216	0.077054	9.53036	-0.0827153	5.62216	0.077054	237.955	89.7218	261.783	88.2666	1327.5	500.54	1460.44	492.422	1402.35	485.219	1	1	1
"
 tid_7364_time_13:56:10:27 DPETW@ "GAZE_LOG_CALI: 682.957	503.454	680.309	508.775	949.906	487.699	946.403	493.386	338.374	494.383	336.493	499.701	603.101	480.752	600.409	486.531	
66.2151	-15.618	332.561	-31.0297	-339.257	-5.03967	-75.1272	-18.2078	68.8639	-20.9393	336.071	-36.7213	-337.373	-10.3613	-72.4342	-23.9868	16.0515	-4.60463	-618.567	80.5659	-7.81779	-618.476	15.9346	-4.66327	-626.366	81.2666	-7.91698	-626.244	16.7693	-5.92402	-621.349	81.7718	-9.25057	-621.175	0.159297	-0.24059	0.957466	0.0959342	-0.253235	0.962636	0.159297	0.0154185	0.98711	0.0959342	0.00454269	0.995377	0.159297	0.0154185	0.98711	0.0959342	0.00454269	0.995377	9.16721	0.88345	5.50515	0.260278	9.16721	0.88345	5.50515	0.260278	234.159	99.9196	260.675	90.217	1306.33	557.431	1454.25	503.302	1384.69	524.608	1	1	1
"
 tid_7364_time_13:56:10:50 DPETW@ "GAZE_LOG_CALI: 683.356	503.384	680.8	508.69	950.368	487.804	946.864	493.487	338.959	494.308	336.937	499.663	603.497	480.928	600.821	486.563	
66.7067	-15.7024	333.022	-30.9289	-338.812	-5.07814	-74.7143	-18.1754	69.2628	-21.0089	336.534	-36.6168	-336.787	-10.4365	-72.038	-23.8104	16.169	-4.61864	-618.499	80.6685	-7.80034	-618.403	16.0536	-4.67747	-626.298	81.3705	-7.89931	-626.171	16.8738	-5.94387	-621.651	81.8716	-9.21446	-621.079	0.167905	-0.259222	0.951111	0.094851	-0.248928	0.963866	0.167905	-0.00422338	0.985794	0.094851	0.0090207	0.995451	0.167905	-0.00422338	0.985794	0.094851	0.0090207	0.995451	9.66611	-0.241982	5.44297	0.516855	9.66611	-0.241982	5.44297	0.516855	239.597	88.0655	260.121	92.9279	1336.66	491.3	1451.16	518.426	1401.56	494.732	1	1	1
"
 tid_7364_time_13:56:10:72 DPETW@ "GAZE_LOG_CALI: 683.452	503.376	680.906	508.751	950.481	487.878	947.039	493.564	339.086	494.307	337.105	499.644	603.697	480.952	600.96	486.605	
66.8126	-15.6413	333.197	-30.8518	-338.644	-5.09713	-74.5761	-18.1332	69.3589	-21.0165	336.647	-36.5425	-336.66	-10.4378	-71.8386	-23.7864	16.1975	-4.61403	-618.59	80.7036	-7.78502	-618.345	16.0824	-4.67279	-626.389	81.4062	-7.88381	-626.113	16.8986	-5.94525	-621.698	81.9166	-9.20417	-621.21	0.165614	-0.258194	0.951792	0.100018	-0.258732	0.960757	0.165614	-0.00305396	0.986186	0.100018	-0.0012539	0.994985	0.165614	-0.00305396	0.986186	0.100018	-0.0012539	0.994985	9.53295	-0.174979	5.74022	-0.0718434	9.53295	-0.174979	5.74022	-0.0718434	238.217	88.7534	263.267	86.8189	1328.96	495.138	1468.71	484.345	1408.22	477.122	1	1	1
"
 tid_7364_time_13:56:10:94 DPETW@ "GAZE_LOG_CALI: 683.639	503.359	680.973	508.694	950.538	487.901	947.103	493.592	339.143	494.323	337.188	499.66	603.82	480.956	601.057	486.615	
66.8791	-15.6989	333.262	-30.8233	-338.561	-5.08128	-74.4785	-18.1234	69.5462	-21.0338	336.704	-36.5195	-336.603	-10.4214	-71.7158	-23.7829	16.214	-4.61921	-618.622	80.7261	-7.78093	-618.401	16.0991	-4.67803	-626.421	81.4289	-7.87966	-626.168	16.939	-5.94348	-621.498	81.9441	-9.20235	-621.318	0.163018	-0.245609	0.955563	0.10195	-0.26171	0.959747	0.163018	0.0100783	0.986572	0.10195	-0.0043921	0.99478	0.163018	0.0100783	0.986572	0.10195	-0.0043921	0.99478	9.38262	0.577455	5.85154	-0.25165	9.38262	0.577455	5.85154	-0.25165	236.632	96.6718	264.462	84.9322	1320.12	539.313	1475.38	473.819	1405.57	496.327	1	1	1
"
 tid_7364_time_13:56:10:116 DPETW@ "GAZE_LOG_CALI: 683.758	503.171	681.07	508.631	950.582	487.845	947.146	493.526	339.24	494.204	337.299	499.563	603.86	480.924	601.175	486.566	
66.9764	-15.762	333.305	-30.8898	-338.45	-5.17829	-74.3602	-18.172	69.6649	-21.222	336.748	-36.5751	-336.506	-10.5399	-71.675	-23.8146	16.2384	-4.63874	-618.644	80.7516	-7.7962	-618.515	16.1238	-4.69781	-626.443	81.4546	-7.8951	-626.283	16.9667	-5.98061	-621.474	81.954	-9.21281	-621.307	0.162081	-0.24667	0.955449	0.0965704	-0.254807	0.962158	0.162081	0.00902331	0.986736	0.0965704	0.00290017	0.995322	0.162081	0.00902331	0.986736	0.0965704	0.00290017	0.995322	9.32807	0.517005	5.54174	0.166168	9.32807	0.517005	5.54174	0.166168	236.076	96.0092	261.25	89.2468	1317.02	535.616	1457.46	497.89	1393.33	508.733	1	1	1
"
 tid_7364_time_13:56:10:137 DPETW@ "GAZE_LOG_CALI: 683.749	503.149	681.112	508.585	950.625	487.727	947.137	493.465	339.248	494.179	337.39	499.487	603.904	480.829	601.225	486.488	
67.0191	-15.8079	333.296	-30.9508	-338.359	-5.25436	-74.3105	-18.2504	69.6562	-21.2441	336.791	-36.6933	-336.498	-10.5652	-71.6314	-23.9091	16.2511	-4.65398	-618.712	80.7615	-7.81426	-618.61	16.1367	-4.71324	-626.511	81.4645	-7.91337	-626.378	16.9656	-5.98657	-621.494	81.9651	-9.23886	-621.315	0.158134	-0.242893	0.957077	0.0952135	-0.252128	0.962999	0.158134	0.0130927	0.987331	0.0952135	0.00570588	0.995441	0.158134	0.0130927	0.987331	0.0952135	0.00570588	0.995441	9.0994	0.75018	5.4637	0.326925	9.0994	0.75018	5.4637	0.326925	233.659	98.43	260.451	90.8815	1303.53	549.121	1453	507.01	1382.71	522.199	3	1	1
"