
 tid_8596_time_13:34:6:970 DPETW@ "GAZE_LOG_CALI: 633.503	276.473	635.115	284.504	964.557	282.428	964.117	290.923	200.2	280.141	202.563	288.157	531.467	286.073	531.858	294.538	
34.6608	-228.67	363.772	-222.294	-465.119	-221.988	-135.75	-215.579	33.0488	-236.704	364.214	-230.793	-467.484	-230.007	-136.141	-224.045	6.97105	-46.2293	-512.093	73.3862	-45.0391	-513.682	6.68424	-46.9454	-519.854	74.1209	-45.7321	-521.417	6.68699	-48.1337	-515.158	73.8974	-47.0227	-516.63	0.000566859	-0.245303	0.969446	-0.0450339	-0.260054	0.964543	0.000566859	0.013967	0.999902	-0.0450339	-0.00155063	0.998984	0.000566859	0.013967	0.999902	-0.0450339	-0.00155063	0.998984	0.0324818	0.800276	-2.58113	-0.0888446	0.0324818	0.800276	-2.58113	-0.0888446	130.212	86.707	176.029	80.1488	726.425	483.721	982.031	447.134	854.228	465.428	1	0	0
"
 tid_8596_time_13:34:6:992 DPETW@ "GAZE_LOG_CALI: 635.108	274.713	636.467	282.705	965.797	281.406	965.285	289.749	201.974	278.311	204.314	286.348	532.897	285.033	533.32	293.588	
36.0123	-230.47	364.941	-223.468	-463.368	-223.798	-134.288	-216.528	34.6542	-238.464	365.455	-231.815	-465.71	-231.837	-134.712	-225.085	7.24914	-46.6314	-512.518	73.6673	-45.2813	-513.998	6.96689	-47.353	-520.28	74.4058	-45.9775	-521.732	7.01411	-48.5152	-515.346	74.1788	-47.251	-516.836	0.00931525	-0.229275	0.973317	-0.0448192	-0.251487	0.966823	0.00931525	0.0304501	0.999493	-0.0448192	0.00731462	0.998968	0.00931525	0.0304501	0.999493	-0.0448192	0.00731462	0.998968	0.53398	1.74493	-2.56888	0.419101	0.53398	1.74493	-2.56888	0.419101	134.627	93.9963	176.405	84.0353	751.058	524.386	984.126	468.816	867.592	496.601	1	0	0
"
 tid_8596_time_13:34:7:13 DPETW@ "GAZE_LOG_CALI: 634.679	274.376	636.126	282.428	965.348	281.178	964.806	289.521	201.717	278.064	204.024	286.038	532.587	284.714	532.944	293.299	
35.6713	-230.746	364.462	-223.697	-463.659	-224.108	-134.664	-216.818	34.2249	-238.801	365.006	-232.043	-465.967	-232.084	-135.022	-225.404	7.18092	-46.6958	-512.574	73.586	-45.3431	-514.104	6.89766	-47.4183	-520.336	74.3231	-46.0402	-521.838	6.92929	-48.5915	-515.529	74.1087	-47.3204	-516.985	0.00639237	-0.237107	0.971463	-0.0426664	-0.254853	0.966038	0.00639237	0.0224055	0.999729	-0.0426664	0.00385967	0.999082	0.00639237	0.0224055	0.999729	-0.0426664	0.00385967	0.999082	0.36635	1.28385	-2.44537	0.221143	0.36635	1.28385	-2.44537	0.221143	133.177	90.117	177.342	82.3085	742.966	502.745	989.354	459.183	866.16	480.964	1	0	0
"
 tid_8596_time_13:34:7:35 DPETW@ "GAZE_LOG_CALI: 634.355	274.059	635.621	282.118	964.919	280.845	964.434	289.338	201.443	277.831	203.686	285.705	532.254	284.481	532.688	293.03	
35.1663	-231.057	364.09	-223.88	-463.996	-224.441	-134.921	-217.087	33.9009	-239.118	364.576	-232.376	-466.242	-232.318	-135.354	-225.637	7.0821	-46.7761	-512.745	73.5284	-45.3998	-514.229	6.79741	-47.4997	-520.506	74.2644	-46.0976	-521.963	6.86478	-48.6517	-515.574	74.0356	-47.3866	-517.079	0.0133016	-0.227455	0.973698	-0.0452485	-0.254927	0.965901	0.0133016	0.0323063	0.999389	-0.0452485	0.0037526	0.998969	0.0133016	0.0323063	0.99939	-0.0452485	0.0037526	0.998969	0.762547	1.85134	-2.59345	0.215009	0.762547	1.85134	-2.59345	0.215009	136.344	94.6803	176.051	82.1705	760.634	528.202	982.153	458.413	871.394	493.308	1	0	0
"
 tid_8596_time_13:34:7:57 DPETW@ "GAZE_LOG_CALI: 634.198	273.988	635.554	282.002	964.756	280.775	964.336	289.215	201.42	277.732	203.712	285.622	532.16	284.404	532.631	292.939	
35.0993	-231.173	363.992	-224.002	-463.971	-224.524	-134.977	-217.178	33.7433	-239.19	364.414	-232.446	-466.264	-232.417	-135.448	-225.714	7.06991	-46.8051	-512.842	73.5147	-45.4249	-514.268	6.7851	-47.529	-520.603	74.2504	-46.123	-522.001	6.83467	-48.6824	-515.717	74.013	-47.4084	-517.154	0.00987311	-0.229704	0.97321	-0.0472796	-0.256012	0.965517	0.00987311	0.0300084	0.999501	-0.0472796	0.00260572	0.998878	0.00987311	0.0300084	0.999501	-0.0472796	0.00260572	0.998878	0.565951	1.71961	-2.70994	0.149297	0.565951	1.71961	-2.70994	0.149297	134.711	93.5418	175.07	81.5919	751.528	521.851	976.678	455.185	864.103	488.518	1	0	0
"
 tid_8596_time_13:34:7:79 DPETW@ "GAZE_LOG_CALI: 634.451	274.018	635.796	282.02	964.923	280.835	964.53	289.274	201.768	277.788	204.117	285.649	532.441	284.537	532.865	292.964	
35.3417	-231.155	364.186	-223.943	-463.566	-224.498	-134.743	-217.152	33.9971	-239.16	364.581	-232.386	-465.917	-232.361	-135.167	-225.581	7.12082	-46.8166	-513.018	73.56	-45.4199	-514.309	6.83689	-47.5403	-520.779	74.2963	-46.1179	-522.042	6.88739	-48.683	-515.816	74.0644	-47.4001	-517.278	0.00991378	-0.224328	0.974463	-0.046964	-0.259574	0.964581	0.00991378	0.0355254	0.99932	-0.046964	-0.00107735	0.998896	0.00991378	0.0355254	0.99932	-0.046964	-0.00107735	0.998896	0.568386	2.03588	-2.69183	-0.0617279	0.568386	2.03588	-2.69183	-0.0617279	134.785	96.1018	175.264	79.838	751.938	536.133	977.761	445.4	864.85	490.766	1	0	0
"
 tid_8596_time_13:34:7:101 DPETW@ "GAZE_LOG_CALI: 635.834	274.096	636.566	282.061	965.9	281.053	964.999	289.368	203.134	277.896	204.99	285.643	533.581	284.584	533.391	293.157	
36.1122	-231.114	364.655	-223.85	-462.692	-224.503	-134.217	-216.96	35.3803	-239.081	365.559	-232.168	-464.549	-232.252	-134.027	-225.534	7.2777	-46.823	-513.13	73.6638	-45.3967	-514.375	6.99625	-47.5467	-520.891	74.4016	-46.0943	-522.109	7.16737	-48.6627	-515.804	74.2883	-47.3886	-517.45	0.0328412	-0.214193	0.976239	-0.0234406	-0.267615	0.963241	0.0328412	0.0457744	0.998412	-0.0234406	-0.0091916	0.999683	0.0328412	0.0457744	0.998412	-0.0234406	-0.0091916	0.999683	1.88398	2.6236	-1.34323	-0.526647	1.88398	2.6236	-1.34323	-0.526647	145.804	100.938	186.542	75.9948	813.411	563.112	1040.68	423.96	927.046	493.536	1	0	0
"
 tid_8596_time_13:34:7:123 DPETW@ "GAZE_LOG_CALI: 635.796	273.604	636.503	281.481	965.967	280.464	964.964	288.789	203.27	277.256	205.105	285.109	533.701	284.149	533.516	292.607	
36.0482	-231.694	364.621	-224.429	-462.577	-225.037	-134.092	-217.51	35.3418	-239.574	365.625	-232.757	-464.414	-232.893	-133.907	-225.969	7.26743	-46.9529	-513.32	73.6811	-45.526	-514.545	6.98594	-47.6784	-521.081	74.4189	-46.2253	-522.279	7.16224	-48.795	-515.988	74.3101	-47.4986	-517.512	0.0337928	-0.214037	0.976241	-0.0220454	-0.257983	0.965898	0.0337928	0.0459258	0.998373	-0.0220454	0.000800684	0.999757	0.0337928	0.0459258	0.998373	-0.0220454	0.000800684	0.999757	1.9386	2.63228	-1.26321	0.0458758	1.9386	2.63228	-1.26321	0.0458758	146.25	100.841	187.219	80.5644	815.898	562.571	1044.46	449.453	930.178	506.012	1	0	0
"
 tid_8596_time_13:34:7:145 DPETW@ "GAZE_LOG_CALI: 635.982	273.004	636.655	280.883	965.991	279.951	964.995	288.285	203.457	276.728	205.357	284.526	533.89	283.563	533.696	292.012	
36.2011	-232.293	364.652	-224.933	-462.325	-225.62	-133.912	-218.105	35.5284	-240.173	365.649	-233.271	-464.227	-233.42	-133.718	-226.555	7.30001	-47.0816	-513.423	73.7104	-45.6517	-514.707	7.01908	-47.8088	-521.184	74.4485	-46.3527	-522.441	7.20004	-48.9097	-515.99	74.3402	-47.6264	-517.684	0.0340628	-0.207211	0.977703	-0.0219808	-0.258617	0.96573	0.0340628	0.052898	0.998019	-0.0219808	0.00014478	0.999758	0.0340628	0.052898	0.998019	-0.0219808	0.00014478	0.999758	1.95477	3.03225	-1.25951	0.00829527	1.95477	3.03225	-1.25951	0.00829527	146.419	104.003	187.277	80.0883	816.841	580.21	1044.78	446.797	930.81	513.503	1	0	0
"
 tid_8596_time_13:34:7:168 DPETW@ "GAZE_LOG_CALI: 636.226	272.682	636.989	280.562	966.301	279.631	965.244	287.941	203.886	276.348	205.674	284.258	534.169	283.386	533.984	291.764	
36.5344	-232.613	364.901	-225.277	-462.008	-225.888	-133.624	-218.353	35.7723	-240.496	365.959	-233.591	-463.798	-233.801	-133.44	-226.732	7.36648	-47.14	-513.412	73.7668	-45.7153	-514.749	7.08658	-47.8682	-521.173	74.5057	-46.4172	-522.482	7.25249	-48.9993	-516.182	74.3987	-47.6744	-517.656	0.0324057	-0.22092	0.974753	-0.0214495	-0.252015	0.967486	0.0324057	0.0388924	0.998718	-0.0214495	0.00697592	0.999746	0.0324057	0.0388924	0.998718	-0.0214495	0.00697592	0.999746	1.85844	2.22894	-1.22909	0.399694	1.85844	2.22894	-1.22909	0.399694	145.69	97.2979	187.585	83.2574	812.773	542.806	1046.5	464.476	929.637	503.641	1	0	0
"
 tid_8596_time_13:34:7:190 DPETW@ "GAZE_LOG_CALI: 636.617	272.923	637.389	280.749	966.649	279.878	965.715	288.197	204.356	276.543	206.148	284.418	534.654	283.583	534.366	291.872	
36.935	-232.426	365.372	-225.021	-461.534	-225.728	-133.242	-218.245	36.1626	-240.255	366.308	-233.344	-463.327	-233.605	-132.954	-226.535	7.44889	-47.1116	-513.485	73.8487	-45.67	-514.654	7.1703	-47.8393	-521.246	74.589	-46.3713	-522.387	7.33278	-48.9631	-516.269	74.4905	-47.6422	-517.799	0.0318293	-0.220142	0.974948	-0.0206746	-0.266908	0.9635	0.0318293	0.0396945	0.998705	-0.0206746	-0.00844166	0.999751	0.0318293	0.0396945	0.998705	-0.0206746	-0.00844166	0.999751	1.82543	2.27492	-1.18469	-0.483677	1.82543	2.27492	-1.18469	-0.483677	145.503	97.69	188.038	76.0096	811.732	544.993	1049.03	424.042	930.38	484.518	1	0	0
"
 tid_8596_time_13:34:7:212 DPETW@ "GAZE_LOG_CALI: 636.697	273.059	637.415	280.988	966.644	280.089	965.717	288.411	204.346	276.839	206.238	284.592	534.707	283.76	534.406	292.137	
36.9609	-232.187	365.374	-224.807	-461.444	-225.554	-133.202	-217.98	36.2433	-240.119	366.303	-233.132	-463.338	-233.309	-132.902	-226.357	7.45515	-47.0761	-513.553	73.855	-45.6255	-514.699	7.17668	-47.8031	-521.314	74.5953	-46.326	-522.432	7.34729	-48.9105	-516.177	74.4983	-47.6084	-517.862	0.032449	-0.210624	0.977029	-0.0204343	-0.270099	0.962616	0.032449	0.0494268	0.99825	-0.0204343	-0.0117526	0.999722	0.032449	0.0494268	0.99825	-0.0204343	-0.0117526	0.999722	1.8618	2.8331	-1.17096	-0.673392	1.8618	2.8331	-1.17096	-0.673392	145.812	102.331	188.157	74.4697	813.458	570.881	1049.69	415.452	931.574	493.167	1	0	0
"
 tid_8596_time_13:34:7:234 DPETW@ "GAZE_LOG_CALI: 636.431	273.116	637.21	280.978	966.373	280.09	965.38	288.362	204.161	276.856	206.031	284.558	534.48	283.675	534.172	292.061	
36.7561	-232.197	365.036	-224.856	-461.651	-225.588	-133.436	-218.056	35.977	-240.062	366.031	-233.132	-463.523	-233.292	-133.128	-226.443	7.41357	-47.0807	-513.553	73.8023	-45.6476	-514.806	7.13446	-47.8077	-521.314	74.5417	-46.3484	-522.539	7.29453	-48.911	-516.262	74.4497	-47.6211	-517.905	0.0309391	-0.213236	0.976511	-0.0191263	-0.264777	0.96412	0.0309391	0.0467694	0.998426	-0.0191263	-0.00622214	0.999798	0.0309391	0.0467694	0.998426	-0.0191263	-0.00622214	0.999798	1.77491	2.68067	-1.09595	-0.356505	1.77491	2.68067	-1.09595	-0.356505	145.052	101.063	188.723	77.0448	809.216	563.809	1052.85	429.817	931.032	496.813	1	0	0
"
 tid_8596_time_13:34:7:256 DPETW@ "GAZE_LOG_CALI: 636.096	272.869	636.741	280.642	965.964	279.802	964.944	288.068	203.922	276.519	205.623	284.311	534.076	283.418	533.869	291.794	
36.287	-232.533	364.6	-225.15	-462.059	-225.835	-133.739	-218.323	35.6425	-240.309	365.622	-233.42	-463.762	-233.629	-133.532	-226.7	7.31986	-47.1452	-513.615	73.7342	-45.7168	-514.945	7.03936	-47.8732	-521.376	74.4723	-46.4184	-522.679	7.22838	-48.9796	-516.36	74.3673	-47.6773	-517.913	0.0367745	-0.215258	0.975864	-0.0213028	-0.255332	0.966619	0.0367745	0.0446489	0.998326	-0.0213028	0.00354756	0.999767	0.0367745	0.0446489	0.998326	-0.0213028	0.00354756	0.999767	2.1096	2.55904	-1.22066	0.203261	2.1096	2.55904	-1.22066	0.203261	147.725	99.9832	187.618	81.5789	824.127	557.786	1046.68	455.112	935.405	506.449	1	0	0
"
 tid_8596_time_13:34:7:278 DPETW@ "GAZE_LOG_CALI: 635.745	272.816	636.473	280.616	965.627	279.833	964.618	288.035	203.689	276.409	205.485	284.287	533.82	283.512	533.559	291.728	
36.0185	-232.559	364.274	-225.183	-462.197	-225.859	-134.049	-218.389	35.2909	-240.362	365.285	-233.388	-463.995	-233.74	-133.789	-226.606	7.26749	-47.1631	-513.754	73.6704	-45.728	-514.958	6.98626	-47.8911	-521.515	74.4075	-46.4298	-522.691	7.15902	-49.0077	-516.481	74.3105	-47.672	-517.994	0.0334868	-0.216442	0.975721	-0.019956	-0.255591	0.966579	0.0334868	0.0434685	0.998493	-0.019956	0.00328678	0.999795	0.0334868	0.0434685	0.998493	-0.019956	0.00328678	0.999795	1.92083	2.49135	-1.14348	0.188319	1.92083	2.49135	-1.14348	0.188319	146.116	99.3727	188.193	81.4407	815.149	554.38	1049.89	454.341	932.519	504.361	1	0	0
"
 tid_8596_time_13:34:7:300 DPETW@ "GAZE_LOG_CALI: 631.795	273.114	634.755	280.775	961.779	280.018	962.649	288.369	199.926	276.848	203.948	284.336	530.111	283.718	531.869	291.873	
34.3001	-232.4	362.305	-224.849	-463.735	-225.811	-135.739	-218.244	31.34	-240.064	361.435	-233.202	-467.759	-233.301	-137.498	-226.4	6.92363	-47.1589	-513.936	73.3135	-45.7056	-515.251	6.63721	-47.8866	-521.697	74.0448	-46.4067	-522.985	6.35954	-48.9508	-516.667	73.5463	-47.6449	-518.129	-0.0539239	-0.206656	0.976927	-0.0989878	-0.245886	0.964231	-0.0539239	0.0532328	0.997125	-0.0989878	0.0120535	0.995016	-0.0539239	0.0532328	0.997125	-0.0989878	0.0120535	0.995016	-3.0955	3.05146	-5.6813	0.69063	-3.0955	3.05146	-5.6813	0.69063	104.298	104.001	150.051	85.5804	581.859	580.202	837.107	477.436	709.483	528.819	1	0	0
"
 tid_8596_time_13:34:7:321 DPETW@ "GAZE_LOG_CALI: 631.158	273.236	634.491	280.989	960.757	280.247	962.232	288.537	199.421	276.981	203.639	284.524	529.061	284.092	531.18	292.314	
34.0361	-232.186	361.887	-224.681	-464.044	-225.622	-136.428	-217.803	30.7029	-239.941	360.412	-232.973	-468.265	-233.168	-138.548	-226.026	6.86973	-47.1138	-513.887	73.187	-45.6178	-514.955	6.58246	-47.8409	-521.648	73.9168	-46.318	-522.689	6.23193	-48.9377	-516.802	73.3332	-47.5805	-518.097	-0.0703793	-0.22022	0.972908	-0.121615	-0.263097	0.957074	-0.0703793	0.0390905	0.996754	-0.121615	-0.00642329	0.992557	-0.0703793	0.0390905	0.996754	-0.121615	-0.0064233	0.992557	-4.03887	2.24029	-6.98547	-0.36803	-4.03887	2.24029	-6.98547	-0.36803	96.4218	97.3499	139.01	76.9166	537.918	543.096	775.511	429.102	655.436	483.596	1	0	0
"
 tid_8596_time_13:34:7:343 DPETW@ "GAZE_LOG_CALI: 631.522	273.111	634.887	280.789	961.03	280.256	962.513	288.536	199.789	276.863	204.142	284.395	529.515	284.017	531.757	292.259	
34.4323	-232.386	362.168	-224.681	-463.54	-225.752	-135.851	-217.858	31.0676	-240.067	360.686	-232.964	-467.896	-233.286	-138.094	-226.101	6.95134	-47.1574	-514.001	73.289	-45.6514	-515.272	6.66539	-47.885	-521.761	74.0198	-46.3516	-523.006	6.30625	-48.9627	-516.805	73.4161	-47.6045	-518.285	-0.0706306	-0.211961	0.974722	-0.122662	-0.254513	0.959259	-0.0706306	0.0475378	0.996369	-0.122662	0.00243333	0.992446	-0.0706306	0.0475378	0.996369	-0.122662	0.00243333	0.992446	-4.0548	2.72474	-7.04575	0.13942	-4.0548	2.72474	-7.04575	0.13942	96.3655	101.303	138.57	81.0388	537.604	565.148	773.052	452.099	655.328	508.624	1	0	0
"
 tid_8596_time_13:34:7:365 DPETW@ "GAZE_LOG_CALI: 631.855	272.713	635.237	280.468	961.44	280.033	962.999	288.404	200.094	276.482	204.517	283.959	529.871	283.845	532.18	292.054	
34.7822	-232.707	362.654	-224.813	-463.166	-226.187	-135.428	-218.063	31.4006	-240.465	361.096	-233.188	-467.591	-233.667	-137.738	-226.273	7.02223	-47.2367	-514.031	73.3782	-45.6797	-515.207	6.73739	-47.9655	-521.792	74.1105	-46.3805	-522.941	6.37321	-49.0396	-516.78	73.4917	-47.6397	-518.23	-0.0708751	-0.209038	0.975336	-0.125884	-0.256173	0.958399	-0.0708751	0.0505206	0.996205	-0.125884	0.000607803	0.992045	-0.0708751	0.0505206	0.996205	-0.125884	0.000607804	0.992045	-4.06946	2.89585	-7.23181	0.0348246	-4.06946	2.89585	-7.23181	0.0348246	96.3152	102.639	137.102	80.1543	537.323	572.601	764.867	447.165	651.095	509.883	1	0	0
"
 tid_8596_time_13:34:7:387 DPETW@ "GAZE_LOG_CALI: 632.35	272.532	635.709	280.155	961.848	280.03	963.425	288.391	200.552	276.262	205.017	283.759	530.357	283.786	532.739	292.047	
35.2547	-233.021	363.081	-224.827	-462.665	-226.387	-134.869	-218.07	31.8951	-240.646	361.504	-233.191	-467.134	-233.887	-137.252	-226.332	7.11824	-47.2912	-514.06	73.4851	-45.6947	-515.353	6.83489	-48.0207	-521.82	74.2188	-46.3955	-523.087	6.47334	-49.0766	-516.741	73.5869	-47.6539	-518.317	-0.0695308	-0.203066	0.976693	-0.127044	-0.253013	0.959085	-0.0695308	0.0566397	0.995971	-0.127044	0.00383814	0.99189	-0.0695308	0.0566397	0.995971	-0.127044	0.00383814	0.99189	-3.99346	3.24695	-7.29888	0.21991	-3.99346	3.24695	-7.29888	0.21991	97.0429	105.493	136.628	81.6493	541.383	588.525	762.221	455.505	651.802	522.015	1	0	0
"
 tid_8596_time_13:34:7:410 DPETW@ "GAZE_LOG_CALI: 632.784	272.807	636.217	280.442	962.305	280.432	963.923	288.699	200.976	276.473	205.418	283.913	530.817	284.205	533.199	292.422	
35.7626	-232.734	363.579	-224.518	-462.264	-226.234	-134.409	-217.695	32.3292	-240.371	361.961	-232.788	-466.709	-233.676	-136.792	-225.913	7.21874	-47.237	-513.956	73.5801	-45.6215	-515.31	6.93687	-47.9659	-521.716	74.3153	-46.3212	-523.044	6.56086	-49.0269	-516.739	73.6804	-47.5704	-518.32	-0.0736877	-0.207913	0.975368	-0.128829	-0.253495	0.95872	-0.0736877	0.0516152	0.995945	-0.128829	0.00327744	0.991661	-0.0736877	0.0516152	0.995945	-0.128829	0.00327744	0.991661	-4.23147	2.95865	-7.40195	0.187784	-4.23147	2.95865	-7.40195	0.187784	95.1743	103.181	135.859	81.4639	530.958	575.624	757.928	454.471	644.443	515.047	1	0	0
"
 tid_8596_time_13:34:7:432 DPETW@ "GAZE_LOG_CALI: 633.158	272.919	636.571	280.539	962.774	280.686	964.366	288.983	201.379	276.657	205.789	284.151	531.345	284.459	533.682	292.717	
36.1173	-232.636	364.022	-224.234	-461.892	-225.995	-133.926	-217.399	32.7033	-240.259	362.431	-232.535	-466.306	-233.492	-136.264	-225.658	7.29048	-47.2047	-513.974	73.6761	-45.5667	-515.357	7.00973	-47.9331	-521.735	74.4127	-46.2655	-523.091	6.63745	-48.9993	-516.766	73.7853	-47.5247	-518.387	-0.0730647	-0.209265	0.975126	-0.127817	-0.256492	0.958058	-0.0730647	0.0502469	0.996061	-0.127817	0.000211686	0.991798	-0.0730647	0.0502469	0.996061	-0.127817	0.000211686	0.991798	-4.19534	2.88015	-7.34346	0.0121287	-4.19534	2.88015	-7.34346	0.0121287	95.5453	102.556	136.442	80.0369	533.028	572.138	761.18	446.51	647.04	509.206	1	0	0
"
 tid_8596_time_13:34:7:453 DPETW@ "GAZE_LOG_CALI: 633.47	272.869	636.814	280.506	963.052	280.832	964.514	289.078	201.614	276.598	206.033	284.092	531.561	284.487	533.922	292.81	
36.3603	-232.67	364.17	-224.139	-461.648	-226.055	-133.686	-217.307	33.0161	-240.308	362.709	-232.389	-466.071	-233.551	-136.047	-225.631	7.33979	-47.214	-513.974	73.7201	-45.5563	-515.454	7.0598	-47.9425	-521.734	74.4573	-46.2548	-523.188	6.69976	-49.0029	-516.687	73.8326	-47.5006	-518.317	-0.0696429	-0.205106	0.976259	-0.123309	-0.245919	0.961415	-0.0696429	0.0545572	0.996079	-0.123309	0.0112927	0.992304	-0.069643	0.0545572	0.996079	-0.123309	0.0112927	0.992304	-3.99945	3.12745	-7.08359	0.647035	-3.99945	3.12745	-7.08359	0.647035	97.2224	104.595	138.664	85.3289	542.384	583.513	773.577	476.033	657.981	529.773	1	0	0
"
 tid_8596_time_13:34:7:476 DPETW@ "GAZE_LOG_CALI: 633.239	272.641	636.59	280.27	962.801	280.667	964.376	288.943	201.303	276.365	205.799	283.894	531.291	284.397	533.76	292.66	
36.136	-232.906	364.033	-224.274	-461.883	-226.252	-133.848	-217.457	32.7847	-240.537	362.458	-232.554	-466.382	-233.784	-136.317	-225.721	7.29439	-47.2568	-513.962	73.6887	-45.5831	-515.43	7.01369	-47.986	-521.722	74.4254	-46.2821	-523.164	6.65172	-49.0417	-516.602	73.7786	-47.5249	-518.299	-0.069072	-0.201463	0.977058	-0.127769	-0.245489	0.960942	-0.069072	0.0582832	0.995908	-0.127769	0.0115862	0.991736	-0.069072	0.0582832	0.995908	-0.127769	0.0115862	0.991736	-3.96744	3.34128	-7.34116	0.663854	-3.96744	3.34128	-7.34116	0.663854	97.4436	106.33	136.465	85.4521	543.618	593.194	761.311	476.72	652.465	534.957	1	0	0
"
 tid_8596_time_13:34:7:498 DPETW@ "GAZE_LOG_CALI: 632.893	272.634	636.304	280.226	962.38	280.617	963.926	288.973	200.822	276.294	205.345	283.78	530.851	284.407	533.294	292.636	
35.8499	-232.949	363.582	-224.244	-462.337	-226.366	-134.314	-217.481	32.4386	-240.544	362.036	-232.604	-466.863	-233.855	-136.757	-225.711	7.23416	-47.2564	-513.783	73.5948	-45.5807	-515.41	6.95244	-47.9859	-521.544	74.3301	-46.2797	-523.144	6.57991	-49.0359	-516.456	73.6896	-47.527	-518.277	-0.0715264	-0.201619	0.976849	-0.126472	-0.246288	0.960909	-0.0715264	0.0580776	0.995746	-0.126472	0.0108061	0.991911	-0.0715264	0.0580776	0.995746	-0.126472	0.0108061	0.991911	-4.10861	3.32948	-7.26621	0.619154	-4.10861	3.32948	-7.26621	0.619154	96.2226	106.273	137.004	85.0847	536.807	592.876	764.318	474.671	650.562	533.773	1	0	0
"
 tid_8596_time_13:34:7:519 DPETW@ "GAZE_LOG_CALI: 632.005	272.993	635.414	280.598	961.611	280.993	963.219	289.378	200.004	276.701	204.406	284.253	529.985	284.792	532.469	293.027	
34.9597	-232.577	362.874	-223.839	-463.276	-225.893	-135.139	-217.09	31.5504	-240.184	361.267	-232.228	-467.681	-233.448	-137.623	-225.326	7.0533	-47.1665	-513.732	73.4329	-45.4882	-515.276	6.76876	-47.8946	-521.493	74.166	-46.186	-523.01	6.40057	-48.9649	-516.528	73.5179	-47.4398	-518.171	-0.0722941	-0.210158	0.974991	-0.128562	-0.248727	0.960003	-0.0722941	0.0493495	0.996162	-0.128562	0.00821543	0.991667	-0.0722941	0.0493495	0.996162	-0.128562	0.00821543	0.991667	-4.15083	2.82867	-7.38677	0.470715	-4.15083	2.82867	-7.38677	0.470715	95.6903	102.216	135.837	83.9688	533.837	570.24	757.808	468.445	645.822	519.343	1	0	0
"
 tid_8596_time_13:34:7:541 DPETW@ "GAZE_LOG_CALI: 631.487	273.097	634.862	280.716	961.122	281.166	962.62	289.46	199.323	276.766	203.763	284.279	529.489	284.889	531.908	293.152	
34.4076	-232.459	362.275	-223.757	-463.919	-225.867	-135.7	-216.965	31.0328	-240.08	360.777	-232.054	-468.362	-233.383	-138.12	-225.229	6.94111	-47.1424	-513.628	73.3172	-45.4711	-515.318	6.65479	-47.8703	-521.389	74.0485	-46.1685	-523.052	6.2937	-48.9311	-516.351	73.417	-47.4115	-518.161	-0.069967	-0.205545	0.976143	-0.124166	-0.244386	0.961695	-0.069967	0.0541036	0.996081	-0.124166	0.012846	0.992178	-0.069967	0.0541035	0.996081	-0.124166	0.012846	0.992178	-4.01798	3.10142	-7.1332	0.736041	-4.01798	3.10142	-7.1332	0.736041	96.6856	104.521	137.851	86.1905	539.39	583.102	769.041	480.84	654.215	531.971	1	0	0
"
 tid_8596_time_13:34:7:563 DPETW@ "GAZE_LOG_CALI: 630.908	273.017	634.322	280.664	960.606	281.003	962.229	289.384	198.778	276.708	203.208	284.255	528.885	284.785	531.337	293.017	
33.8675	-232.511	361.883	-223.833	-464.475	-225.892	-136.271	-217.1	30.4535	-240.16	360.261	-232.217	-468.908	-233.441	-138.724	-225.333	6.83184	-47.1487	-513.611	73.2105	-45.4754	-515.123	6.54383	-47.8767	-521.371	73.9404	-46.1731	-522.857	6.17617	-48.9488	-516.389	73.2985	-47.4302	-518.068	-0.0719563	-0.209835	0.975085	-0.128567	-0.251803	0.959201	-0.0719563	0.049686	0.996169	-0.128567	0.0050365	0.991688	-0.0719563	0.0496861	0.996169	-0.128567	0.0050365	0.991688	-4.13147	2.84797	-7.38687	0.288572	-4.13147	2.84797	-7.38687	0.288572	95.6342	102.418	135.629	82.4972	533.524	571.372	756.649	460.235	645.087	515.804	1	0	0
"
 tid_8596_time_13:34:7:585 DPETW@ "GAZE_LOG_CALI: 630.171	272.833	633.602	280.524	959.949	280.824	961.536	289.088	198.036	276.601	202.506	284.052	528.214	284.451	530.679	292.796	
33.1471	-232.651	361.19	-224.129	-465.177	-226.094	-136.93	-217.321	29.7163	-240.344	359.604	-232.396	-469.65	-233.548	-139.395	-225.667	6.6868	-47.185	-513.628	73.0751	-45.531	-515.159	6.39657	-47.9135	-521.389	73.8029	-46.2296	-522.893	6.02682	-48.9774	-516.379	73.1625	-47.4811	-518.051	-0.0720058	-0.207183	0.975649	-0.127017	-0.248222	0.96034	-0.0720058	0.052393	0.996027	-0.127017	0.00879061	0.991862	-0.0720058	0.052393	0.996027	-0.127017	0.00879061	0.991862	-4.13489	3.00327	-7.29753	0.503672	-4.13489	3.00327	-7.29753	0.503672	95.4581	103.668	136.242	84.2306	532.542	578.342	760.067	469.906	646.304	524.124	1	0	0
"
 tid_8596_time_13:34:7:607 DPETW@ "GAZE_LOG_CALI: 629.454	272.535	632.859	280.174	959.241	280.371	960.845	288.59	197.161	276.237	201.627	283.695	527.439	284.11	529.872	292.331	
32.4046	-233.002	360.499	-224.627	-466.057	-226.452	-137.736	-217.786	28.9987	-240.642	358.896	-232.849	-470.526	-233.912	-140.17	-226.009	6.53529	-47.243	-513.479	72.9176	-45.618	-515.037	6.24265	-47.9726	-521.24	73.6432	-46.3181	-522.771	5.8792	-49.0292	-516.213	73.0079	-47.5553	-517.976	-0.0705787	-0.205177	0.976177	-0.127232	-0.24778	0.960426	-0.0705787	0.0544674	0.996018	-0.127232	0.00923952	0.99183	-0.0705787	0.0544674	0.996018	-0.127232	0.00923953	0.99183	-4.05325	3.1223	-7.30996	0.529393	-4.05325	3.1223	-7.30996	0.529393	95.9929	104.626	135.996	84.3905	535.525	583.687	758.693	470.798	647.109	527.243	1	0	0
"
 tid_8596_time_13:34:7:629 DPETW@ "GAZE_LOG_CALI: 628.059	272.153	631.446	279.818	957.889	279.789	959.5	288.08	195.749	275.854	200.223	283.423	526.005	283.487	528.453	291.865	
30.991	-233.357	359.153	-225.137	-467.462	-226.724	-139.155	-218.252	27.6043	-241.025	357.542	-233.431	-471.938	-234.295	-141.604	-226.631	6.25026	-47.307	-513.484	72.6337	-45.7097	-514.953	5.95323	-48.0375	-521.244	73.355	-46.4113	-522.688	5.59618	-49.105	-516.191	72.7198	-47.6698	-517.883	-0.0689802	-0.206231	0.976069	-0.126861	-0.251321	0.959554	-0.0689802	0.0534212	0.996187	-0.126861	0.0055937	0.991905	-0.0689802	0.0534212	0.996187	-0.126861	0.0055937	0.991905	-3.96108	3.06226	-7.28837	0.320497	-3.96108	3.06226	-7.28837	0.320497	96.4689	104.061	135.903	82.5758	538.181	580.533	758.174	460.674	648.177	520.604	1	0	0
"
 tid_8596_time_13:34:7:651 DPETW@ "GAZE_LOG_CALI: 626.982	271.909	630.351	279.556	956.878	279.212	958.473	287.518	194.536	275.6	199.041	283.153	524.856	283.039	527.381	291.285	
29.896	-233.619	358.126	-225.699	-468.644	-226.994	-140.228	-218.832	26.5271	-241.269	356.531	-234.008	-473.152	-234.549	-142.753	-227.079	6.02806	-47.3524	-513.391	72.4186	-45.8209	-514.901	5.72756	-48.0838	-521.151	73.1367	-46.5243	-522.636	5.37656	-49.1415	-516.041	72.4931	-47.7608	-517.735	-0.0671043	-0.202215	0.977039	-0.12633	-0.242696	0.961842	-0.0671043	0.0575515	0.996085	-0.12633	0.0145171	0.991882	-0.0671043	0.0575515	0.996085	-0.12633	0.0145171	0.991882	-3.85408	3.29928	-7.25833	0.831796	-3.85408	3.29928	-7.25833	0.831796	97.1373	105.997	135.948	86.7498	541.91	591.338	758.425	483.96	650.167	537.649	1	0	0
"
 tid_8596_time_13:34:7:672 DPETW@ "GAZE_LOG_CALI: 625.735	271.516	629.143	279.214	955.728	278.677	957.372	286.941	193.166	275.223	197.679	282.694	523.652	282.392	526.104	290.691	
28.6877	-233.962	357.024	-226.276	-470.007	-227.454	-141.505	-219.426	25.2794	-241.662	355.381	-234.544	-474.523	-234.927	-143.957	-227.727	5.78267	-47.4182	-513.225	72.1689	-45.9223	-514.706	5.4783	-48.1508	-520.984	72.8835	-46.6276	-522.441	5.12231	-49.2073	-515.908	72.2507	-47.8757	-517.673	-0.0684966	-0.203278	0.976722	-0.127348	-0.251192	0.959523	-0.0684966	0.0564433	0.996053	-0.127348	0.00571017	0.991842	-0.0684966	0.0564433	0.996053	-0.127348	0.00571017	0.991842	-3.93392	3.23568	-7.31646	0.32717	-3.93392	3.23568	-7.31646	0.32717	96.2384	105.44	135.233	82.4852	536.895	588.231	754.435	460.168	645.665	524.2	1	0	0
"
 tid_8596_time_13:34:7:694 DPETW@ "GAZE_LOG_CALI: 624.257	271.027	627.744	278.633	954.53	277.934	956.185	286.312	191.819	274.726	196.313	282.251	522.265	281.684	524.815	289.988	
27.289	-234.543	355.837	-226.905	-471.373	-227.897	-142.794	-220.129	23.8015	-242.151	354.182	-235.286	-475.871	-235.424	-145.345	-228.434	5.5007	-47.5248	-513.257	71.9132	-46.0474	-514.592	5.19202	-48.259	-521.017	72.6241	-46.7547	-522.327	4.82433	-49.32	-516.038	71.9787	-48.005	-517.472	-0.0720438	-0.207878	0.975498	-0.127671	-0.247346	0.960479	-0.0720438	0.0516825	0.996062	-0.127671	0.00967205	0.991769	-0.0720438	0.0516825	0.996062	-0.127671	0.00967204	0.991769	-4.13692	2.96251	-7.33539	0.554176	-4.13692	2.96251	-7.33539	0.554176	94.2692	103.069	134.832	84.2856	525.909	575	752.201	470.213	639.055	522.606	1	0	0
"
 tid_8596_time_13:34:7:716 DPETW@ "GAZE_LOG_CALI: 622.919	270.413	626.363	278.007	953.072	277.122	954.781	285.453	190.243	274.121	194.719	281.561	520.812	280.921	523.32	289.129	
25.9071	-235.169	354.432	-227.765	-472.968	-228.588	-144.289	-220.989	22.4632	-242.766	352.724	-236.098	-477.447	-236.03	-146.798	-229.198	5.22033	-47.6364	-513.024	71.6155	-46.2131	-514.496	4.90719	-48.3726	-520.783	72.3219	-46.9231	-522.231	4.55042	-49.4202	-515.789	71.6823	-48.1654	-517.469	-0.0697524	-0.204825	0.97631	-0.128895	-0.250336	0.959541	-0.0697524	0.0548417	0.996056	-0.128895	0.00654179	0.991637	-0.0697524	0.0548417	0.996056	-0.128895	0.00654179	0.991637	-4.0058	3.14378	-7.40589	0.37482	-4.0058	3.14378	-7.40589	0.37482	95.0892	104.505	133.954	82.6505	530.484	583.011	747.305	461.091	638.894	522.051	1	0	0
"
 tid_8596_time_13:34:7:738 DPETW@ "GAZE_LOG_CALI: 621.538	269.94	624.948	277.556	951.853	276.442	953.506	284.643	188.796	273.634	193.291	281.214	519.408	280.314	521.947	288.552	
24.4925	-235.619	353.157	-228.574	-474.396	-228.934	-145.662	-221.566	21.0818	-243.238	351.504	-236.778	-478.895	-236.517	-148.201	-229.805	4.93512	-47.7152	-513.004	71.3425	-46.3439	-514.387	4.61759	-48.4526	-520.762	72.045	-47.0561	-522.123	4.27028	-49.5104	-515.712	71.4069	-48.2784	-517.273	-0.0671516	-0.204518	0.976557	-0.126528	-0.242382	0.961895	-0.0671516	0.0552022	0.996215	-0.126528	0.014834	0.991852	-0.0671516	0.0552022	0.996215	-0.126528	0.014834	0.991852	-3.85629	3.16446	-7.26981	0.849959	-3.85629	3.16446	-7.26981	0.849959	96.0408	104.597	134.84	86.5112	535.792	583.527	752.245	482.629	644.019	533.078	1	0	0
"
 tid_8596_time_13:34:7:760 DPETW@ "GAZE_LOG_CALI: 620.08	269.705	623.5	277.37	950.61	276.007	952.311	284.369	187.109	273.389	191.606	280.898	517.861	279.839	520.498	288.09	
23.0446	-235.806	351.961	-228.848	-476.083	-229.25	-147.111	-222.028	19.6237	-243.474	350.26	-237.213	-480.583	-236.762	-149.749	-230.28	4.64104	-47.7426	-512.75	71.063	-46.3935	-514.109	4.31882	-48.4808	-520.508	71.7616	-47.1069	-521.844	3.97301	-49.5359	-515.467	71.1094	-48.3408	-516.946	-0.0669901	-0.204402	0.976592	-0.128051	-0.242266	0.961722	-0.0669901	0.0553231	0.996219	-0.128051	0.0149014	0.991656	-0.0669901	0.0553231	0.996219	-0.128051	0.0149014	0.991656	-3.84703	3.1714	-7.35782	0.853822	-3.84703	3.1714	-7.35782	0.853822	95.8357	104.679	133.853	86.5636	534.648	583.983	746.739	482.921	640.693	533.452	1	0	0
"
 tid_8596_time_13:34:7:781 DPETW@ "GAZE_LOG_CALI: 619.196	269.594	622.608	277.265	949.897	275.847	951.484	284.191	186.105	273.299	190.551	280.803	516.893	279.638	519.541	287.989	
22.1519	-235.911	351.133	-229.027	-477.138	-229.346	-148.069	-222.129	18.7401	-243.584	349.547	-237.373	-481.588	-236.853	-150.717	-230.481	4.45977	-47.7467	-512.575	70.8766	-46.4096	-513.973	4.13464	-48.4852	-520.333	71.5725	-47.1235	-521.709	3.79321	-49.5439	-515.336	70.9273	-48.3524	-516.676	-0.0666872	-0.206779	0.976112	-0.123561	-0.235341	0.964027	-0.0666872	0.0529037	0.99637	-0.123561	0.0221864	0.992089	-0.0666872	0.0529037	0.99637	-0.123561	0.0221864	0.992089	-3.8291	3.03257	-7.09945	1.27129	-3.8291	3.03257	-7.09945	1.27129	95.8112	103.561	135.851	90.0549	534.512	577.744	757.886	502.398	646.199	540.071	1	0	0
"
 tid_8596_time_13:34:7:804 DPETW@ "GAZE_LOG_CALI: 618.335	269.624	621.788	277.328	949.197	275.815	950.913	284.103	185.034	273.295	189.476	280.769	516.029	279.549	518.619	287.923	
21.3324	-235.848	350.562	-229.114	-478.214	-229.38	-148.991	-222.195	17.8791	-243.555	348.846	-237.405	-482.659	-236.857	-151.581	-230.57	4.2924	-47.7188	-512.305	70.7095	-46.391	-513.593	3.96452	-48.4573	-520.063	71.4034	-47.1051	-521.329	3.61708	-49.5204	-515.116	70.7612	-48.3484	-516.5	-0.0685034	-0.209599	0.975385	-0.127735	-0.247286	0.960486	-0.0685034	0.049991	0.996398	-0.127735	0.00973183	0.991761	-0.0685034	0.049991	0.996398	-0.127735	0.00973183	0.991761	-3.93296	2.86547	-7.33906	0.557602	-3.93296	2.86547	-7.33906	0.557602	94.7993	102.265	133.716	84.2238	528.866	570.514	745.977	469.868	637.422	520.191	1	0	0
"
 tid_8596_time_13:34:7:825 DPETW@ "GAZE_LOG_CALI: 618.102	269.66	621.487	277.435	948.991	275.9	950.618	284.251	184.412	273.394	188.871	280.953	515.6	279.656	518.219	288.002	
21.0314	-235.741	350.267	-228.966	-478.819	-229.196	-149.391	-222.116	17.6459	-243.519	348.641	-237.32	-483.281	-236.757	-152.01	-230.463	4.22966	-47.6591	-511.978	70.6348	-46.3587	-513.487	3.90059	-48.3971	-519.736	71.3277	-47.0725	-521.224	3.56725	-49.4673	-514.705	70.6871	-48.3067	-516.262	-0.0646783	-0.207656	0.976061	-0.12433	-0.239525	0.962897	-0.0646783	0.0520429	0.996548	-0.12433	0.0178528	0.99208	-0.0646783	0.0520429	0.996548	-0.12433	0.0178528	0.99208	-3.71342	2.98318	-7.14322	1.02294	-3.71342	2.98318	-7.14322	1.02294	96.5701	103.359	135.296	88.153	538.745	576.621	754.79	491.788	646.767	534.205	1	0	0
"
 tid_8596_time_13:34:7:847 DPETW@ "GAZE_LOG_CALI: 617.745	270.012	621.25	277.705	948.857	276.18	950.466	284.505	184.028	273.725	188.479	281.338	515.29	280.013	517.905	288.315	
20.7934	-235.47	350.115	-228.712	-479.211	-228.811	-149.705	-221.803	17.289	-243.167	348.507	-237.04	-483.665	-236.427	-152.32	-230.106	4.17994	-47.5785	-511.82	70.5805	-46.2859	-513.317	3.84999	-48.3155	-519.578	71.2728	-46.9989	-521.053	3.49463	-49.3956	-514.678	70.6342	-48.2244	-516.074	-0.0706478	-0.214724	0.974116	-0.123584	-0.23717	0.963575	-0.0706478	0.0447119	0.996499	-0.123584	0.0203029	0.992126	-0.0706478	0.0447119	0.996499	-0.123584	0.0203029	0.992126	-4.05526	2.56266	-7.10049	1.16335	-4.05526	2.56266	-7.10049	1.16335	93.7037	100.007	135.618	89.4333	522.754	557.918	756.583	498.93	639.669	528.424	1	0	0
"
 tid_8596_time_13:34:7:869 DPETW@ "GAZE_LOG_CALI: 617.086	270.934	620.504	278.728	948.349	277.23	949.957	285.568	183.101	274.624	187.52	282.335	514.564	281.047	517.15	289.408	
20.0482	-234.448	349.606	-227.648	-480.17	-227.814	-150.459	-220.71	16.6294	-242.244	347.998	-235.99	-484.593	-235.528	-153.046	-229.072	4.02847	-47.3539	-511.59	70.4415	-46.0445	-513.051	3.69602	-48.0878	-519.348	71.1321	-46.7541	-520.788	3.35969	-49.184	-514.393	70.4994	-47.9914	-515.843	-0.0661242	-0.215518	0.974259	-0.123172	-0.240876	0.962708	-0.0661242	0.0439827	0.996842	-0.123172	0.0164988	0.992248	-0.0661242	0.0439827	0.996842	-0.123172	0.0164988	0.992248	-3.79508	2.52084	-7.0762	0.945355	-3.79508	2.52084	-7.0762	0.945355	95.7103	99.9272	135.704	87.9206	533.949	557.474	757.068	490.492	645.508	523.983	1	0	0
"
 tid_8596_time_13:34:7:891 DPETW@ "GAZE_LOG_CALI: 615.913	271.585	619.416	279.441	947.209	277.974	948.891	286.376	181.875	275.33	186.31	282.912	513.387	281.783	515.96	290.144	
18.9592	-233.734	348.539	-226.84	-481.381	-227.237	-151.65	-219.974	15.456	-241.593	346.857	-235.245	-485.819	-234.821	-154.223	-228.336	3.80873	-47.2121	-511.458	70.2079	-45.8764	-512.914	3.47279	-47.944	-519.217	70.8951	-46.5837	-520.651	3.12231	-49.0409	-514.332	70.2621	-47.8368	-515.795	-0.0698308	-0.218565	0.973321	-0.125213	-0.247899	0.96066	-0.0698308	0.0407964	0.996724	-0.125213	0.00918478	0.992087	-0.0698308	0.0407964	0.996724	-0.125213	0.00918478	0.992087	-4.00761	2.33811	-7.19334	0.526256	-4.00761	2.33811	-7.19334	0.526256	93.738	98.593	134.497	84.6357	522.946	550.031	750.331	472.166	636.284	510.475	1	0	0
"
 tid_8596_time_13:34:7:913 DPETW@ "GAZE_LOG_CALI: 614.749	271.877	618.298	279.564	946.089	277.988	947.751	286.42	180.638	275.481	185.074	283.142	512.221	281.802	514.795	290.111	
17.8419	-233.611	347.397	-226.796	-482.617	-227.008	-152.814	-220.007	14.292	-241.301	345.736	-235.231	-487.057	-234.671	-155.389	-228.317	3.58314	-47.1651	-511.331	69.9738	-45.8724	-512.879	3.24363	-47.8964	-519.09	70.6575	-46.5797	-520.617	2.88682	-48.9887	-514.251	70.0281	-47.8291	-515.747	-0.0717404	-0.219617	0.972945	-0.124224	-0.246613	0.961119	-0.0717404	0.0396828	0.996634	-0.124224	0.0105463	0.992198	-0.0717404	0.0396828	0.996634	-0.124224	0.0105463	0.992198	-4.1172	2.27425	-7.13634	0.604268	-4.1172	2.27425	-7.13634	0.604268	92.6115	98.143	134.741	85.2963	516.661	547.52	751.693	475.851	633.762	510.963	1	0	0
"
 tid_8596_time_13:34:7:935 DPETW@ "GAZE_LOG_CALI: 613.369	271.661	617.04	279.442	944.897	277.601	946.479	285.918	179.33	275.325	183.739	282.918	510.953	281.392	513.522	289.739	
16.5833	-233.733	346.125	-227.298	-483.953	-227.232	-154.088	-220.379	12.9117	-241.516	344.543	-235.618	-488.365	-234.827	-156.657	-228.727	3.33019	-47.192	-511.244	69.7167	-45.9604	-512.876	2.98672	-47.9239	-519.002	70.3964	-46.6691	-520.614	2.60841	-49.0331	-514.322	69.7752	-47.9024	-515.663	-0.0784155	-0.229922	0.970045	-0.12087	-0.239951	0.963231	-0.0784155	0.0289788	0.996499	-0.12087	0.0175274	0.992514	-0.0784155	0.0289788	0.996499	-0.12087	0.0175274	0.992514	-4.49939	1.6606	-6.94339	1.0043	-4.49939	1.6606	-6.94339	1.0043	89.2033	93.0815	136.099	88.5333	497.647	519.283	759.27	493.909	627.435	504.826	1	0	0
"
 tid_8596_time_13:34:7:957 DPETW@ "GAZE_LOG_CALI: 612.31	271.206	615.758	278.943	943.731	276.862	945.388	285.194	178.141	274.939	182.54	282.459	509.768	280.632	512.355	288.978	
15.3013	-234.232	345.034	-228.021	-485.153	-227.69	-155.255	-221.14	11.853	-241.972	343.377	-236.357	-489.555	-235.213	-157.843	-229.487	3.07325	-47.2961	-511.326	69.4856	-46.103	-512.793	2.72588	-48.0295	-519.084	70.1618	-46.814	-520.531	2.39417	-49.1048	-514.178	69.5357	-48.0523	-515.637	-0.0659058	-0.213657	0.974683	-0.12309	-0.243414	0.96208	-0.0659058	0.0458895	0.99677	-0.12309	0.0138849	0.992298	-0.0659058	0.0458895	0.99677	-0.12309	0.0138849	0.992298	-3.78286	2.6302	-7.07116	0.795574	-3.78286	2.6302	-7.07116	0.795574	94.857	100.943	134.809	86.68	529.188	563.143	752.073	483.57	640.631	523.357	1	0	0
"
 tid_8596_time_13:34:7:979 DPETW@ "GAZE_LOG_CALI: 611.019	270.776	614.452	278.497	942.52	276.066	944.261	284.404	176.711	274.451	181.136	282.027	508.313	279.759	510.873	288.084	
13.9948	-234.679	343.907	-228.812	-486.558	-228.123	-156.737	-222.034	10.5622	-242.402	342.166	-237.153	-490.986	-235.701	-159.297	-230.361	2.81	-47.3751	-511.223	69.2076	-46.2392	-512.415	2.45849	-48.1098	-518.98	69.8801	-46.9529	-520.153	2.13282	-49.1837	-514.029	69.2554	-48.1974	-515.374	-0.0641516	-0.211541	0.975261	-0.125496	-0.25004	0.960068	-0.0641516	0.0480829	0.996781	-0.125496	0.00696386	0.99207	-0.0641517	0.0480829	0.996781	-0.125496	0.00696386	0.99207	-3.68241	2.75601	-7.20957	0.399003	-3.68241	2.75601	-7.20957	0.399003	95.4263	101.923	133.419	83.3459	532.364	568.606	744.317	464.97	638.34	516.788	1	0	0
"
 tid_8596_time_13:34:8:1 DPETW@ "GAZE_LOG_CALI: 610.215	270.691	613.722	278.432	941.839	275.732	943.487	284.051	176.152	274.396	180.58	281.924	507.772	279.539	510.294	287.883	
13.265	-234.743	343.132	-229.165	-487.113	-228.226	-157.316	-222.235	9.75791	-242.487	341.484	-237.487	-491.545	-235.757	-159.839	-230.581	2.66496	-47.4083	-511.398	69.079	-46.3135	-512.618	2.31134	-48.1432	-519.155	69.7493	-47.028	-520.356	1.97149	-49.222	-514.282	69.1369	-48.2676	-515.523	-0.0679297	-0.215641	0.974107	-0.121804	-0.246565	0.961441	-0.0679297	0.0438242	0.996727	-0.121804	0.0106759	0.992497	-0.0679297	0.0438242	0.996727	-0.121804	0.0106759	0.992497	-3.89883	2.51175	-6.99663	0.611694	-3.89883	2.51175	-6.99663	0.611694	93.4825	99.8423	135.048	84.9869	521.52	557	753.406	474.125	637.456	515.55	1	0	0
"
 tid_8596_time_13:34:8:23 DPETW@ "GAZE_LOG_CALI: 609.858	270.752	613.348	278.457	941.428	275.638	943.168	283.997	175.689	274.41	180.112	282.001	507.307	279.465	509.933	287.801	
12.8906	-234.719	342.813	-229.218	-487.582	-228.149	-157.677	-222.317	9.40093	-242.426	341.073	-237.581	-492.008	-235.743	-160.303	-230.654	2.5887	-47.3894	-511.303	69.0085	-46.3228	-512.57	2.23384	-48.1242	-519.06	69.6778	-47.0376	-520.308	1.89875	-49.2042	-514.173	69.0459	-48.2791	-515.464	-0.0667965	-0.215303	0.97426	-0.125345	-0.246291	0.961056	-0.0667965	0.0441904	0.996788	-0.125345	0.010841	0.992054	-0.0667965	0.0441904	0.996788	-0.125345	0.010841	0.992054	-3.83376	2.53275	-7.20108	0.621154	-3.83376	2.53275	-7.20108	0.621154	93.948	100.053	133.271	85.0703	524.117	558.176	743.494	474.59	633.707	516.213	1	0	0
"
 tid_8596_time_13:34:8:45 DPETW@ "GAZE_LOG_CALI: 609.714	270.966	613.219	278.622	941.293	275.882	943.006	284.183	175.38	274.67	179.805	282.226	507.109	279.656	509.676	287.921	
12.7615	-234.553	342.65	-229.033	-487.889	-227.924	-157.934	-222.198	9.25644	-242.212	340.938	-237.337	-492.317	-235.483	-160.501	-230.463	2.56172	-47.3328	-511.117	68.9624	-46.2832	-512.471	2.2063	-48.067	-518.874	69.6311	-46.9975	-520.209	1.86821	-49.1405	-514.008	69.0096	-48.2288	-515.398	-0.0676907	-0.214923	0.974282	-0.124147	-0.245984	0.96129	-0.0676907	0.0445633	0.996711	-0.124147	0.0111978	0.992201	-0.0676907	0.0445633	0.996711	-0.124147	0.0111978	0.992201	-3.88523	2.55413	-7.13195	0.641602	-3.88523	2.55413	-7.13195	0.641602	93.5069	100.327	133.814	85.3028	521.656	559.703	746.522	475.887	634.089	517.795	2	0	0
"
 tid_8596_time_13:34:8:67 DPETW@ "GAZE_LOG_CALI: 609.747	271.037	613.255	278.747	941.363	276.037	943.083	284.339	175.352	274.737	179.744	282.311	507.126	279.841	509.686	288.065	
12.7976	-234.428	342.728	-228.876	-487.949	-227.839	-157.924	-222.054	9.2894	-242.141	341.008	-237.182	-492.345	-235.416	-160.485	-230.279	2.56868	-47.3023	-511.014	68.9685	-46.2466	-512.401	2.21329	-48.0361	-518.771	69.6373	-46.9604	-520.139	1.87508	-49.1199	-513.939	69.0163	-48.1892	-515.343	-0.0681383	-0.218343	0.97349	-0.124442	-0.246222	0.961191	-0.0681383	0.0410547	0.996831	-0.124442	0.0109426	0.992167	-0.0681383	0.0410547	0.996831	-0.124442	0.0109426	0.992167	-3.91037	2.35292	-7.14895	0.62698	-3.91037	2.35292	-7.14895	0.62698	93.3127	98.7207	133.685	85.2349	520.573	550.743	745.804	475.509	632.834	512.512	1	1	1
"
 tid_8596_time_13:34:8:90 DPETW@ "GAZE_LOG_CALI: 609.753	271.337	613.364	279.166	941.432	276.418	943.244	284.673	175.372	275.128	179.79	282.642	507.15	280.214	509.739	288.499	
12.9071	-234.01	342.889	-228.543	-487.904	-227.508	-157.871	-221.619	9.29526	-241.841	341.077	-236.801	-492.325	-235.024	-160.461	-229.906	2.5905	-47.2205	-510.945	68.9854	-46.1586	-512.285	2.23539	-47.9532	-518.702	69.6547	-46.8713	-520.023	1.87616	-49.0514	-513.953	69.0238	-48.108	-515.293	-0.0735062	-0.224715	0.971648	-0.127968	-0.250854	0.959529	-0.0735062	0.0344225	0.996701	-0.127968	0.00603855	0.99176	-0.0735061	0.0344225	0.996701	-0.127968	0.00603855	0.99176	-4.2179	1.97266	-7.35233	0.345985	-4.2179	1.97266	-7.35233	0.345985	90.8001	95.6888	132.011	83.0182	506.555	533.829	736.464	463.142	619.576	495.163	1	1	1
"
 tid_8596_time_13:34:8:112 DPETW@ "GAZE_LOG_CALI: 609.758	271.61	613.29	279.452	941.459	276.501	943.164	284.841	175.28	275.363	179.726	282.86	507.163	280.325	509.638	288.627	
12.8331	-233.723	342.809	-228.374	-487.968	-227.29	-157.972	-221.492	9.30069	-241.567	341.104	-236.718	-492.417	-234.79	-160.448	-229.795	2.57591	-47.1706	-510.953	68.9664	-46.127	-512.265	2.22058	-47.9025	-518.711	69.6354	-46.8392	-520.004	1.87711	-48.9902	-513.85	69.0273	-48.087	-515.278	-0.0688004	-0.217877	0.973548	-0.123458	-0.253329	0.95947	-0.0688004	0.0415199	0.996766	-0.123458	0.00363167	0.992343	-0.0688004	0.0415199	0.996766	-0.123458	0.00363167	0.992343	-3.9485	2.3796	-7.09174	0.20808	-3.9485	2.3796	-7.09174	0.20808	93.0071	99.0852	134.175	81.9076	518.868	552.776	748.533	456.946	632.782	503.243	1	1	1
"
 tid_8596_time_13:34:8:133 DPETW@ "GAZE_LOG_CALI: 609.581	271.609	613.128	279.428	941.216	276.41	942.953	284.689	175.188	275.308	179.599	282.834	507.002	280.209	509.49	288.49	
12.6712	-233.747	342.597	-228.527	-488.095	-227.316	-158.12	-221.628	9.12342	-241.568	340.861	-236.808	-492.509	-234.845	-160.608	-229.911	2.54328	-47.1793	-510.993	68.9327	-46.1621	-512.331	2.18747	-47.9113	-518.75	69.6012	-46.8748	-520.07	1.84184	-49.0042	-513.938	68.9897	-48.1161	-515.366	-0.0698634	-0.220905	0.97279	-0.124702	-0.253149	0.959356	-0.0698634	0.038399	0.996817	-0.124702	0.00377609	0.992187	-0.0698634	0.038399	0.996817	-0.124702	0.00377609	0.992187	-4.0091	2.20064	-7.16361	0.216354	-4.0091	2.20064	-7.16361	0.216354	92.4714	97.5938	133.532	81.9253	515.879	544.456	744.948	457.045	629.058	498.369	1	1	1
"
 tid_8596_time_13:34:8:155 DPETW@ "GAZE_LOG_CALI: 609.327	271.349	612.81	279.193	941.005	276.154	942.72	284.434	175.047	275.104	179.426	282.583	506.849	279.935	509.276	288.143	
12.3524	-233.982	342.364	-228.782	-488.268	-227.567	-158.334	-221.976	8.86918	-241.828	340.65	-237.065	-492.65	-235.049	-160.762	-230.184	2.4803	-47.242	-511.142	68.8884	-46.2244	-512.347	2.12363	-47.9747	-518.899	69.5561	-46.938	-520.086	1.79081	-49.0623	-514.055	68.9549	-48.1753	-515.423	-0.0668846	-0.21856	0.973529	-0.123667	-0.254496	0.959134	-0.0668846	0.0408548	0.996924	-0.123667	0.0024174	0.992321	-0.0668846	0.0408548	0.996924	-0.123667	0.0024174	0.992321	-3.83828	2.34146	-7.10383	0.138507	-3.83828	2.34146	-7.10383	0.138507	93.8084	98.6563	133.987	81.2136	523.338	550.384	747.489	453.074	634.347	499.829	1	1	1
"
 tid_8596_time_13:34:8:177 DPETW@ "GAZE_LOG_CALI: 609.374	271.166	612.758	278.942	940.94	275.837	942.603	284.111	175.086	274.91	179.49	282.452	506.797	279.598	509.246	287.85	
12.3004	-234.233	342.247	-229.104	-488.204	-227.698	-158.364	-222.268	8.91637	-242.012	340.585	-237.382	-492.611	-235.243	-160.814	-230.522	2.4704	-47.2915	-511.263	68.8773	-46.2951	-512.444	2.11367	-48.0248	-519.02	69.5447	-47.0096	-520.182	1.79993	-49.1002	-514.051	68.9437	-48.2433	-515.439	-0.0615957	-0.211129	0.975515	-0.12173	-0.249862	0.960599	-0.0615957	0.0485468	0.99692	-0.12173	0.00727278	0.992537	-0.0615957	0.0485468	0.99692	-0.12173	0.00727278	0.992537	-3.53559	2.78262	-6.99213	0.416703	-3.53559	2.78262	-6.99213	0.416703	96.2887	102.213	134.901	83.429	537.175	570.227	752.587	465.434	644.881	517.83	1	1	1
"
 tid_8596_time_13:34:8:199 DPETW@ "GAZE_LOG_CALI: 609.629	271.004	613.049	278.802	941.161	275.666	942.827	283.956	175.466	274.728	179.818	282.304	507.066	279.429	509.558	287.658	
12.5917	-234.373	342.472	-229.26	-487.876	-227.846	-158.053	-222.461	9.17147	-242.174	340.806	-237.553	-492.231	-235.425	-160.545	-230.69	2.52927	-47.3239	-511.3	68.9349	-46.3382	-512.533	2.17348	-48.0577	-519.057	69.6031	-47.0533	-520.272	1.8522	-49.1472	-514.18	68.9953	-48.2823	-515.489	-0.0641584	-0.217573	0.973933	-0.122155	-0.247017	0.961281	-0.0641584	0.0419126	0.997059	-0.122155	0.0101973	0.992459	-0.0641584	0.0419126	0.997059	-0.122155	0.0101973	0.992459	-3.68177	2.40212	-7.01686	0.584272	-3.68177	2.40212	-7.01686	0.584272	95.1409	99.0375	134.743	84.7559	530.772	552.51	751.707	472.836	641.18	512.568	1	1	1
"
 tid_8596_time_13:34:8:221 DPETW@ "GAZE_LOG_CALI: 610.053	270.879	613.482	278.578	941.568	275.518	943.258	283.826	176.006	274.523	180.387	282.192	507.532	279.245	510.086	287.575	
13.025	-234.597	342.903	-229.39	-487.307	-227.958	-157.524	-222.544	9.59517	-242.299	341.214	-237.701	-491.691	-235.629	-160.079	-230.875	2.61647	-47.3714	-511.45	69.0357	-46.3691	-512.637	2.26214	-48.1057	-519.207	69.7053	-47.0844	-520.376	1.93823	-49.1924	-514.304	69.0864	-48.3219	-515.552	-0.0643649	-0.21594	0.974283	-0.123339	-0.246619	0.961232	-0.0643649	0.0435812	0.996974	-0.123339	0.0105698	0.992308	-0.0643649	0.0435812	0.996974	-0.123339	0.0105698	0.992308	-3.69391	2.49781	-7.08526	0.605619	-3.69391	2.49781	-7.08526	0.605619	95.1209	99.7477	134.262	84.8779	530.661	556.473	749.02	473.517	639.84	514.995	1	1	1
"
 tid_8596_time_13:34:8:243 DPETW@ "GAZE_LOG_CALI: 610.935	270.607	614.373	278.256	942.468	275.359	944.132	283.568	177.017	274.246	181.363	281.692	508.694	279.122	511.135	287.418	
13.9158	-234.919	343.777	-229.648	-486.33	-228.458	-156.475	-222.7	10.4782	-242.571	342.114	-237.861	-490.68	-235.906	-158.916	-230.998	2.79633	-47.4625	-511.541	69.2372	-46.4279	-512.828	2.44484	-48.1981	-519.298	69.9096	-47.1438	-520.565	2.11743	-49.2606	-514.438	69.3063	-48.3767	-515.834	-0.0656764	-0.213133	0.974813	-0.122461	-0.25023	0.96041	-0.0656764	0.0464301	0.99676	-0.122461	0.00686839	0.99245	-0.0656764	0.0464301	0.99676	-0.122461	0.00686839	0.99245	-3.76976	2.6612	-7.03431	0.393533	-3.76976	2.6612	-7.03431	0.393533	94.6733	100.988	134.872	83.0104	528.163	563.393	752.423	463.098	640.237	513.146	1	1	1
"
 tid_8596_time_13:34:8:265 DPETW@ "GAZE_LOG_CALI: 617.755	270.268	618.039	278.332	949.515	275.457	947.551	283.717	183.721	274.094	185.25	281.862	516.021	279.04	514.724	287.427	
17.5827	-234.844	347.198	-229.499	-482.441	-228.288	-152.885	-222.691	17.2983	-242.91	349.165	-237.764	-483.972	-236.057	-151.589	-231.079	3.53449	-47.46	-511.787	69.9527	-46.429	-513.021	3.19456	-48.1952	-519.544	70.6358	-47.1447	-520.758	3.49413	-49.3006	-514.347	70.7788	-48.4041	-516.152	0.0562865	-0.207698	0.976572	0.0299351	-0.263675	0.964147	0.0562865	0.0521347	0.997052	0.0299351	-0.00515123	0.999539	0.0562865	0.0521347	0.997053	0.0299351	-0.00515123	0.999539	3.23108	2.98845	1.71544	-0.295145	3.23108	2.98845	1.71544	-0.295145	153.055	103.628	208.051	77.2544	853.864	578.119	1160.67	430.987	1007.27	504.553	1	1	1
"
 tid_8596_time_13:34:8:287 DPETW@ "GAZE_LOG_CALI: 624.36	270.516	621.902	278.245	955.216	275.836	950.751	283.907	190.406	274.182	189.162	281.863	521.685	279.406	518.244	287.589	
21.4465	-234.93	350.4	-229.31	-478.527	-228.286	-149.365	-222.529	23.904	-242.662	354.869	-237.386	-477.284	-235.969	-145.924	-230.713	4.31182	-47.4739	-511.85	70.6462	-46.4249	-513.373	3.98392	-48.2093	-519.608	71.3393	-47.1399	-521.109	4.82991	-49.2759	-514.453	71.9328	-48.3263	-516.136	0.158674	-0.200059	0.96685	0.11531	-0.230539	0.966207	0.158674	0.0569967	0.985685	0.11531	0.0273895	0.992952	0.158674	0.0569967	0.985684	0.11531	0.0273895	0.992952	9.14494	3.26744	6.62401	1.5695	9.14494	3.26744	6.62401	1.5695	203.106	106.21	249.526	92.6506	1133.09	592.522	1392.06	516.879	1262.57	554.701	1	1	1
"
 tid_8596_time_13:34:8:311 DPETW@ "GAZE_LOG_CALI: 627.375	270.762	623.987	278.435	957.707	276.168	952.802	284.26	193.315	274.32	191.263	282.069	524.196	279.715	520.319	287.918	
23.531	-234.741	352.452	-228.958	-476.425	-228.08	-147.291	-222.2	26.9201	-242.417	357.361	-237.053	-474.374	-235.831	-143.413	-230.404	4.73087	-47.4363	-511.877	71.0642	-46.3583	-513.401	4.40944	-48.1711	-519.636	71.7638	-47.0722	-521.137	5.43828	-49.227	-514.351	72.4422	-48.2638	-516.168	0.187539	-0.192481	0.963214	0.131611	-0.231159	0.963973	0.187539	0.0633754	0.980211	0.131611	0.0262118	0.990955	0.187539	0.0633754	0.980211	0.131612	0.0262118	0.990955	10.8312	3.63358	7.56534	1.502	10.8312	3.63358	7.56534	1.502	217.84	109.461	257.848	92.174	1215.28	610.659	1438.48	514.221	1326.88	562.44	1	1	1
"
 tid_8596_time_13:34:8:332 DPETW@ "GAZE_LOG_CALI: 628.169	270.733	624.746	278.408	958.51	276.349	953.628	284.367	194.19	274.265	192.023	282.082	525.107	279.849	521.184	287.984	
24.29	-234.768	353.279	-228.85	-475.665	-228.067	-146.426	-222.134	27.7144	-242.445	358.164	-236.873	-473.499	-235.885	-142.503	-230.27	4.88332	-47.4381	-511.882	71.2372	-46.345	-513.449	4.56425	-48.1729	-519.641	71.9393	-47.0586	-521.184	5.60027	-49.243	-514.433	72.6214	-48.2422	-516.281	0.191258	-0.197549	0.961454	0.133994	-0.232547	0.963311	0.191258	0.0580246	0.979823	0.133994	0.0247003	0.990674	0.191258	0.0580246	0.979823	0.133994	0.0247003	0.990674	11.0451	3.32643	7.70284	1.41537	11.0451	3.32643	7.70284	1.41537	219.82	106.896	259.186	91.4581	1226.33	596.351	1445.95	510.226	1336.14	553.289	1	1	1
"
 tid_8596_time_13:34:8:355 DPETW@ "GAZE_LOG_CALI: 628.988	270.629	625.574	278.226	959.288	276.385	954.44	284.368	195.086	274.18	192.809	281.951	526.037	279.876	522.114	287.956	
25.1181	-234.95	354.091	-228.85	-474.879	-228.197	-145.495	-222.162	28.533	-242.549	358.943	-236.837	-472.602	-235.97	-141.572	-230.243	5.04962	-47.4653	-511.838	71.4189	-46.3592	-513.577	4.73309	-48.2006	-519.597	72.1236	-47.0728	-521.312	5.76611	-49.2707	-514.523	72.8023	-48.2512	-516.446	0.195378	-0.202379	0.95962	0.134328	-0.233216	0.963102	0.195378	0.0528847	0.979301	0.134328	0.0239999	0.990646	0.195378	0.0528847	0.979301	0.134328	0.0239999	0.990646	11.2828	3.03148	7.72199	1.37523	11.2828	3.03148	7.72199	1.37523	222.011	104.419	259.547	91.08	1238.55	582.534	1447.96	508.117	1344.01	544.277	1	1	1
"
 tid_8596_time_13:34:8:377 DPETW@ "GAZE_LOG_CALI: 629.764	270.371	626.386	278.014	960.103	276.246	955.174	284.231	195.986	273.922	193.56	281.627	526.896	279.781	522.931	287.853	
25.9301	-235.162	354.825	-228.987	-474.127	-228.521	-144.678	-222.265	29.3093	-242.808	359.759	-236.976	-471.702	-236.228	-140.713	-230.338	5.21205	-47.514	-511.781	71.5797	-46.3914	-513.666	4.898	-48.2501	-519.539	72.2867	-47.1053	-521.401	5.92468	-49.3353	-514.653	72.9746	-48.2793	-516.493	0.200925	-0.212372	0.956309	0.135062	-0.23049	0.963656	0.200925	0.0423756	0.97869	0.135062	0.0267759	0.990475	0.200925	0.0423756	0.97869	0.135062	0.0267759	0.990475	11.6016	2.42867	7.76501	1.53433	11.6016	2.42867	7.76501	1.53433	224.891	99.339	260.083	92.3559	1254.62	554.192	1450.95	515.235	1354.95	531.711	1	1	1
"
 tid_8596_time_13:34:8:399 DPETW@ "GAZE_LOG_CALI: 630.51	270.199	627.21	277.836	960.895	276.227	955.972	284.259	196.885	273.805	194.486	281.508	527.809	279.705	523.766	287.896	
26.7543	-235.339	355.624	-228.959	-473.201	-228.64	-143.843	-222.222	30.0558	-242.979	360.551	-236.996	-470.802	-236.345	-139.8	-230.414	5.37876	-47.554	-511.892	71.7469	-46.3884	-513.714	5.06735	-48.2906	-519.651	72.4565	-47.1022	-521.449	6.07739	-49.3801	-514.818	73.1542	-48.3014	-516.628	0.199754	-0.215468	0.955862	0.139071	-0.239012	0.961006	0.199754	0.039269	0.979059	0.139071	0.0178587	0.990121	0.199754	0.039269	0.979059	0.139071	0.0178587	0.990121	11.5316	2.25053	7.99535	1.02328	11.5316	2.25053	7.99535	1.02328	224.48	97.7721	262.198	88.0894	1252.33	545.451	1462.75	491.433	1361.32	513.103	1	1	1
"
 tid_8596_time_13:34:8:421 DPETW@ "GAZE_LOG_CALI: 631.129	270.159	627.685	277.788	961.44	276.292	956.516	284.299	197.387	273.794	195.119	281.486	528.527	279.798	524.349	287.973	
27.2295	-235.388	356.169	-228.919	-472.568	-228.662	-143.26	-222.145	30.6747	-243.019	361.096	-236.93	-470.3	-236.356	-139.082	-230.32	5.47623	-47.5763	-512.057	71.8626	-46.38	-513.753	5.16643	-48.3131	-519.816	72.5738	-47.0936	-521.488	6.20072	-49.3741	-514.701	73.2909	-48.3022	-516.811	0.19421	-0.199229	0.960515	0.146862	-0.247517	0.957688	0.19421	0.0561588	0.979351	0.146862	0.00878538	0.989118	0.19421	0.0561588	0.979351	0.146862	0.00878538	0.989118	11.2165	3.21936	8.44546	0.503372	11.2165	3.21936	8.44546	0.503372	221.914	105.839	266.118	83.7549	1238.01	590.452	1484.62	467.252	1364.5	524.474	1	1	1
"
 tid_8596_time_13:34:8:442 DPETW@ "GAZE_LOG_CALI: 631.996	269.891	628.414	277.559	962.1	276.093	957.166	284.047	198.302	273.552	195.942	281.256	529.331	279.538	525.226	287.595	
27.9588	-235.617	356.819	-229.171	-471.745	-228.892	-142.383	-222.522	31.5412	-243.288	361.757	-237.13	-469.385	-236.598	-138.277	-230.58	5.62405	-47.6319	-512.158	72.028	-46.4654	-513.995	5.3166	-48.3693	-519.917	72.7414	-47.18	-521.73	6.37684	-49.4305	-514.751	73.447	-48.3631	-516.964	0.197074	-0.197248	0.960341	0.142247	-0.238511	0.960666	0.197074	0.0580276	0.97867	0.142247	0.0182548	0.989663	0.197074	0.0580276	0.97867	0.142247	0.0182548	0.989663	11.3853	3.3266	8.17926	1.04598	11.3853	3.3266	8.17926	1.04598	223.525	106.682	264.069	88.1398	1247	595.157	1473.19	491.714	1362.03	540.845	1	1	1
"
 tid_8596_time_13:34:8:464 DPETW@ "GAZE_LOG_CALI: 632.658	269.534	629.242	277.138	962.851	275.682	957.908	283.74	199.041	273.08	196.64	280.7	530.075	279.203	526.067	287.327	
28.7868	-236.038	357.561	-229.479	-471.047	-229.448	-141.541	-222.791	32.2034	-243.645	362.509	-237.541	-468.645	-237.07	-137.534	-230.916	5.78897	-47.7182	-512.028	72.1932	-46.5336	-514.106	5.48398	-48.4572	-519.787	72.9089	-47.249	-521.84	6.51173	-49.5227	-514.837	73.5991	-48.4392	-516.965	0.198901	-0.206201	0.958081	0.136273	-0.235	0.962395	0.198901	0.0487953	0.978804	0.136273	0.022094	0.990425	0.198901	0.0487953	0.978804	0.136273	0.022094	0.990425	11.4866	2.79687	7.83417	1.266	11.4866	2.79687	7.83417	1.266	224.53	102.172	261.34	89.8756	1252.61	569.997	1457.96	501.398	1357.53	532.61	1	1	1
"
 tid_8596_time_13:34:8:486 DPETW@ "GAZE_LOG_CALI: 633.575	268.974	630.143	276.567	963.892	275.291	958.874	283.32	200.118	272.534	197.69	280.238	531.112	278.8	527.014	286.966	
29.6882	-236.61	358.528	-229.899	-469.996	-229.911	-140.595	-223.152	33.1208	-244.205	363.55	-237.932	-467.568	-237.616	-136.497	-231.318	5.97214	-47.837	-512.187	72.3862	-46.6113	-514.092	5.67008	-48.5776	-519.946	73.1049	-47.3279	-521.826	6.69946	-49.651	-515.008	73.8105	-48.5194	-516.961	0.199607	-0.208147	0.957513	0.139509	-0.235595	0.961786	0.199607	0.046768	0.978759	0.139509	0.0213611	0.98999	0.199607	0.046768	0.978759	0.139509	0.0213611	0.98999	11.5268	2.68059	8.02131	1.22399	11.5268	2.68059	8.02131	1.22399	225.085	101.045	263.108	89.4563	1255.7	563.712	1467.83	499.059	1364.78	527.271	1	1	1
"
 tid_8596_time_13:34:8:508 DPETW@ "GAZE_LOG_CALI: 634.41	268.545	630.923	276.146	964.727	274.983	959.674	283.069	200.872	272.119	198.436	279.732	531.968	278.556	527.794	286.7	
30.4681	-237.031	359.329	-230.15	-469.249	-230.416	-139.815	-223.418	33.9563	-244.634	364.385	-238.24	-466.813	-238.031	-135.641	-231.562	6.12896	-47.9272	-512.153	72.5453	-46.6619	-514.073	5.8293	-48.6692	-519.911	73.2664	-47.3792	-521.807	6.86722	-49.7287	-514.928	73.9837	-48.5779	-516.987	0.199618	-0.203787	0.958449	0.142952	-0.238874	0.960471	0.199618	0.0512221	0.978534	0.142952	0.0178536	0.989568	0.199618	0.0512221	0.978534	0.142952	0.0178536	0.989569	11.53	2.93609	8.22003	1.02299	11.53	2.93609	8.22003	1.02299	225.26	103.114	264.942	87.7366	1256.68	575.253	1478.06	489.465	1370.68	527.904	1	1	1
"
 tid_8596_time_13:34:8:530 DPETW@ "GAZE_LOG_CALI: 635.154	268.348	631.594	276.064	965.383	275.132	960.407	283.067	201.468	272.05	199.187	279.712	532.715	278.599	528.483	286.727	
31.1391	-237.112	360.061	-230.153	-468.498	-230.436	-139.126	-223.391	34.7004	-244.832	365.042	-238.092	-466.217	-238.099	-134.893	-231.519	6.26477	-47.9456	-512.242	72.687	-46.6551	-514.028	5.96726	-48.6877	-520.001	73.4104	-47.3724	-521.761	7.01579	-49.7406	-514.772	74.1312	-48.5674	-517.084	0.192893	-0.193682	0.961914	0.14767	-0.244793	0.958264	0.192893	0.0618793	0.979267	0.14767	0.0115647	0.988969	0.192893	0.0618793	0.979267	0.14767	0.0115647	0.988969	11.1433	3.54769	8.49249	0.662622	11.1433	3.54769	8.49249	0.662622	222.104	108.19	267.38	84.7479	1239.08	603.572	1491.66	472.792	1368.07	534.568	1	1	1
"
 tid_8596_time_13:34:8:552 DPETW@ "GAZE_LOG_CALI: 635.742	268.246	632.262	275.926	965.949	275.144	960.953	283.127	202.062	271.942	199.719	279.528	533.268	278.589	529.1	286.704	
31.8075	-237.25	360.608	-230.092	-467.966	-230.621	-138.508	-223.414	35.2877	-244.933	365.608	-238.079	-465.623	-238.207	-134.341	-231.53	6.39763	-47.9647	-512.099	72.8086	-46.6587	-514.11	6.10208	-48.7073	-519.858	73.5337	-47.376	-521.843	7.13455	-49.7627	-514.782	74.2444	-48.5659	-517.07	0.195322	-0.199652	0.960202	0.143004	-0.239408	0.96033	0.195322	0.0556697	0.979158	0.143004	0.0173015	0.989571	0.195322	0.0556697	0.979158	0.143004	0.0173015	0.989571	11.2813	3.19129	8.22294	0.991351	11.2813	3.19129	8.22294	0.991351	223.391	105.213	265.239	87.4666	1246.25	586.964	1479.71	487.959	1365.59	533.958	1	1	1
"
 tid_8596_time_13:34:8:574 DPETW@ "GAZE_LOG_CALI: 636.184	268.043	632.664	275.74	966.471	275.19	961.515	283.14	202.5	271.799	200.216	279.445	533.735	278.692	529.487	286.73	
32.2093	-237.436	361.17	-230.08	-467.469	-230.703	-138.122	-223.388	35.7299	-245.137	366.13	-238.034	-465.185	-238.35	-133.873	-231.427	6.47938	-48.0014	-512.204	72.8961	-46.638	-513.926	6.18516	-48.7445	-519.963	73.6227	-47.3552	-521.659	7.22393	-49.7974	-514.779	74.3425	-48.5457	-517.017	0.19268	-0.195295	0.961631	0.148529	-0.245677	0.957905	0.19268	0.0602477	0.97941	0.148529	0.0106187	0.988851	0.19268	0.0602477	0.97941	0.148529	0.0106187	0.988851	11.1297	3.45403	8.54219	0.608419	11.1297	3.45403	8.54219	0.608419	222.196	107.352	267.998	84.3378	1239.59	598.896	1495.11	470.504	1370.47	530.522	1	1	1
"
 tid_8596_time_13:34:8:596 DPETW@ "GAZE_LOG_CALI: 636.342	268.091	632.903	275.791	966.705	275.321	961.737	283.287	202.772	271.688	200.383	279.446	533.91	278.789	529.679	286.903	
32.4486	-237.386	361.393	-229.933	-467.302	-230.702	-137.93	-223.215	35.8877	-245.089	366.365	-237.902	-464.913	-238.461	-133.699	-231.33	6.52683	-47.989	-512.126	72.9363	-46.6025	-513.891	6.23329	-48.732	-519.885	73.6636	-47.3192	-521.623	7.25788	-49.8152	-514.897	74.3811	-48.5166	-516.955	0.196805	-0.208064	0.958111	0.147254	-0.245733	0.958087	0.196805	0.0470036	0.979315	0.147254	0.0106113	0.989042	0.196805	0.0470036	0.979315	0.147254	0.0106113	0.989042	11.3629	2.6941	8.46828	0.607996	11.3629	2.6941	8.46828	0.607996	224.224	101.008	267.411	84.377	1250.9	563.502	1491.83	470.722	1376.22	510.472	1	1	1
"
 tid_8596_time_13:34:8:618 DPETW@ "GAZE_LOG_CALI: 636.552	268.279	633.118	275.918	966.859	275.513	961.888	283.493	202.922	271.901	200.477	279.511	534.086	278.979	529.885	287.118	
32.6638	-237.258	361.543	-229.726	-467.208	-230.637	-137.723	-222.999	36.0978	-244.9	366.519	-237.711	-464.763	-238.248	-133.522	-231.139	6.56859	-47.9577	-511.999	72.9751	-46.5652	-513.951	6.27562	-48.7004	-519.758	73.703	-47.2812	-521.684	7.29945	-49.7684	-514.834	74.416	-48.4802	-516.981	0.199145	-0.207735	0.957699	0.14538	-0.244446	0.958703	0.199145	0.0472144	0.978832	0.14538	0.0120135	0.989303	0.199145	0.0472144	0.978832	0.14538	0.0120135	0.989303	11.5	2.70619	8.35992	0.688339	11.5	2.70619	8.35992	0.688339	225.417	101.178	266.545	85.0685	1257.56	564.454	1487	474.58	1377	513.102	1	1	1
"
 tid_8596_time_13:34:8:640 DPETW@ "GAZE_LOG_CALI: 636.789	268.471	633.255	276.197	966.976	275.776	962.046	283.804	203.019	272.092	200.58	279.798	534.2	279.275	530.035	287.399	
32.8004	-236.979	361.702	-229.415	-467.104	-230.35	-137.574	-222.719	36.3357	-244.708	366.636	-237.448	-464.665	-238.057	-133.409	-230.843	6.59533	-47.8977	-511.967	73.0056	-46.504	-513.936	6.30275	-48.6395	-519.726	73.734	-47.2191	-521.669	7.34522	-49.7158	-514.691	74.4391	-48.4227	-516.976	0.198423	-0.204861	0.958468	0.144014	-0.245813	0.958559	0.198423	0.0501888	0.978831	0.144014	0.0106559	0.989518	0.198423	0.0501888	0.978831	0.144014	0.0106559	0.989518	11.4594	2.87681	8.28065	0.610551	11.4594	2.87681	8.28065	0.610551	225.094	102.677	265.907	84.4815	1255.75	572.813	1483.44	471.305	1373.92	516.18	1	1	1
"
 tid_8596_time_13:34:8:662 DPETW@ "GAZE_LOG_CALI: 636.737	268.512	633.184	276.276	966.982	275.844	961.994	283.841	203.009	272.14	200.591	279.886	534.146	279.299	529.999	287.468	
32.7298	-236.9	361.649	-229.378	-467.093	-230.261	-137.61	-222.649	36.2835	-244.667	366.642	-237.38	-464.676	-238.009	-133.462	-230.819	6.58224	-47.8888	-512.053	72.9977	-46.4954	-513.96	6.28951	-48.6304	-519.812	73.7259	-47.2104	-521.693	7.3353	-49.711	-514.734	74.4314	-48.4078	-516.916	0.197471	-0.204039	0.95884	0.141813	-0.240691	0.960186	0.197471	0.0510789	0.978977	0.141813	0.0160244	0.989764	0.197471	0.0510789	0.978977	0.141813	0.0160244	0.989764	11.4042	2.92788	8.15385	0.918171	11.4042	2.92788	8.15385	0.918171	224.625	103.093	264.833	87.0512	1253.14	575.133	1477.45	485.641	1368.63	525.868	1	1	1
"
 tid_8596_time_13:34:8:683 DPETW@ "GAZE_LOG_CALI: 636.616	268.346	633.018	276.127	966.752	275.784	961.782	283.767	202.917	272.059	200.491	279.72	534.011	279.301	529.839	287.37	
32.563	-237.049	361.438	-229.453	-467.194	-230.428	-137.77	-222.748	36.1621	-244.834	366.412	-237.44	-464.767	-238.09	-133.598	-230.818	6.54974	-47.927	-512.121	72.9625	-46.5175	-514.01	6.25655	-48.669	-519.88	73.6901	-47.2327	-521.743	7.3108	-49.7394	-514.769	74.3987	-48.4226	-517.011	0.19791	-0.200933	0.959405	0.143703	-0.241315	0.959748	0.19791	0.0542259	0.978719	0.143703	0.0153089	0.989502	0.19791	0.0542259	0.978719	0.143703	0.0153089	0.989502	11.4318	3.10844	8.26315	0.877168	11.4318	3.10844	8.26315	0.877168	224.84	104.563	265.726	86.6769	1254.34	583.336	1482.43	483.553	1371.68	529.034	1	1	1
"
 tid_8596_time_13:34:8:705 DPETW@ "GAZE_LOG_CALI: 636.39	268.43	632.781	276.097	966.593	275.792	961.588	283.799	202.901	272.053	200.449	279.662	533.894	279.319	529.694	287.403	
32.3261	-237.08	361.244	-229.42	-467.236	-230.486	-137.914	-222.714	35.9363	-244.749	366.252	-237.432	-464.783	-238.096	-133.714	-230.799	6.50428	-47.9554	-512.33	72.9308	-46.5157	-514.065	6.21052	-48.6976	-520.089	73.6578	-47.2308	-521.798	7.26865	-49.7521	-514.984	74.3728	-48.4242	-517.056	0.19892	-0.198238	0.959757	0.14469	-0.241483	0.959557	0.19892	0.0569206	0.978361	0.14469	0.0150966	0.989362	0.19892	0.0569206	0.978361	0.14469	0.0150966	0.989362	11.4927	3.26307	8.32031	0.865007	11.4927	3.26307	8.32031	0.865007	225.355	105.8	266.184	86.5647	1257.21	590.239	1484.99	482.927	1374.33	532.317	1	1	1
"
 tid_8596_time_13:34:8:727 DPETW@ "GAZE_LOG_CALI: 636.428	268.414	632.835	276.129	966.682	275.808	961.515	283.844	203.064	272.11	200.524	279.699	534.023	279.337	529.773	287.439	
32.3805	-237.047	361.17	-229.375	-467.161	-230.449	-137.836	-222.679	35.9737	-244.766	366.341	-237.415	-464.62	-238.04	-133.585	-230.782	6.51567	-47.9501	-512.349	72.9389	-46.5223	-514.228	6.2221	-48.6922	-520.108	73.6659	-47.2373	-521.961	7.27786	-49.761	-515.118	74.3968	-48.4243	-517.095	0.202567	-0.20506	0.957558	0.1444	-0.234475	0.961338	0.202567	0.0497618	0.978003	0.1444	0.0223266	0.989267	0.202567	0.0497618	0.978003	0.1444	0.0223266	0.989267	11.7018	2.85232	8.30463	1.27932	11.7018	2.85232	8.30463	1.27932	227.165	102.36	266.082	89.9819	1267.31	571.044	1484.42	501.991	1379.43	531.852	1	1	1
"
 tid_8596_time_13:34:8:749 DPETW@ "GAZE_LOG_CALI: 636.422	268.486	632.625	276.105	966.35	275.889	961.224	283.819	202.982	272.1	200.435	279.674	533.848	279.34	529.469	287.42	
32.1699	-237.071	360.879	-229.4	-467.25	-230.474	-138.14	-222.698	35.9679	-244.693	366.009	-237.334	-464.703	-238.05	-133.76	-230.778	6.47514	-47.9668	-512.474	72.8779	-46.5252	-514.21	6.18101	-48.7089	-520.233	73.6039	-47.2402	-521.943	7.27582	-49.7468	-515.035	74.3533	-48.4314	-517.262	0.202287	-0.191758	0.960369	0.153323	-0.243691	0.957657	0.202287	0.0633382	0.977276	0.153323	0.0124723	0.988097	0.202287	0.0633382	0.977276	0.153323	0.0124723	0.988097	11.6946	3.63144	8.82022	0.714631	11.6946	3.63144	8.82022	0.714631	227.085	108.888	270.378	85.2712	1266.86	607.466	1508.38	475.711	1391.64	536.532	1	1	1
"
 tid_8596_time_13:34:8:772 DPETW@ "GAZE_LOG_CALI: 635.845	268.283	632.203	275.923	965.844	275.62	960.711	283.598	202.703	271.951	200.115	279.587	533.465	279.063	529.131	287.189	
31.748	-237.254	360.366	-229.621	-467.57	-230.561	-138.478	-222.929	35.3908	-244.897	365.503	-237.603	-464.982	-238.199	-134.143	-231.055	6.39118	-48.0042	-512.583	72.8003	-46.5877	-514.395	6.09583	-48.7468	-520.342	73.5249	-47.3035	-522.129	7.16333	-49.8124	-515.345	74.269	-48.4993	-517.393	0.204521	-0.204161	0.957335	0.150616	-0.242051	0.958502	0.204521	0.0505724	0.977555	0.150616	0.0142755	0.988489	0.204521	0.0505724	0.977555	0.150616	0.0142755	0.988489	11.8168	2.89882	8.66352	0.817954	11.8168	2.89882	8.66352	0.817954	228.07	102.659	268.997	86.0263	1272.36	572.716	1500.68	479.924	1391.74	519.549	1	1	1
"
 tid_8596_time_13:34:8:794 DPETW@ "GAZE_LOG_CALI: 635.246	268.198	631.663	275.735	965.176	275.4	960.016	283.353	202.181	271.805	199.604	279.429	532.937	278.828	528.637	286.897	
31.2086	-237.442	359.67	-229.866	-468.081	-230.719	-138.972	-223.221	34.7918	-244.982	364.835	-237.823	-465.504	-238.344	-134.671	-231.291	6.28302	-48.0418	-512.611	72.6895	-46.661	-514.603	5.98602	-48.7848	-520.369	73.4121	-47.3776	-522.336	7.04304	-49.8437	-515.427	74.154	-48.5591	-517.536	0.2047	-0.205056	0.957105	0.148418	-0.236351	0.960266	0.2047	0.049648	0.977565	0.148418	0.0202376	0.988718	0.2047	0.049648	0.977565	0.148418	0.0202376	0.988718	11.8267	2.84579	8.537	1.15961	11.8267	2.84579	8.537	1.15961	228.049	102.17	267.841	88.7609	1272.24	569.986	1494.23	495.179	1387.67	526.842	1	1	1
"
 tid_8596_time_13:34:8:816 DPETW@ "GAZE_LOG_CALI: 634.768	268.074	631.141	275.661	964.62	275.144	959.497	283.047	201.774	271.657	199.19	279.333	532.51	278.638	528.094	286.677	
30.6861	-237.516	359.151	-230.172	-468.495	-230.815	-139.514	-223.441	34.3137	-245.106	364.279	-238.079	-465.911	-238.493	-135.098	-231.481	6.17915	-48.0695	-512.724	72.5811	-46.7123	-514.582	5.88062	-48.8129	-520.482	73.302	-47.4298	-522.316	6.94732	-49.8784	-515.5	74.0604	-48.6175	-517.674	0.204895	-0.204679	0.957144	0.15634	-0.244865	0.956869	0.204895	0.0500226	0.977505	0.15634	0.0111349	0.987641	0.204895	0.0500226	0.977505	0.15634	0.0111349	0.987641	11.8384	2.86728	8.99507	0.637994	11.8384	2.86728	8.99507	0.637994	228.065	102.301	271.606	84.3563	1272.33	570.718	1515.24	470.607	1400.06	512.576	1	1	1
"
 tid_8596_time_13:34:8:838 DPETW@ "GAZE_LOG_CALI: 634.06	268.207	630.395	275.84	963.874	275.163	958.765	283.102	201.112	271.907	198.551	279.464	531.886	278.626	527.471	286.692	
29.9403	-237.337	358.419	-230.117	-469.134	-230.684	-140.138	-223.425	33.606	-244.972	363.532	-238.061	-466.573	-238.242	-135.722	-231.492	6.03034	-48.0485	-512.833	72.4488	-46.7152	-514.691	5.72959	-48.7914	-520.591	73.1676	-47.4325	-522.425	6.80484	-49.8435	-515.541	73.9267	-48.6287	-517.801	0.204034	-0.199635	0.958393	0.156982	-0.247362	0.956122	0.204034	0.0552177	0.977405	0.156982	0.00852926	0.987565	0.204034	0.0552177	0.977405	0.156982	0.00852926	0.987565	11.7912	3.16535	9.03212	0.488697	11.7912	3.16535	9.03212	0.488697	227.531	104.811	271.803	83.0759	1269.35	584.719	1516.33	463.464	1398.75	516.511	1	1	1
"
 tid_8596_time_13:34:8:860 DPETW@ "GAZE_LOG_CALI: 633.866	268.212	630.26	275.848	963.651	275.138	958.552	283.029	200.951	271.868	198.447	279.458	531.692	278.565	527.327	286.607	
29.8052	-237.329	358.206	-230.189	-469.238	-230.691	-140.281	-223.511	33.4114	-244.967	363.309	-238.086	-466.734	-238.282	-135.917	-231.554	6.00375	-48.0511	-512.862	72.4157	-46.7374	-514.76	5.70259	-48.794	-520.621	73.1339	-47.455	-522.493	6.76573	-49.8506	-515.578	73.8855	-48.6404	-517.83	0.202065	-0.20082	0.958562	0.154339	-0.243424	0.957562	0.202065	0.0541165	0.977876	0.154339	0.0127057	0.987936	0.202065	0.0541165	0.977876	0.154339	0.0127057	0.987936	11.6751	3.10216	8.87917	0.728003	11.6751	3.10216	8.87917	0.728003	226.513	104.258	270.481	85.0403	1263.67	581.634	1508.96	474.423	1391.37	521.483	1	1	1
"
 tid_8596_time_13:34:8:881 DPETW@ "GAZE_LOG_CALI: 633.812	268.19	630.086	275.805	963.523	275.081	958.394	282.98	200.905	271.865	198.361	279.454	531.588	278.531	527.244	286.576	
29.6314	-237.371	358.048	-230.239	-469.324	-230.695	-140.365	-223.542	33.3582	-244.989	363.181	-238.142	-466.781	-238.284	-136.02	-231.588	5.96981	-48.0644	-512.954	72.395	-46.753	-514.841	5.66819	-48.8073	-520.713	73.1127	-47.4707	-522.575	6.75471	-49.8541	-515.589	73.8631	-48.652	-517.856	0.203393	-0.195958	0.959287	0.152463	-0.240025	0.958719	0.203393	0.0590011	0.977318	0.152463	0.0162887	0.988175	0.203393	0.0590011	0.977318	0.152463	0.0162887	0.988175	11.7562	3.38248	8.77084	0.933317	11.7562	3.38248	8.77084	0.933317	227.193	106.601	269.553	86.7234	1267.47	594.705	1503.78	483.812	1389.68	534.101	1	1	1
"
 tid_8596_time_13:34:8:903 DPETW@ "GAZE_LOG_CALI: 633.567	268.006	629.841	275.669	963.255	274.844	958.094	282.843	200.803	271.708	198.233	279.343	531.244	278.347	527.063	286.479	
29.3858	-237.507	357.747	-230.376	-469.452	-230.805	-140.546	-223.639	33.1131	-245.173	362.913	-238.379	-466.883	-238.442	-136.365	-231.772	5.9218	-48.1008	-513.077	72.3521	-46.7887	-514.973	5.61952	-48.8441	-520.835	73.069	-47.5067	-522.707	6.7073	-49.9029	-515.735	73.7968	-48.6871	-517.772	0.204403	-0.198949	0.958456	0.141992	-0.230287	0.962708	0.204403	0.0558966	0.97729	0.141992	0.0267269	0.989507	0.204403	0.0558966	0.97729	0.141992	0.0267269	0.989507	11.8133	3.20431	8.16607	1.53152	11.8133	3.20431	8.16607	1.53152	227.658	105.041	264.409	91.6506	1270.06	586.001	1475.08	511.3	1374.91	545.633	1	1	1
"
 tid_8596_time_13:34:8:926 DPETW@ "GAZE_LOG_CALI: 633.342	268.039	629.681	275.618	963.057	274.808	957.947	282.809	200.663	271.695	198.115	279.293	531.135	278.303	526.927	286.446	
29.2257	-237.559	357.601	-230.41	-469.571	-230.855	-140.682	-223.672	32.8876	-245.14	362.714	-238.415	-467.023	-238.455	-136.474	-231.816	5.89008	-48.1151	-513.12	72.3238	-46.7959	-514.979	5.58734	-48.8586	-520.879	73.0403	-47.5141	-522.712	6.66253	-49.9098	-515.827	73.7699	-48.7042	-517.868	0.203994	-0.199444	0.958441	0.144723	-0.236044	0.960905	0.203994	0.0554141	0.977402	0.144723	0.0206992	0.989256	0.203994	0.0554141	0.977403	0.144723	0.0206992	0.989256	11.789	3.17662	8.32305	1.18606	11.789	3.17662	8.32305	1.18606	227.425	104.781	265.708	88.7545	1268.76	584.555	1482.33	495.143	1378.82	535.596	1	1	1
"
 tid_8596_time_13:34:8:948 DPETW@ "GAZE_LOG_CALI: 633.288	268.019	629.613	275.557	963.013	274.774	957.891	282.739	200.657	271.612	198.102	279.209	531.141	278.28	526.868	286.345	
29.1583	-237.62	357.544	-230.48	-469.583	-230.94	-140.74	-223.773	32.8339	-245.16	362.67	-238.449	-467.029	-238.538	-136.468	-231.839	5.87675	-48.1356	-513.182	72.312	-46.813	-514.976	5.57385	-48.8793	-520.941	73.0284	-47.5315	-522.709	6.65247	-49.9249	-515.876	73.7684	-48.7148	-517.919	0.204158	-0.197915	0.958723	0.148306	-0.237149	0.960086	0.204158	0.0569642	0.977279	0.148306	0.01942	0.988751	0.204158	0.0569642	0.977279	0.148306	0.01942	0.988751	11.7996	3.26557	8.53036	1.11275	11.7996	3.26557	8.53036	1.11275	227.514	105.501	267.449	88.1296	1269.26	588.569	1492.05	491.657	1384.27	535.468	1	1	1
"
 tid_8596_time_13:34:8:970 DPETW@ "GAZE_LOG_CALI: 633.274	267.999	629.6	275.475	963.057	274.728	957.924	282.721	200.743	271.474	198.144	279.171	531.128	278.27	526.9	286.337	
29.1454	-237.701	357.577	-230.498	-469.542	-230.978	-140.709	-223.781	32.8202	-245.18	362.715	-238.495	-466.943	-238.676	-136.481	-231.849	5.87501	-48.1528	-513.237	72.3188	-46.816	-514.98	5.57211	-48.8966	-520.995	73.0352	-47.5345	-522.713	6.65147	-49.9508	-515.978	73.7688	-48.7149	-517.859	0.205994	-0.201186	0.957649	0.14527	-0.233744	0.961385	0.205994	0.0535271	0.977088	0.14527	0.0230455	0.989124	0.205994	0.0535271	0.977088	0.14527	0.0230455	0.989124	11.905	3.06835	8.35514	1.32053	11.905	3.06835	8.35514	1.32053	228.43	103.817	265.974	89.8612	1274.36	579.172	1483.81	501.317	1382.58	535.744	1	1	1
"
 tid_8596_time_13:34:8:992 DPETW@ "GAZE_LOG_CALI: 633.372	267.898	629.667	275.448	963.037	274.788	957.938	282.748	200.747	271.407	198.178	279.031	531.154	278.235	526.921	286.356	
29.2116	-237.728	357.591	-230.471	-469.507	-231.118	-140.688	-223.762	32.9181	-245.282	362.694	-238.436	-466.938	-238.743	-136.455	-231.883	5.88803	-48.1667	-513.205	72.3224	-46.8116	-514.982	5.58531	-48.9108	-520.963	73.0388	-47.5301	-522.716	6.66948	-49.9591	-515.886	73.7716	-48.7167	-517.905	0.20469	-0.197914	0.958609	0.146296	-0.23692	0.960451	0.20469	0.0569363	0.97717	0.146296	0.0197358	0.989044	0.20469	0.0569363	0.977169	0.146296	0.0197358	0.989044	11.8308	3.26397	8.41398	1.13085	11.8308	3.26397	8.41398	1.13085	227.797	105.455	266.476	88.2782	1270.83	588.314	1486.61	492.487	1382.18	535.948	1	1	1
"
 tid_8596_time_13:34:9:14 DPETW@ "GAZE_LOG_CALI: 633.421	267.687	629.725	275.24	963.184	274.68	958.026	282.611	200.784	271.223	198.191	278.841	531.202	278.138	527.028	286.309	
29.2699	-237.937	357.68	-230.608	-469.495	-231.308	-140.581	-223.809	32.9668	-245.493	362.841	-238.543	-466.902	-238.927	-136.407	-231.981	5.89948	-48.2021	-513.154	72.343	-46.8318	-515	5.59691	-48.9469	-520.912	73.0597	-47.5505	-522.734	6.67965	-49.9974	-515.867	73.7868	-48.7281	-517.804	0.205612	-0.19949	0.958085	0.142001	-0.230003	0.962774	0.205612	0.0552777	0.977071	0.142001	0.0270189	0.989498	0.205612	0.0552777	0.977071	0.142001	0.0270189	0.989498	11.8838	3.16879	8.16668	1.54826	11.8838	3.16879	8.16668	1.54826	228.252	104.631	264.407	91.7418	1273.37	583.716	1475.07	511.809	1376.75	544.512	1	1	1
"
 tid_8596_time_13:34:9:36 DPETW@ "GAZE_LOG_CALI: 633.661	267.467	629.901	275.03	963.287	274.56	958.148	282.548	200.873	271.075	198.269	278.652	531.347	278.057	527.099	286.217	
29.4459	-238.146	357.801	-230.671	-469.417	-231.496	-140.509	-223.901	33.2068	-245.713	362.945	-238.663	-466.813	-239.075	-136.262	-232.062	5.93342	-48.233	-513.054	72.3604	-46.8431	-514.951	5.63132	-48.9784	-520.813	73.0774	-47.5621	-522.685	6.72587	-50.0198	-515.713	73.8142	-48.7528	-517.85	0.205784	-0.195791	0.958811	0.14637	-0.23657	0.960526	0.205784	0.0590394	0.976815	0.14637	0.0200939	0.989026	0.205784	0.0590394	0.976815	0.14637	0.0200939	0.989026	11.8965	3.38468	8.41834	1.15137	11.8965	3.38468	8.41834	1.15137	228.374	106.446	266.545	88.4264	1274.05	593.841	1487	493.313	1383.85	539.338	1	1	1
"
 tid_8596_time_13:34:9:59 DPETW@ "GAZE_LOG_CALI: 633.639	267.373	629.954	274.972	963.396	274.533	958.239	282.598	200.91	271.022	198.303	278.622	531.421	278.11	527.129	286.219	
29.4991	-238.205	357.893	-230.622	-469.382	-231.527	-140.48	-223.899	33.1845	-245.807	363.054	-238.691	-466.776	-239.128	-136.188	-232.009	5.94407	-48.2401	-513.034	72.3696	-46.8317	-514.884	5.64211	-48.9855	-520.792	73.0869	-47.5506	-522.617	6.72237	-50.0404	-515.772	73.8311	-48.7468	-517.814	0.206088	-0.201246	0.957616	0.148673	-0.238984	0.959574	0.206088	0.0534604	0.977072	0.148673	0.0175156	0.988731	0.206088	0.0534604	0.977072	0.148673	0.0175156	0.988731	11.9105	3.06452	8.55136	1.00362	11.9105	3.06452	8.55136	1.00362	228.501	103.74	267.671	87.2197	1274.76	578.742	1493.29	486.581	1388.51	526.864	1	1	1
"
 tid_8596_time_13:34:9:82 DPETW@ "GAZE_LOG_CALI: 633.635	267.424	629.938	275.047	963.417	274.669	958.264	282.703	200.905	271.098	198.229	278.68	531.37	278.181	527.147	286.365	
29.4835	-238.13	357.918	-230.516	-469.457	-231.468	-140.462	-223.753	33.1805	-245.756	363.074	-238.554	-466.781	-239.052	-136.239	-231.938	5.94011	-48.2208	-512.973	72.3736	-46.8058	-514.879	5.63806	-48.9661	-520.731	73.091	-47.5243	-522.613	6.72141	-50.0276	-515.773	73.8245	-48.7185	-517.738	0.208942	-0.204714	0.956261	0.1446	-0.235433	0.961074	0.208942	0.0497596	0.976661	0.1446	0.0213336	0.98926	0.208942	0.0497596	0.976661	0.1446	0.0213336	0.98926	12.0755	2.85219	8.316	1.22242	12.0755	2.85219	8.316	1.22242	229.906	101.993	265.685	89.0725	1282.6	568.998	1482.2	496.918	1386.75	527.331	1	1	1
"
 tid_8596_time_13:34:9:104 DPETW@ "GAZE_LOG_CALI: 633.5	267.598	629.798	275.212	963.285	274.852	958.221	282.858	200.769	271.222	198.204	278.823	531.26	278.356	527.033	286.424	
29.3433	-237.965	357.875	-230.361	-469.482	-231.325	-140.576	-223.694	33.0462	-245.581	362.943	-238.371	-466.917	-238.928	-136.349	-231.763	5.9132	-48.2011	-513.094	72.3544	-46.7772	-514.802	5.6108	-48.946	-520.853	73.0716	-47.4953	-522.536	6.69409	-49.9972	-515.772	73.8008	-48.684	-517.758	0.204369	-0.198318	0.958595	0.146519	-0.238816	0.959947	0.204369	0.0565418	0.97726	0.146519	0.0177737	0.989048	0.204369	0.0565418	0.97726	0.146519	0.0177737	0.989048	11.8117	3.24134	8.42657	1.01841	11.8117	3.24134	8.42657	1.01841	227.634	105.25	266.59	87.4141	1269.92	587.168	1487.25	487.666	1382.28	532.631	1	1	1
"
 tid_8596_time_13:34:9:125 DPETW@ "GAZE_LOG_CALI: 633.331	267.78	629.63	275.376	963.132	275.073	958.08	282.973	200.594	271.367	197.971	279.008	531.185	278.503	526.82	286.633	
29.1749	-237.801	357.734	-230.246	-469.715	-231.141	-140.789	-223.485	32.8767	-245.4	362.79	-238.15	-467.092	-238.783	-136.424	-231.616	5.87867	-48.1593	-513.023	72.3147	-46.7371	-514.721	5.5757	-48.9035	-520.781	73.0314	-47.4548	-522.455	6.66016	-49.963	-515.759	73.7816	-48.6544	-517.843	0.206739	-0.201965	0.957324	0.155501	-0.248686	0.95602	0.206739	0.0526905	0.976976	0.155501	0.00722435	0.987809	0.206739	0.0526905	0.976976	0.155501	0.00722435	0.987809	11.9481	3.02034	8.94612	0.413928	11.9481	3.02034	8.94612	0.413928	228.761	103.453	270.941	82.4193	1276.21	577.141	1511.52	459.801	1400.33	510.102	1	1	1
"
 tid_8596_time_13:34:9:147 DPETW@ "GAZE_LOG_CALI: 633.125	267.857	629.447	275.444	962.943	275.115	957.827	283.065	200.227	271.446	197.699	279.075	530.954	278.581	526.543	286.648	
28.9916	-237.733	357.48	-230.154	-469.987	-231.073	-141.066	-223.47	32.6703	-245.322	362.601	-238.108	-467.459	-238.704	-136.655	-231.538	5.84078	-48.1367	-512.927	72.2599	-46.7241	-514.697	5.53716	-48.8808	-520.685	72.9759	-47.4416	-522.431	6.616	-49.931	-515.592	73.7364	-48.6375	-517.792	0.203137	-0.197751	0.958973	0.15679	-0.246548	0.956363	0.203137	0.0571873	0.977479	0.15679	0.00937751	0.987587	0.203137	0.0571873	0.977479	0.15679	0.00937751	0.987587	11.74	3.27838	9.02104	0.5373	11.74	3.27838	9.02104	0.5373	226.913	105.654	271.518	83.4729	1265.9	589.42	1514.74	465.678	1395.73	520.606	1	1	1
"
 tid_8596_time_13:34:9:170 DPETW@ "GAZE_LOG_CALI: 632.913	267.703	629.277	275.293	962.741	274.898	957.628	282.836	199.998	271.303	197.41	278.924	530.688	278.346	526.359	286.518	
28.8218	-237.883	357.281	-230.383	-470.276	-231.224	-141.25	-223.6	32.459	-245.477	362.398	-238.325	-467.688	-238.848	-136.92	-231.772	5.80477	-48.1557	-512.805	72.2216	-46.7615	-514.709	5.50053	-48.9002	-520.563	72.9369	-47.4796	-522.442	6.57259	-49.9598	-515.578	73.6858	-48.6775	-517.728	0.205857	-0.203465	0.957196	0.152172	-0.243409	0.957912	0.205857	0.0512084	0.977241	0.152172	0.0128104	0.988271	0.205857	0.0512084	0.977241	0.152172	0.0128104	0.988271	11.8955	2.93531	8.75352	0.734004	11.8955	2.93531	8.75352	0.734004	228.188	102.778	269.211	85.0772	1273.02	573.378	1501.87	474.629	1392.93	516.871	1	1	1
"
 tid_8596_time_13:34:9:192 DPETW@ "GAZE_LOG_CALI: 632.762	267.461	628.991	275.036	962.578	274.5	957.48	282.496	199.793	271.081	197.194	278.619	530.496	277.941	526.167	286.137	
28.5364	-238.141	357.133	-230.723	-470.492	-231.53	-141.442	-223.981	32.3081	-245.719	362.235	-238.723	-467.893	-239.069	-137.112	-232.178	5.74861	-48.2188	-512.872	72.1854	-46.8308	-514.667	5.44354	-48.9642	-520.631	72.9002	-47.55	-522.401	6.54151	-50.001	-515.518	73.6483	-48.7567	-517.698	0.205945	-0.19446	0.959047	0.152271	-0.245634	0.957328	0.205945	0.0603856	0.976699	0.152271	0.0105101	0.988283	0.205945	0.0603856	0.976699	0.152271	0.0105101	0.988283	11.9068	3.46195	8.75906	0.602197	11.9068	3.46195	8.75906	0.602197	228.239	107.151	269.212	83.9155	1273.3	597.771	1501.88	468.148	1392.33	526.898	1	1	1
"
 tid_8596_time_13:34:9:213 DPETW@ "GAZE_LOG_CALI: 632.626	267.332	628.798	274.955	962.43	274.437	957.377	282.331	199.665	271.006	197.068	278.552	530.36	277.859	526.04	285.985	
28.3425	-238.222	357.031	-230.888	-470.618	-231.596	-141.569	-224.133	32.1721	-245.848	362.088	-238.787	-468.021	-239.145	-137.248	-232.26	5.71003	-48.2408	-512.947	72.161	-46.8605	-514.64	5.40442	-48.9864	-520.705	72.8754	-47.5801	-522.374	6.51415	-50.0225	-515.524	73.6198	-48.7722	-517.706	0.205559	-0.191904	0.959645	0.152669	-0.244494	0.957557	0.205559	0.0630092	0.976614	0.152669	0.0116712	0.988208	0.205559	0.0630092	0.976614	0.152669	0.0116712	0.988208	11.8862	3.61256	8.78223	0.668723	11.8862	3.61256	8.78223	0.668723	228.036	108.385	269.378	84.4503	1272.17	604.657	1502.81	471.132	1391.8	532.422	1	1	1
"
 tid_8596_time_13:34:9:235 DPETW@ "GAZE_LOG_CALI: 632.448	267.494	628.69	275.107	962.448	274.496	957.37	282.526	199.299	271.165	196.821	278.653	530.202	278.018	525.899	286.163	
28.2351	-238.069	357.023	-230.693	-470.865	-231.495	-141.709	-223.955	31.9939	-245.686	362.106	-238.727	-468.387	-238.986	-137.407	-232.1	5.68679	-48.2014	-512.799	72.1394	-46.8096	-514.496	5.38073	-48.9466	-520.557	72.8537	-47.5287	-522.23	6.47549	-49.9709	-515.328	73.5969	-48.7327	-517.522	0.201227	-0.188276	0.96128	0.151196	-0.244947	0.957675	0.201227	0.0669374	0.977255	0.151196	0.0112639	0.98844	0.201227	0.0669374	0.977255	0.151196	0.0112639	0.98844	11.6352	3.8381	8.69679	0.64539	11.6352	3.8381	8.69679	0.64539	225.827	110.33	268.614	84.3394	1259.84	615.51	1498.54	470.513	1382.47	538.818	1	1	1
"
 tid_8596_time_13:34:9:257 DPETW@ "GAZE_LOG_CALI: 632.37	267.513	628.613	275.064	962.408	274.506	957.315	282.488	199.213	271.142	196.682	278.633	530.139	277.986	525.816	286.137	
28.1583	-238.112	356.968	-230.731	-471.004	-231.516	-141.793	-223.981	31.9156	-245.666	362.065	-238.717	-468.473	-239.008	-137.47	-232.132	5.67055	-48.2017	-512.733	72.1241	-46.8133	-514.465	5.36419	-48.947	-520.491	72.8382	-47.5325	-522.199	6.45977	-49.9702	-515.317	73.5855	-48.7329	-517.502	0.203366	-0.189929	0.960505	0.152346	-0.244743	0.957545	0.203366	0.0651391	0.976934	0.152346	0.0114272	0.988261	0.203366	0.0651391	0.976933	0.152346	0.0114272	0.988261	11.7592	3.73484	8.76346	0.654746	11.7592	3.73484	8.76346	0.654746	226.863	109.484	269.158	84.4227	1265.62	610.792	1501.58	470.978	1387.37	536.083	1	1	1
"
 tid_8596_time_13:34:9:279 DPETW@ "GAZE_LOG_CALI: 632.28	267.214	628.541	274.746	962.338	274.263	957.303	282.102	199.094	270.824	196.542	278.396	530.078	277.679	525.657	285.753	
28.0861	-238.431	356.956	-231.118	-471.145	-231.753	-141.951	-224.365	31.8258	-245.966	361.996	-238.96	-468.592	-239.326	-137.531	-232.44	5.65517	-48.2509	-512.661	72.1001	-46.8778	-514.316	5.34854	-48.9971	-520.419	72.8141	-47.5982	-522.05	6.44087	-50.0303	-515.291	73.5723	-48.7892	-517.503	0.204406	-0.193346	0.959602	0.15926	-0.250162	0.955016	0.204406	0.0616052	0.976946	0.15926	0.00553788	0.987221	0.204406	0.0616052	0.976946	0.15926	0.00553788	0.987221	11.8175	3.53195	9.16406	0.317299	11.8175	3.53195	9.16406	0.317299	227.331	107.742	272.504	81.5752	1268.23	601.071	1520.24	455.092	1399.91	520.87	1	1	1
"
 tid_8596_time_13:34:9:302 DPETW@ "GAZE_LOG_CALI: 632.263	266.884	628.536	274.459	962.362	273.888	957.327	281.852	199.203	270.499	196.519	278.05	529.951	277.389	525.703	285.51	
28.0806	-238.718	356.98	-231.367	-471.168	-232.099	-141.906	-224.608	31.8083	-246.295	362.02	-239.336	-468.484	-239.651	-137.658	-232.729	5.65398	-48.313	-512.643	72.1081	-46.9295	-514.335	5.34732	-49.0602	-520.401	72.8222	-47.6506	-522.069	6.43911	-50.1094	-515.422	73.5545	-48.842	-517.344	0.20978	-0.201591	0.956741	0.148619	-0.241794	0.958879	0.20978	0.0529006	0.976317	0.148619	0.0146213	0.988786	0.20978	0.0529006	0.976317	0.148619	0.0146213	0.988786	12.1267	3.0324	8.54785	0.837766	12.1267	3.0324	8.54785	0.837766	229.983	103.496	267.293	85.8678	1283.03	577.385	1491.18	479.039	1392.2	521.622	1	1	1
"
 tid_8596_time_13:34:9:324 DPETW@ "GAZE_LOG_CALI: 632.34	266.796	628.581	274.411	962.416	273.806	957.373	281.814	199.153	270.413	196.55	278.017	530.054	277.329	525.783	285.468	
28.1262	-238.766	357.026	-231.405	-471.137	-232.132	-141.826	-224.65	31.8861	-246.384	362.073	-239.418	-468.533	-239.737	-137.555	-232.79	5.66287	-48.3199	-512.629	72.1225	-46.9408	-514.372	5.35634	-49.0672	-520.387	72.8367	-47.6621	-522.105	6.45331	-50.1139	-515.287	73.573	-48.8618	-517.401	0.206167	-0.19672	0.958539	0.149941	-0.244309	0.958035	0.206167	0.0580714	0.976792	0.149941	0.0119737	0.988622	0.206167	0.0580714	0.976792	0.149941	0.0119737	0.988622	11.9182	3.32912	8.62414	0.686058	11.9182	3.32912	8.62414	0.686058	228.195	105.977	267.958	84.5802	1273.05	591.226	1494.88	471.856	1388.55	525.615	1	1	1
"
 tid_8596_time_13:34:9:346 DPETW@ "GAZE_LOG_CALI: 632.312	267.097	628.567	274.639	962.4	274.138	957.326	282.006	199.2	270.749	196.568	278.345	529.995	277.65	525.702	285.691	
28.1121	-238.538	356.979	-231.214	-471.118	-231.804	-141.907	-224.427	31.8572	-246.082	362.058	-239.086	-468.486	-239.401	-137.614	-232.469	5.66043	-48.2668	-512.661	72.1079	-46.8957	-514.337	5.35388	-49.0133	-520.419	72.822	-47.6164	-522.071	6.44817	-50.0573	-515.369	73.5634	-48.7911	-517.355	0.207583	-0.198044	0.95796	0.150832	-0.238972	0.95924	0.207583	0.0566422	0.976576	0.150832	0.0174405	0.988405	0.207583	0.0566422	0.976576	0.150832	0.0174405	0.988406	12.0003	3.2471	8.67647	0.999317	12.0003	3.2471	8.67647	0.999317	228.908	105.34	268.383	87.2547	1277.03	587.668	1497.25	486.777	1391.49	531.701	3	1	1
"