
 tid_15608_time_14:14:45:629 DPETW@ "GAZE_LOG_CALI: 614.344	399.55	613.667	405.062	892.605	420.919	890.246	426.553	260.254	402.793	260.349	407.964	540.536	424.024	538.818	429.694	
13.2083	-108.088	289.842	-86.6103	-407.301	-102.155	-128.786	-80.4143	13.8856	-113.6	292.203	-92.2459	-407.396	-107.327	-127.068	-86.0842	3.1708	-26.2295	-611.193	70.0714	-21.1343	-615.595	2.88229	-26.5698	-618.98	70.6443	-21.4061	-623.369	3.34806	-27.6375	-613.926	70.9754	-22.6101	-618.502	0.0897954	-0.205844	0.974456	0.065883	-0.23963	0.968626	0.0897954	0.0533781	0.994529	0.065883	0.0192337	0.997642	0.0897954	0.0533781	0.994529	0.065883	0.0192337	0.997642	5.15921	3.05979	3.77825	1.10208	5.15921	3.05979	3.77825	1.10208	177.864	104.888	232.102	89.1455	992.268	585.147	1294.85	497.325	1143.56	541.236	1	0	0
"
 tid_15608_time_14:14:45:667 DPETW@ "GAZE_LOG_CALI: 615.206	399.619	614.538	405.045	893.284	421.02	891.002	426.672	261.023	402.631	261.208	407.936	541.15	423.968	539.538	429.677	
14.0793	-108.105	290.599	-86.4916	-406.442	-102.183	-128.066	-80.4314	14.748	-113.531	292.882	-92.1451	-406.627	-107.489	-126.454	-86.1406	3.37974	-26.2343	-611.18	70.2485	-21.1201	-615.542	3.09392	-26.5746	-618.968	70.8237	-21.3917	-623.316	3.55545	-27.6427	-613.791	71.1295	-22.6012	-618.407	0.0869818	-0.201298	0.97566	0.0603682	-0.23879	0.969193	0.0869818	0.0580804	0.994515	0.0603682	0.0201927	0.997972	0.0869818	0.0580804	0.994515	0.0603682	0.0201927	0.997972	4.99846	3.32964	3.46166	1.15703	4.99846	3.32964	3.46166	1.15703	176.455	107.594	229.07	89.7242	984.405	600.248	1277.94	500.553	1131.17	550.401	1	0	0
"
 tid_15608_time_14:14:45:689 DPETW@ "GAZE_LOG_CALI: 615.367	400.064	614.648	405.4	893.386	421.357	891.133	427.11	261.021	402.959	261.283	408.343	541.286	424.37	539.646	430.031	
14.1897	-107.75	290.729	-86.0531	-406.366	-101.777	-127.958	-80.0777	14.9087	-113.086	292.984	-91.8074	-406.629	-107.161	-126.318	-85.7384	3.40584	-26.1404	-611.129	70.2766	-21.0233	-615.516	3.12034	-26.4796	-618.917	70.8522	-21.2937	-623.291	3.5931	-27.5383	-613.544	71.1601	-22.513	-618.457	0.0860131	-0.192621	0.977496	0.0616654	-0.244142	0.967777	0.0860131	0.0669369	0.994043	0.0616654	0.0146563	0.997989	0.0860131	0.0669369	0.994043	0.0616654	0.0146563	0.997989	4.9454	3.83807	3.53579	0.839776	4.9454	3.83807	3.53579	0.839776	175.944	112.817	229.85	86.6168	981.559	629.385	1282.29	483.218	1131.92	556.301	1	0	0
"
 tid_15608_time_14:14:45:713 DPETW@ "GAZE_LOG_CALI: 615.14	400.15	614.513	405.573	893.201	421.698	891.028	427.385	260.914	403.164	261.064	408.5	540.994	424.691	539.392	430.269	
14.0552	-107.576	290.624	-85.7776	-406.586	-101.619	-128.212	-79.8391	14.682	-113	292.799	-91.4662	-406.736	-106.956	-126.61	-85.4174	3.37288	-26.0952	-611.001	70.225	-20.9532	-615.284	3.08689	-26.4339	-618.789	70.8002	-21.2228	-623.058	3.53935	-27.5111	-613.722	71.0966	-22.4266	-618.297	0.087017	-0.207163	0.974429	0.0602446	-0.244714	0.967722	0.087017	0.0520971	0.994844	0.0602446	0.0140891	0.998084	0.087017	0.0520971	0.994844	0.0602446	0.0140891	0.998084	4.99883	2.9863	3.45419	0.807273	4.99883	2.9863	3.45419	0.807273	176.439	104.313	228.958	86.4131	984.32	581.943	1277.31	482.081	1130.82	532.012	1	0	0
"
 tid_15608_time_14:14:45:735 DPETW@ "GAZE_LOG_CALI: 614.948	400.082	614.35	405.555	893	421.694	890.705	427.419	260.621	403.179	260.767	408.441	540.78	424.689	539.193	430.346	
13.8922	-107.594	290.301	-85.7435	-406.883	-101.678	-128.411	-79.7621	14.4894	-113.068	292.598	-91.4703	-407.029	-106.941	-126.824	-85.4199	3.33319	-26.0957	-610.793	70.168	-20.946	-615.469	3.04658	-26.4345	-618.58	70.7423	-21.2154	-623.243	3.49189	-27.511	-613.573	71.045	-22.4265	-618.268	0.086628	-0.209415	0.973982	0.059022	-0.236133	0.969927	0.086628	0.0498058	0.994995	0.059022	0.0229482	0.997993	0.086628	0.0498058	0.994995	0.059022	0.0229482	0.997993	4.97584	2.85484	3.38457	1.31495	4.97584	2.85484	3.38457	1.31495	176.15	103.033	228.206	91.5096	982.706	574.802	1273.12	510.513	1127.91	542.658	1	0	0
"
 tid_15608_time_14:14:45:757 DPETW@ "GAZE_LOG_CALI: 614.626	400.003	614.036	405.418	892.796	421.571	890.461	427.269	260.337	403.003	260.455	408.401	540.514	424.605	538.843	430.192	
13.5773	-107.732	290.057	-85.8939	-407.195	-101.719	-128.761	-79.9162	14.1678	-113.148	292.393	-91.593	-407.313	-107.116	-127.09	-85.5032	3.25695	-26.1176	-610.805	70.0908	-20.9776	-615.31	2.96936	-26.4567	-618.592	70.6642	-21.2474	-623.084	3.41463	-27.5443	-613.629	70.9846	-22.4483	-618.178	0.0873021	-0.213238	0.973092	0.0633102	-0.237256	0.969382	0.0873021	0.0458824	0.995125	0.0633102	0.0217226	0.997757	0.0873021	0.0458824	0.995125	0.0633102	0.0217226	0.997757	5.01371	2.62979	3.63069	1.24471	5.01371	2.62979	3.63069	1.24471	176.455	100.748	230.612	90.8089	984.405	562.054	1286.54	506.605	1135.47	534.329	1	0	0
"
 tid_15608_time_14:14:45:792 DPETW@ "GAZE_LOG_CALI: 614.634	400.076	613.974	405.455	892.733	421.586	890.428	427.238	260.246	403.066	260.385	408.429	540.387	424.587	538.789	430.19	
13.5156	-107.695	290.025	-85.9247	-407.265	-101.691	-128.815	-79.9187	14.1762	-113.075	292.331	-91.5781	-407.404	-107.054	-127.217	-85.5213	3.24258	-26.109	-610.785	70.079	-20.9804	-615.274	2.95479	-26.448	-618.573	70.6523	-21.2503	-623.048	3.41579	-27.5213	-613.482	70.9582	-22.4452	-618.08	0.0882595	-0.20549	0.974671	0.0597504	-0.233409	0.970541	0.0882595	0.0537752	0.994645	0.0597504	0.025739	0.997881	0.0882595	0.0537752	0.994645	0.0597504	0.025739	0.997881	5.07084	3.08258	3.42663	1.4749	5.07084	3.08258	3.42663	1.4749	177.014	105.316	228.53	93.1401	987.525	587.539	1274.93	519.61	1131.23	553.574	1	0	0
"
 tid_15608_time_14:14:45:814 DPETW@ "GAZE_LOG_CALI: 614.624	400.199	614.058	405.574	892.879	421.725	890.522	427.359	260.241	403.258	260.376	408.57	540.426	424.716	538.845	430.458	
13.5999	-107.576	290.118	-85.8036	-407.274	-101.549	-128.759	-79.6505	14.1661	-112.951	292.477	-91.4391	-407.409	-106.862	-127.178	-85.3923	3.26196	-26.0718	-610.648	70.0952	-20.9314	-615.22	2.97435	-26.4104	-618.435	70.6688	-21.2007	-622.994	3.41376	-27.4834	-613.484	70.9753	-22.4068	-617.921	0.0864153	-0.211018	0.973655	0.0586717	-0.230902	0.971206	0.0864153	0.048173	0.995094	0.0586717	0.0283324	0.997875	0.0864153	0.048173	0.995094	0.0586717	0.0283324	0.997875	4.96319	2.76118	3.36493	1.62354	4.96319	2.76118	3.36493	1.62354	175.939	102.145	227.92	94.7034	981.527	569.848	1271.52	528.332	1126.52	549.09	1	0	0
"
 tid_15608_time_14:14:45:839 DPETW@ "GAZE_LOG_CALI: 610.714	399.889	612.352	405.476	889.3	421.091	888.581	427.14	256.744	402.946	258.88	408.363	536.932	424.186	536.991	429.995	
11.8935	-107.674	288.176	-86.0231	-408.771	-101.756	-130.613	-80.1136	10.2552	-113.261	288.896	-92.0736	-410.908	-107.175	-130.672	-85.9225	2.85416	-26.1218	-610.954	69.6398	-21.0185	-615.34	2.56143	-26.4608	-618.741	70.2075	-21.2889	-623.115	2.47294	-27.5862	-614.092	70.119	-22.5532	-618.035	-0.0184973	-0.235257	0.971757	-0.0169046	-0.241493	0.970255	-0.0184973	0.0242687	0.999534	-0.0169046	0.0178558	0.999698	-0.0184973	0.0242687	0.999534	-0.0169046	0.0178558	0.999698	-1.06019	1.39063	-0.968764	1.02312	-1.06019	1.39063	-0.968764	1.02312	115.224	88.2131	183.69	88.5004	642.813	492.123	1024.77	493.726	833.792	492.925	1	0	0
"
 tid_15608_time_14:14:45:861 DPETW@ "GAZE_LOG_CALI: 609.461	399.7	611.568	405.253	887.534	420.807	887.701	426.701	255.475	402.641	258.046	408.082	535.244	423.951	536.062	429.814	
11.11	-107.897	287.296	-86.4619	-409.605	-102.037	-131.542	-80.2948	9.00241	-113.45	287.129	-92.3574	-412.177	-107.479	-132.361	-86.1573	2.66602	-26.179	-610.872	69.4183	-21.0911	-615.264	2.37081	-26.5188	-618.659	69.9831	-21.3625	-623.039	2.17158	-27.6443	-614.051	69.7021	-22.6203	-618.139	-0.0419656	-0.237063	0.970588	-0.0554664	-0.248268	0.967102	-0.0419656	0.0222217	0.998872	-0.0554664	0.0104962	0.998405	-0.0419656	0.0222217	0.998872	-0.0554664	0.0104962	0.998405	-2.40575	1.27331	-3.1798	0.601396	-2.40575	1.27331	-3.1798	0.601396	101.576	87.0118	161.126	84.1991	566.674	485.421	898.89	469.73	732.782	477.576	1	0	0
"
 tid_15608_time_14:14:45:888 DPETW@ "GAZE_LOG_CALI: 609.406	399.645	611.615	405.284	887.567	420.899	887.852	426.688	255.46	402.716	258.118	408.073	535.219	423.966	536.11	429.84	
11.1563	-107.866	287.447	-86.4749	-409.533	-102.047	-131.494	-80.2686	8.94815	-113.505	287.162	-92.2648	-412.192	-107.404	-132.386	-86.1426	2.67721	-26.1782	-610.912	69.4372	-21.0841	-615.107	2.38217	-26.5179	-618.699	70.0024	-21.3555	-622.882	2.15849	-27.6444	-614.11	69.7003	-22.6042	-618.055	-0.0472884	-0.238157	0.970075	-0.0604902	-0.250007	0.966353	-0.0472884	0.0210316	0.99866	-0.0604902	0.00862238	0.998132	-0.0472885	0.0210316	0.99866	-0.0604902	0.00862238	0.998132	-2.71104	1.20511	-3.46808	0.494032	-2.71104	1.20511	-3.46808	0.494032	98.5291	86.3235	158.236	83.1617	549.674	481.582	882.767	463.943	715.956	472.103	1	0	0
"
 tid_15608_time_14:14:45:913 DPETW@ "GAZE_LOG_CALI: 609.506	399.844	611.707	405.484	887.81	421.169	888.114	427.202	255.46	402.92	258.163	408.331	535.377	424.266	536.312	430.112	
11.249	-107.666	287.709	-85.9608	-409.487	-101.788	-131.292	-79.9968	9.04794	-113.306	287.406	-91.9952	-412.191	-107.2	-132.227	-85.8422	2.699	-26.1201	-610.843	69.4904	-20.9861	-615.02	2.40421	-26.4592	-618.63	70.0564	-21.2562	-622.795	2.18191	-27.5893	-613.964	69.7449	-22.5301	-617.923	-0.0462547	-0.235138	0.970861	-0.061738	-0.252523	0.965619	-0.0462547	0.0241515	0.998638	-0.061738	0.00600167	0.998074	-0.0462547	0.0241515	0.998638	-0.061738	0.00600167	0.998074	-2.65192	1.38391	-3.53964	0.343872	-2.65192	1.38391	-3.53964	0.343872	99.1457	88.1859	157.569	81.7625	553.114	491.971	879.045	456.136	715.885	473.569	1	0	0
"
 tid_15608_time_14:14:45:935 DPETW@ "GAZE_LOG_CALI: 609.595	400.025	611.747	405.593	887.896	421.376	888.206	427.332	255.588	403.01	258.259	408.503	535.47	424.467	536.387	430.26	
11.2883	-107.557	287.801	-85.8307	-409.392	-101.617	-131.217	-79.8484	9.13706	-113.126	287.491	-91.7879	-412.064	-107.11	-132.134	-85.6418	2.70875	-26.0899	-610.927	69.5097	-20.9514	-614.991	2.41413	-26.4285	-618.714	70.076	-21.2211	-622.766	2.20413	-27.5589	-614.016	69.767	-22.481	-617.937	-0.0434165	-0.233704	0.971338	-0.061782	-0.251975	0.96576	-0.0434165	0.0256597	0.998728	-0.061782	0.00656739	0.998068	-0.0434165	0.0256597	0.998728	-0.061782	0.00656739	0.998068	-2.48918	1.47035	-3.54218	0.376286	-2.48918	1.47035	-3.54218	0.376286	100.781	89.0595	157.564	82.1313	562.238	496.845	879.018	458.194	720.628	477.52	1	0	0
"
 tid_15608_time_14:14:45:956 DPETW@ "GAZE_LOG_CALI: 609.659	399.846	611.803	405.465	887.902	421.312	888.277	427.295	255.57	402.921	258.327	408.337	535.54	424.424	536.489	430.226	
11.3446	-107.685	287.872	-85.8677	-409.324	-101.783	-131.115	-79.8823	9.2006	-113.305	287.498	-91.8518	-412.082	-107.199	-132.065	-85.6847	2.72205	-26.1262	-610.949	69.532	-20.9614	-615.034	2.4276	-26.4653	-618.736	70.0985	-21.2312	-622.809	2.2184	-27.5862	-613.902	69.7793	-22.4973	-618.028	-0.0421201	-0.225667	0.973293	-0.0644252	-0.255468	0.964669	-0.0421201	0.0339291	0.998536	-0.0644252	0.00291142	0.997918	-0.0421201	0.0339291	0.998536	-0.0644252	0.00291142	0.997918	-2.41541	1.94437	-3.69386	0.166812	-2.41541	1.94437	-3.69386	0.166812	101.533	93.7637	156.048	79.9939	566.431	523.089	870.561	446.27	718.496	484.679	1	0	0
"
 tid_15608_time_14:14:45:978 DPETW@ "GAZE_LOG_CALI: 609.91	399.613	612.046	405.221	888.126	421.166	888.376	427.161	255.823	402.652	258.627	408.051	535.776	424.233	536.749	430.089	
11.5872	-107.928	287.971	-86.0023	-409.023	-102.068	-130.855	-80.0196	9.45152	-113.538	287.722	-91.9981	-411.829	-107.468	-131.828	-85.8754	2.78091	-26.1934	-611.035	69.5837	-21.0027	-615.283	2.48727	-26.5333	-618.822	70.1507	-21.2729	-623.058	2.27937	-27.6468	-613.901	69.8361	-22.5392	-618.055	-0.0411733	-0.220516	0.974514	-0.0608441	-0.244945	0.967626	-0.0411733	0.0392212	0.998382	-0.0608441	0.0138412	0.998051	-0.0411733	0.0392212	0.998382	-0.0608441	0.0138412	0.998051	-2.36154	2.24778	-3.4886	0.79307	-2.36154	2.24778	-3.4886	0.79307	102.129	96.7167	158.165	86.2212	569.758	539.563	882.37	481.011	726.064	510.287	1	0	0
"
 tid_15608_time_14:14:46:1 DPETW@ "GAZE_LOG_CALI: 610.336	399.582	612.463	405.182	888.41	421.217	888.757	427.252	256.308	402.522	258.959	408.003	536.138	424.347	537.122	430.144	
12.0049	-107.967	288.353	-85.9114	-408.691	-102.116	-130.482	-79.9641	9.8778	-113.569	288.005	-91.9474	-411.344	-107.598	-131.466	-85.7621	2.88092	-26.1983	-610.904	69.6745	-20.9843	-615.265	2.58851	-26.5383	-618.691	70.2426	-21.2542	-623.039	2.38244	-27.6702	-613.993	69.9185	-22.5235	-618.174	-0.042603	-0.234015	0.971299	-0.0643315	-0.251916	0.965608	-0.042603	0.02535	0.99877	-0.0643315	0.00658573	0.997907	-0.042603	0.0253501	0.99877	-0.0643315	0.00658573	0.997907	-2.4425	1.45261	-3.68855	0.377337	-2.4425	1.45261	-3.68855	0.377337	101.425	88.78	156.232	82.0414	565.831	495.286	871.587	457.693	718.709	476.489	1	0	0
"
 tid_15608_time_14:14:46:28 DPETW@ "GAZE_LOG_CALI: 610.758	399.567	612.913	405.16	888.891	421.309	889.229	427.326	256.758	402.586	259.363	408.029	536.591	424.451	537.54	430.291	
12.4552	-107.99	288.824	-85.8373	-408.287	-102.091	-130.064	-79.8171	10.2997	-113.583	288.487	-91.8553	-410.893	-107.534	-131.014	-85.6579	2.98862	-26.1949	-610.837	69.7799	-20.9551	-615.196	2.69757	-26.535	-618.624	70.3494	-21.2247	-622.971	2.4839	-27.6665	-614.043	70.0308	-22.498	-618.131	-0.0452381	-0.239565	0.969826	-0.0635556	-0.253934	0.965131	-0.0452381	0.0196077	0.998784	-0.0635556	0.00451243	0.997968	-0.0452381	0.0196077	0.998784	-0.0635556	0.00451243	0.997968	-2.59334	1.12351	-3.64396	0.258544	-2.59334	1.12351	-3.64396	0.258544	100.027	85.5072	156.794	80.8861	558.029	477.028	874.724	451.247	715.628	462.244	1	0	0
"
 tid_15608_time_14:14:46:50 DPETW@ "GAZE_LOG_CALI: 610.575	399.735	613.328	405.349	888.472	421.528	889.381	427.395	256.629	402.752	259.842	408.094	536.187	424.61	537.749	430.405	
12.8694	-107.801	288.977	-85.7678	-407.808	-102.026	-129.856	-79.704	10.1166	-113.415	288.067	-91.6365	-411.023	-107.368	-131.417	-85.4984	3.08805	-26.1688	-610.943	69.8261	-20.9355	-615.273	2.79834	-26.5085	-618.73	70.3962	-21.2049	-623.047	2.44001	-27.6296	-614.122	69.9311	-22.4526	-618.147	-0.0753369	-0.235709	0.968899	-0.0915976	-0.245709	0.965006	-0.0753369	0.023092	0.996891	-0.0915976	0.0124251	0.995719	-0.075337	0.023092	0.996891	-0.0915976	0.0124251	0.995719	-4.32174	1.32319	-5.25593	0.711925	-4.32174	1.32319	-5.25593	0.711925	82.7844	87.5301	140.47	85.4862	461.838	488.313	783.656	476.91	619.71	477.233	1	0	0
"
 tid_15608_time_14:14:46:91 DPETW@ "GAZE_LOG_CALI: 611.106	399.481	613.925	405.016	889.17	421.348	890.104	427.321	257.33	402.483	260.593	407.932	536.951	424.478	538.448	430.226	
13.467	-108.134	289.7	-85.8422	-407.057	-102.187	-129.156	-79.8824	10.648	-113.669	288.766	-91.8161	-410.321	-107.637	-130.653	-85.6308	3.23305	-26.2378	-611.168	69.9977	-20.9652	-615.248	2.94533	-26.5782	-618.955	70.57	-21.2349	-623.023	2.5696	-27.7041	-614.374	70.1125	-22.4943	-618.254	-0.079397	-0.237907	0.968037	-0.0923489	-0.254232	0.962724	-0.079397	0.0207455	0.996627	-0.0923489	0.00360237	0.99572	-0.079397	0.0207455	0.996627	-0.0923489	0.00360237	0.99572	-4.55489	1.18872	-5.29879	0.206401	-4.55489	1.18872	-5.29879	0.206401	80.5714	86.064	140.211	80.3405	449.492	480.134	782.208	448.204	611.077	455.629	1	0	0
"
 tid_15608_time_14:14:46:112 DPETW@ "GAZE_LOG_CALI: 611.775	399.402	614.532	405.045	889.803	421.438	890.663	427.385	257.972	402.429	261.175	407.933	537.629	424.57	539.155	430.404	
14.0734	-108.105	290.259	-85.7777	-406.475	-102.186	-128.449	-79.7049	11.317	-113.749	289.399	-91.7267	-409.679	-107.691	-129.975	-85.5383	3.37798	-26.233	-611.142	70.1588	-20.9436	-615.48	3.09212	-26.5733	-618.929	70.7329	-21.213	-623.254	2.73112	-27.7182	-614.333	70.2746	-22.4748	-618.331	-0.075998	-0.241022	0.967539	-0.0898122	-0.247274	0.964774	-0.075998	0.0176083	0.996952	-0.0898122	0.0108533	0.9959	-0.075998	0.0176083	0.996953	-0.0898122	0.0108533	0.9959	-4.35925	1.00893	-5.15311	0.621861	-4.35925	1.00893	-5.15311	0.621861	82.6878	84.2686	141.835	84.5131	461.299	470.118	791.271	471.482	622.563	464.005	1	0	0
"
 tid_15608_time_14:14:46:139 DPETW@ "GAZE_LOG_CALI: 611.893	399.972	614.67	405.436	889.869	421.888	890.737	427.609	258.201	402.937	261.433	408.266	537.727	424.989	539.302	430.767	
14.2121	-107.714	290.333	-85.5539	-406.217	-101.853	-128.302	-79.342	11.4352	-113.178	289.466	-91.276	-409.45	-107.183	-129.878	-85.1199	3.41251	-26.1533	-611.317	70.1892	-20.8762	-615.59	3.12718	-26.4926	-619.105	70.7636	-21.1446	-623.365	2.76026	-27.5953	-614.501	70.2959	-22.3706	-618.374	-0.07727	-0.232228	0.969587	-0.0906296	-0.237569	0.967133	-0.07727	0.0266326	0.996654	-0.0906296	0.0208381	0.995667	-0.07727	0.0266326	0.996654	-0.0906296	0.0208381	0.995667	-4.43324	1.52612	-5.20096	1.19402	-4.43324	1.52612	-5.20096	1.19402	81.9641	89.4958	141.368	90.3546	457.261	499.279	788.662	504.07	621.33	498.874	1	0	0
"
 tid_15608_time_14:14:46:160 DPETW@ "GAZE_LOG_CALI: 611.912	400.122	614.667	405.694	889.821	422.146	890.622	428.138	258.214	403.119	261.44	408.593	537.766	425.228	539.268	431.07	
14.2086	-107.456	290.218	-85.0245	-406.21	-101.526	-128.336	-79.038	11.454	-113.028	289.417	-91.0178	-409.437	-107.001	-129.838	-84.8807	3.41198	-26.0834	-611.329	70.1752	-20.7792	-615.707	3.12665	-26.4218	-619.116	70.7493	-21.0464	-623.482	2.76455	-27.5548	-614.495	70.2993	-22.315	-618.512	-0.0758801	-0.237437	0.968435	-0.0874062	-0.246396	0.96522	-0.0758801	0.0213027	0.996889	-0.0874062	0.0118171	0.996103	-0.0758801	0.0213027	0.996889	-0.0874062	0.0118171	0.996103	-4.35278	1.22065	-5.01475	0.677086	-4.35278	1.22065	-5.01475	0.677086	82.7706	86.4947	143.236	85.1767	461.761	482.537	799.087	475.184	627.494	473.516	1	0	0
"
 tid_15608_time_14:14:46:183 DPETW@ "GAZE_LOG_CALI: 611.898	400.048	614.651	405.474	889.807	422.011	890.554	427.923	258.224	403.051	261.422	408.325	537.757	425.136	539.269	430.952	
14.1923	-107.676	290.15	-85.2399	-406.228	-101.794	-128.336	-79.156	11.4401	-113.102	289.403	-91.1533	-409.427	-107.069	-129.847	-84.9723	3.40784	-26.1422	-611.33	70.1706	-20.8231	-615.812	3.12246	-26.4813	-619.117	70.7445	-21.0908	-623.586	2.76116	-27.5738	-614.534	70.2966	-22.3428	-618.516	-0.0764522	-0.231189	0.9699	-0.0854473	-0.238852	0.967289	-0.0764522	0.0277171	0.996688	-0.0854473	0.0196398	0.996149	-0.0764522	0.0277171	0.996688	-0.0854473	0.0196398	0.996149	-4.38636	1.58828	-4.9027	1.12535	-4.38636	1.58828	-4.9027	1.12535	82.4298	90.1268	144.364	89.652	459.859	502.8	805.378	500.151	631.413	499.344	1	0	0
"
 tid_15608_time_14:14:46:205 DPETW@ "GAZE_LOG_CALI: 611.989	399.696	614.791	405.194	889.854	421.714	890.766	427.531	258.355	402.673	261.604	407.996	537.843	424.823	539.425	430.667	
14.3327	-107.956	290.362	-85.6318	-406.045	-102.123	-128.179	-79.4413	11.5305	-113.455	289.451	-91.4505	-409.296	-107.447	-129.762	-85.286	3.44186	-26.2182	-611.395	70.2125	-20.9025	-615.733	3.15695	-26.5583	-619.182	70.787	-21.1712	-623.507	2.78349	-27.6647	-614.592	70.3147	-22.4191	-618.569	-0.0788392	-0.233572	0.969138	-0.0923337	-0.243937	0.965385	-0.0788392	0.025218	0.996568	-0.0923337	0.0142348	0.995626	-0.0788392	0.025218	0.996568	-0.0923337	0.0142348	0.995626	-4.52329	1.44504	-5.29842	0.815622	-4.52329	1.44504	-5.29842	0.815622	81.0832	88.6017	140.387	86.4577	452.347	494.291	783.19	482.33	614.899	483.35	1	0	0
"
 tid_15608_time_14:14:46:227 DPETW@ "GAZE_LOG_CALI: 612.23	399.618	614.996	405.023	890.07	421.653	891.094	427.487	258.606	402.52	261.88	407.92	538.083	424.767	539.667	430.568	
14.5375	-108.127	290.691	-85.6761	-405.77	-102.199	-127.937	-79.5406	11.772	-113.532	289.667	-91.511	-409.045	-107.6	-129.521	-85.342	3.4919	-26.2523	-611.498	70.2773	-20.9154	-615.602	3.20768	-26.5927	-619.285	70.8528	-21.1844	-623.377	2.84225	-27.6931	-614.603	70.3718	-22.4348	-618.613	-0.075769	-0.228155	0.970672	-0.0972044	-0.252693	0.962651	-0.075769	0.0308478	0.996648	-0.0972044	0.00506969	0.995252	-0.075769	0.0308478	0.996648	-0.0972044	0.00506969	0.995251	-4.34748	1.76773	-5.57828	0.290473	-4.34748	1.76773	-5.57828	0.290473	82.8959	91.7804	137.613	81.1529	462.46	512.025	767.717	452.736	611.638	476.403	1	0	0
"
 tid_15608_time_14:14:46:248 DPETW@ "GAZE_LOG_CALI: 612.669	399.543	615.465	405.035	890.494	421.711	891.449	427.528	259.11	402.495	262.232	407.94	538.537	424.752	540.142	430.641	
15.0065	-108.115	291.045	-85.6347	-405.417	-102.179	-127.462	-79.4672	12.2108	-113.607	290.091	-91.4536	-408.54	-107.625	-129.067	-85.3565	3.60355	-26.241	-611.326	70.384	-20.9076	-615.786	3.3207	-26.5813	-619.114	70.9607	-21.1764	-623.56	2.94847	-27.7096	-614.705	70.48	-22.4309	-618.653	-0.0815248	-0.247116	0.96555	-0.0944894	-0.246582	0.964504	-0.0815248	0.011207	0.996608	-0.0944894	0.0114517	0.99546	-0.0815248	0.011207	0.996608	-0.0944894	0.0114517	0.99546	-4.67651	0.642125	-5.42229	0.656149	-4.67651	0.642125	-5.42229	0.656149	79.7105	80.5395	139.294	84.8233	444.689	449.314	777.092	473.212	605.616	451.915	1	0	0
"
 tid_15608_time_14:14:46:270 DPETW@ "GAZE_LOG_CALI: 613.236	399.334	615.981	404.873	891.086	421.618	892.077	427.471	259.677	402.354	262.928	407.806	539.065	424.753	540.699	430.568	
15.5224	-108.277	291.674	-85.692	-404.721	-102.313	-126.905	-79.5401	12.7773	-113.817	290.683	-91.5468	-407.974	-107.766	-128.539	-85.3558	3.72829	-26.2885	-611.609	70.5242	-20.9199	-615.685	3.44718	-26.6294	-619.396	71.1028	-21.1888	-623.459	3.08511	-27.7521	-614.71	70.6132	-22.4387	-618.559	-0.07492	-0.232309	0.969752	-0.0963742	-0.246039	0.964457	-0.07492	0.0265969	0.996835	-0.0963742	0.0119642	0.995273	-0.07492	0.0265969	0.996835	-0.0963742	0.0119642	0.995273	-4.29815	1.52407	-5.53082	0.685515	-4.29815	1.52407	-5.53082	0.685515	83.6244	89.2714	138.339	85.1355	466.524	498.027	771.768	474.954	616.213	481.383	1	0	0
"
 tid_15608_time_14:14:46:293 DPETW@ "GAZE_LOG_CALI: 613.616	399.121	616.388	404.572	891.433	421.463	892.334	427.278	260.021	402.105	263.249	407.519	539.51	424.554	541.11	430.353	
15.9298	-108.578	291.931	-85.8847	-404.4	-102.6	-126.494	-79.7551	13.1576	-114.03	291.03	-91.701	-407.629	-108.015	-128.094	-85.5548	3.82596	-26.3535	-611.474	70.6132	-20.9771	-615.917	3.54606	-26.6953	-619.261	71.1927	-21.2466	-623.691	3.17657	-27.8058	-614.66	70.7148	-22.4872	-618.712	-0.0778281	-0.233911	0.969138	-0.0927502	-0.240739	0.966148	-0.0778281	0.024891	0.996656	-0.0927502	0.0175215	0.995535	-0.0778281	0.024891	0.996656	-0.0927502	0.0175215	0.995535	-4.46512	1.4263	-5.32267	1.00396	-4.46512	1.4263	-5.32267	1.00396	82.0544	88.2606	140.531	88.2512	457.765	492.388	783.993	492.336	618.466	488.18	1	0	0
"
 tid_15608_time_14:14:46:315 DPETW@ "GAZE_LOG_CALI: 613.814	398.866	616.535	404.382	891.665	421.209	892.445	427.16	260.326	401.902	263.595	407.139	539.765	424.344	541.286	430.154	
16.0765	-108.768	292.043	-86.0028	-404.054	-102.98	-126.318	-79.9546	13.3556	-114.285	291.263	-91.9556	-407.324	-108.218	-127.839	-85.7645	3.86274	-26.4353	-611.779	70.6515	-21.0188	-616.013	3.58345	-26.7779	-619.567	71.2314	-21.2889	-623.787	3.22508	-27.8684	-614.823	70.7754	-22.545	-618.749	-0.0734282	-0.223447	0.971946	-0.0874837	-0.240983	0.966578	-0.0734282	0.0357252	0.99666	-0.0874837	0.0173975	0.996014	-0.0734282	0.0357252	0.99666	-0.0874837	0.0173975	0.996014	-4.21361	2.04734	-5.01962	0.996856	-4.21361	2.04734	-5.01962	0.996856	84.6018	94.3412	143.648	88.1099	471.977	526.31	801.386	491.548	636.177	508.038	1	0	0
"
 tid_15608_time_14:14:46:337 DPETW@ "GAZE_LOG_CALI: 613.922	398.894	616.661	404.409	891.728	421.304	892.505	427.224	260.449	401.926	263.729	407.213	539.88	424.455	541.409	430.236	
16.2032	-108.741	292.102	-85.9393	-403.92	-102.907	-126.195	-79.8723	13.464	-114.256	291.326	-91.86	-407.202	-108.194	-127.724	-85.6535	3.89398	-26.4231	-611.782	70.6769	-21.0043	-616.106	3.6151	-26.7656	-619.569	71.257	-21.2741	-623.88	3.25134	-27.863	-614.845	70.8	-22.5229	-618.834	-0.0747921	-0.225642	0.971335	-0.0875894	-0.239337	0.966978	-0.0747921	0.0334467	0.996638	-0.0875894	0.0190906	0.995974	-0.0747921	0.0334467	0.996638	-0.0875894	0.0190906	0.995974	-4.29168	1.91671	-5.02586	1.09388	-4.29168	1.91671	-5.02586	1.09388	83.8475	93.0423	143.602	89.0864	467.768	519.064	801.129	496.995	633.787	506.867	1	0	0
"
 tid_15608_time_14:14:46:358 DPETW@ "GAZE_LOG_CALI: 613.851	399.117	616.604	404.722	891.609	421.649	892.534	427.5	260.401	402.207	263.63	407.604	539.786	424.745	541.324	430.606	
16.1462	-108.428	292.131	-85.6635	-404.019	-102.515	-126.28	-79.5023	13.3929	-114.034	291.206	-91.5155	-407.25	-107.913	-127.818	-85.3631	3.87994	-26.3355	-611.716	70.6644	-20.9205	-615.946	3.60084	-26.6769	-619.504	71.2446	-21.1894	-623.719	3.23461	-27.8034	-614.875	70.7752	-22.4469	-618.871	-0.0766505	-0.235771	0.968781	-0.0932866	-0.249956	0.963753	-0.0766505	0.0230021	0.996793	-0.0932866	0.00799879	0.995607	-0.0766505	0.0230021	0.996793	-0.0932866	0.00799879	0.995607	-4.39723	1.31804	-5.35288	0.458302	-4.39723	1.31804	-5.35288	0.458302	82.774	87.1332	140.271	82.7629	461.78	486.099	782.542	461.717	618.454	467.258	1	0	0
"
 tid_15608_time_14:14:46:380 DPETW@ "GAZE_LOG_CALI: 613.589	399.361	616.426	404.922	891.424	421.961	892.357	427.807	260.12	402.387	263.291	407.825	539.532	425.07	541.08	430.856	
15.9675	-108.228	291.954	-85.3559	-404.358	-102.294	-126.524	-79.2528	13.1311	-113.789	291.022	-91.2037	-407.53	-107.733	-128.072	-85.0384	3.83501	-26.2748	-611.48	70.6096	-20.8494	-615.837	3.55522	-26.6155	-619.268	71.1891	-21.1174	-623.61	3.17107	-27.7509	-614.848	70.7179	-22.3654	-618.758	-0.0838905	-0.247948	0.965134	-0.0936346	-0.247985	0.964228	-0.0838905	0.0102953	0.996422	-0.0936346	0.0100253	0.995556	-0.0838905	0.0102953	0.996422	-0.0936346	0.0100253	0.995556	-4.81248	0.58989	-5.37301	0.574418	-4.81248	0.58989	-5.37301	0.574418	78.5641	79.9451	140.018	84.0382	438.293	445.997	781.134	468.832	604.078	447.397	1	0	0
"
 tid_15608_time_14:14:46:403 DPETW@ "GAZE_LOG_CALI: 613.322	399.283	616.084	404.867	891.193	421.943	892.216	427.718	259.779	402.344	263.022	407.811	539.301	425.083	540.853	430.92	
15.6257	-108.283	291.813	-85.4453	-404.627	-102.309	-126.751	-79.1883	12.8638	-113.868	290.79	-91.2216	-407.871	-107.776	-128.303	-85.0253	3.75372	-26.2878	-611.586	70.5604	-20.848	-615.707	3.47293	-26.6286	-619.374	71.1395	-21.1161	-623.48	3.10603	-27.7607	-614.735	70.6615	-22.366	-618.759	-0.0766169	-0.236404	0.96863	-0.097383	-0.254694	0.962106	-0.0766169	0.0223511	0.99681	-0.097383	0.00299615	0.995242	-0.0766169	0.0223511	0.99681	-0.097383	0.00299615	0.995242	-4.39523	1.28073	-5.58852	0.171667	-4.39523	1.28073	-5.58852	0.171667	82.6749	86.8362	137.784	79.9871	461.227	484.442	768.669	446.232	610.213	456.902	1	0	0
"
 tid_15608_time_14:14:46:425 DPETW@ "GAZE_LOG_CALI: 613.17	399.134	615.938	404.723	890.988	421.849	891.855	427.56	259.595	402.192	262.895	407.629	539.025	424.925	540.656	430.78	
15.4793	-108.427	291.451	-85.603	-404.754	-102.49	-126.948	-79.3289	12.7116	-114.016	290.585	-91.3153	-408.055	-107.928	-128.579	-85.1838	3.71857	-26.3283	-611.617	70.5013	-20.8927	-615.957	3.43734	-26.6696	-619.405	71.0794	-21.1611	-623.731	3.06891	-27.7949	-614.689	70.5993	-22.3928	-618.648	-0.0757739	-0.23142	0.969898	-0.0914036	-0.234516	0.967806	-0.0757739	0.0274933	0.996746	-0.0914036	0.0239612	0.995526	-0.0757739	0.0274933	0.996746	-0.0914036	0.0239612	0.995526	-4.34734	1.57545	-5.24587	1.37301	-4.34734	1.57545	-5.24587	1.37301	83.1198	89.7472	141.194	92.0688	463.709	500.681	787.694	513.633	624.594	505.259	1	0	0
"
 tid_15608_time_14:14:46:447 DPETW@ "GAZE_LOG_CALI: 613.169	399.07	615.912	404.652	890.949	421.804	891.862	427.513	259.57	402.081	262.869	407.546	538.997	424.922	540.658	430.72	
15.4536	-108.498	291.459	-85.6504	-404.78	-102.573	-126.946	-79.3888	12.7109	-114.081	290.546	-91.3603	-408.08	-108.039	-128.607	-85.1869	3.71256	-26.3467	-611.614	70.5021	-20.9052	-615.945	3.43125	-26.6883	-619.401	71.0802	-21.1739	-623.719	3.06889	-27.8144	-614.649	70.5918	-22.3994	-618.668	-0.0739931	-0.229943	0.970387	-0.0935456	-0.234742	0.967546	-0.0739931	0.0290467	0.996836	-0.0935456	0.0236757	0.995333	-0.0739931	0.0290467	0.996836	-0.0935455	0.0236757	0.995333	-4.24517	1.66449	-5.36912	1.35665	-4.24517	1.66449	-5.36912	1.35665	84.1422	90.6216	139.94	91.8959	469.413	505.56	780.7	512.669	624.061	507.417	1	0	0
"
 tid_15608_time_14:14:46:468 DPETW@ "GAZE_LOG_CALI: 613.264	399.05	616.073	404.586	891.059	421.769	892.054	427.527	259.662	402.098	262.919	407.49	539.101	424.871	540.732	430.675	
15.6149	-108.564	291.651	-85.636	-404.73	-102.629	-126.872	-79.4337	12.8053	-114.101	290.656	-91.3953	-407.988	-108.022	-128.503	-85.2372	3.74993	-26.3545	-611.453	70.5283	-20.903	-615.768	3.46903	-26.6962	-619.24	71.1068	-21.1717	-623.542	3.09142	-27.8146	-614.649	70.6175	-22.4093	-618.655	-0.0796506	-0.235913	0.968505	-0.0966267	-0.244364	0.964857	-0.0796506	0.0227934	0.996562	-0.0966267	0.0136861	0.995227	-0.0796506	0.0227934	0.996562	-0.0966267	0.0136861	0.995227	-4.56967	1.30608	-5.54548	0.78418	-4.56967	1.30608	-5.54548	0.78418	80.9268	87.0597	138.186	86.133	451.474	485.689	770.911	480.519	607.588	476.935	1	0	0
"
 tid_15608_time_14:14:46:491 DPETW@ "GAZE_LOG_CALI: 613.429	399.01	616.261	404.448	891.21	421.713	892.214	427.467	259.844	402.038	263.05	407.327	539.315	424.782	540.941	430.515	
15.8026	-108.701	291.811	-85.6964	-404.599	-102.792	-126.663	-79.5938	12.9709	-114.141	290.807	-91.4516	-407.807	-108.082	-128.29	-85.3262	3.7942	-26.3872	-611.373	70.5755	-20.9321	-615.838	3.51384	-26.7294	-619.161	71.1546	-21.2011	-623.612	3.13151	-27.8279	-614.673	70.6652	-22.4305	-618.753	-0.082476	-0.236967	0.968011	-0.0971832	-0.244134	0.96486	-0.082476	0.0216475	0.996358	-0.0971832	0.013909	0.995169	-0.082476	0.0216475	0.996358	-0.0971832	0.013909	0.995169	-4.73201	1.24041	-5.57753	0.796955	-4.73201	1.24041	-5.57753	0.796955	79.3442	86.3901	137.901	86.2174	442.645	481.953	769.322	480.99	601.967	474.68	1	0	0
"
 tid_15608_time_14:14:46:513 DPETW@ "GAZE_LOG_CALI: 613.477	398.844	616.272	404.354	891.272	421.517	892.295	427.32	259.942	401.834	263.087	407.123	539.386	424.553	541.009	430.372	
15.8137	-108.796	291.892	-85.8428	-404.562	-102.996	-126.595	-79.7369	13.019	-114.306	290.869	-91.6476	-407.708	-108.286	-128.218	-85.5552	3.79739	-26.4247	-611.411	70.5933	-20.9668	-615.829	3.51708	-26.7674	-619.198	71.1726	-21.2363	-623.602	3.14353	-27.876	-614.75	70.6818	-22.4825	-618.761	-0.0812159	-0.241019	0.967116	-0.0977192	-0.248105	0.963792	-0.0812159	0.0175013	0.996543	-0.0977192	0.00979623	0.995166	-0.0812159	0.0175013	0.996543	-0.0977192	0.00979623	0.995166	-4.65917	1.0028	-5.60812	0.561292	-4.65917	1.0028	-5.60812	0.561292	80.0786	83.9579	137.609	83.794	446.743	468.384	767.692	467.47	602.238	459.288	1	0	0
"
 tid_15608_time_14:14:46:534 DPETW@ "GAZE_LOG_CALI: 613.375	398.727	616.159	404.265	891.227	421.267	892.25	427.232	259.852	401.772	263.046	407.035	539.325	424.432	540.928	430.143	
15.7004	-108.885	291.847	-85.9316	-404.603	-103.085	-126.676	-79.9653	12.9168	-114.424	290.824	-91.8979	-407.798	-108.348	-128.279	-85.6762	3.77116	-26.4505	-611.513	70.576	-21.0034	-615.771	3.49057	-26.7934	-619.3	71.1552	-21.2733	-623.545	3.11916	-27.8983	-614.764	70.668	-22.5269	-618.738	-0.0792949	-0.235884	0.968541	-0.0976034	-0.251128	0.963021	-0.0792949	0.0228299	0.99659	-0.0976034	0.00667733	0.995203	-0.0792949	0.0228299	0.99659	-0.0976034	0.00667733	0.995203	-4.54923	1.30817	-5.60131	0.382586	-4.54923	1.30817	-5.60131	0.382586	81.1515	86.9717	137.667	81.9589	452.728	485.198	768.018	457.232	605.825	463.295	1	0	0
"
 tid_15608_time_14:14:46:556 DPETW@ "GAZE_LOG_CALI: 613.166	398.841	615.946	404.352	891.041	421.327	892.042	427.338	259.608	401.896	262.86	407.104	539.15	424.512	540.723	430.232	
15.4879	-108.797	291.639	-85.8253	-404.789	-103.015	-126.881	-79.8769	12.7076	-114.309	290.638	-91.8375	-408.042	-108.224	-128.454	-85.5969	3.72072	-26.433	-611.547	70.526	-20.9798	-615.77	3.43949	-26.7758	-619.334	71.1046	-21.2495	-623.544	3.06805	-27.8674	-614.715	70.6249	-22.5107	-618.762	-0.0780246	-0.2293	0.970224	-0.0965327	-0.253832	0.962419	-0.0780246	0.0296258	0.996511	-0.0965327	0.00390993	0.995322	-0.0780246	0.0296258	0.996511	-0.0965327	0.00390993	0.995322	-4.477	1.69768	-5.53959	0.224023	-4.477	1.69768	-5.53959	0.224023	81.8245	90.8905	138.245	80.373	456.482	507.06	771.243	448.385	609.998	470.998	1	0	0
"
 tid_15608_time_14:14:46:578 DPETW@ "GAZE_LOG_CALI: 612.849	399.018	615.646	404.482	890.787	421.402	891.651	427.402	259.388	402.012	262.606	407.378	538.827	424.597	540.365	430.41	
15.1879	-108.668	291.248	-85.7615	-405.043	-102.742	-127.239	-79.699	12.3906	-114.132	290.384	-91.7619	-408.262	-108.108	-128.777	-85.5121	3.64843	-26.3878	-611.621	70.4368	-20.9522	-615.82	3.3663	-26.7299	-619.409	71.0142	-21.2215	-623.594	2.9923	-27.8384	-614.858	70.5511	-22.4875	-618.657	-0.0795923	-0.235889	0.968515	-0.0904809	-0.247351	0.964692	-0.0795923	0.0228192	0.996566	-0.0904809	0.0107575	0.99584	-0.0795922	0.0228192	0.996566	-0.0904809	0.0107575	0.99584	-4.56632	1.30756	-5.19157	0.616371	-4.56632	1.30756	-5.19157	0.616371	80.8455	87.002	141.696	84.3651	451.021	485.367	790.491	470.656	617.279	471.841	1	0	0
"
 tid_15608_time_14:14:46:600 DPETW@ "GAZE_LOG_CALI: 612.399	399.087	615.228	404.664	890.282	421.622	891.241	427.419	258.917	402.153	262.045	407.615	538.417	424.639	540.01	430.467	
14.7698	-108.485	290.837	-85.7439	-405.604	-102.504	-127.594	-79.6416	11.9408	-114.063	289.878	-91.5417	-408.734	-107.967	-129.188	-85.4697	3.54653	-26.3282	-611.408	70.3467	-20.9458	-615.899	3.26298	-26.6696	-619.195	70.9229	-21.215	-623.673	2.8835	-27.8114	-614.822	70.4442	-22.4606	-618.794	-0.0836699	-0.251748	0.964169	-0.0946148	-0.246202	0.964589	-0.0836699	0.00637512	0.996473	-0.0946148	0.0118411	0.995444	-0.0836699	0.00637512	0.996473	-0.0946148	0.0118411	0.995444	-4.79964	0.36527	-5.42953	0.678463	-4.79964	0.36527	-5.42953	0.678463	78.4083	77.6561	139.173	84.9843	437.424	433.228	776.416	474.11	600.83	442.865	1	0	0
"
 tid_15608_time_14:14:46:622 DPETW@ "GAZE_LOG_CALI: 612.109	399.133	614.858	404.685	889.981	421.558	890.955	427.484	258.611	402.163	261.889	407.602	538.061	424.664	539.668	430.473	
14.3996	-108.465	290.551	-85.6789	-405.76	-102.517	-127.936	-79.6354	11.6503	-114.017	289.577	-91.6063	-409.04	-107.957	-129.544	-85.4446	3.45982	-26.3407	-611.721	70.2678	-20.9345	-615.818	3.1753	-26.6822	-619.508	70.843	-21.2036	-623.592	2.81324	-27.8037	-614.798	70.3614	-22.4624	-618.711	-0.0745677	-0.230985	0.970096	-0.0951143	-0.248587	0.963928	-0.0745677	0.0279648	0.996824	-0.0951143	0.00936607	0.995422	-0.0745677	0.0279648	0.996824	-0.0951143	0.00936607	0.995422	-4.27806	1.60247	-5.45814	0.536644	-4.27806	1.60247	-5.45814	0.536644	83.5475	89.9808	138.808	83.5767	466.095	501.985	774.385	466.257	617.187	478.768	1	0	0
"
 tid_15608_time_14:14:46:643 DPETW@ "GAZE_LOG_CALI: 611.836	399.062	614.609	404.651	889.746	421.531	890.615	427.457	258.379	402.184	261.638	407.566	537.828	424.67	539.405	430.472	
14.1506	-108.499	290.211	-85.7059	-406.012	-102.553	-128.199	-79.6362	11.3777	-114.088	289.342	-91.6331	-409.272	-107.936	-129.777	-85.4389	3.39987	-26.349	-611.717	70.1988	-20.9419	-615.935	3.11457	-26.6905	-619.505	70.773	-21.211	-623.709	2.74757	-27.8124	-614.857	70.3043	-22.465	-618.71	-0.0765428	-0.233986	0.969222	-0.0905563	-0.242304	0.965965	-0.0765428	0.0248402	0.996757	-0.0905563	0.0159625	0.995763	-0.0765428	0.0248402	0.996757	-0.0905563	0.0159625	0.995763	-4.39123	1.42339	-5.19627	0.914624	-4.39123	1.42339	-5.19627	0.914624	82.3483	88.1775	141.396	87.3728	459.405	491.924	788.821	487.435	621.662	485.372	1	0	0
"
 tid_15608_time_14:14:46:665 DPETW@ "GAZE_LOG_CALI: 611.842	399.026	614.565	404.601	889.714	421.527	890.577	427.468	258.362	402.152	261.633	407.545	537.763	424.673	539.387	430.493	
14.1067	-108.548	290.173	-85.6952	-406.017	-102.574	-128.217	-79.6157	11.3841	-114.125	289.31	-91.6373	-409.289	-107.968	-129.842	-85.4358	3.38918	-26.3603	-611.782	70.193	-20.9391	-615.964	3.10378	-26.7019	-619.569	70.7671	-21.2082	-623.739	2.74915	-27.8191	-614.821	70.2908	-22.4633	-618.659	-0.0725141	-0.228427	0.970857	-0.0906327	-0.238863	0.966814	-0.0725141	0.0306331	0.996897	-0.0906327	0.0195056	0.995693	-0.0725141	0.0306331	0.996897	-0.0906327	0.0195056	0.995693	-4.16036	1.75542	-5.201	1.11766	-4.16036	1.75542	-5.201	1.11766	84.6563	91.4811	141.339	89.4286	472.28	510.355	788.504	498.905	629.313	502.746	1	0	0
"
 tid_15608_time_14:14:46:687 DPETW@ "GAZE_LOG_CALI: 612.007	398.992	614.768	404.511	889.778	421.566	890.702	427.446	258.571	402.098	261.805	407.387	537.92	424.655	539.541	430.437	
14.3097	-108.639	290.299	-85.7174	-405.844	-102.732	-128.064	-79.6718	11.5489	-114.159	289.374	-91.5986	-409.08	-108.022	-129.684	-85.4536	3.43833	-26.3879	-611.73	70.2283	-20.9501	-616.008	3.15354	-26.73	-619.517	70.8028	-21.2193	-623.782	2.78902	-27.8328	-614.891	70.3227	-22.4661	-618.807	-0.0764268	-0.231235	0.969891	-0.0931996	-0.242018	0.965785	-0.0764268	0.0276707	0.996691	-0.0931996	0.0161919	0.995516	-0.0764268	0.0276707	0.996691	-0.0931996	0.0161919	0.995516	-4.38489	1.58562	-5.34841	0.927766	-4.38489	1.58562	-5.34841	0.927766	82.451	89.7653	139.87	87.4826	459.977	500.783	780.305	488.048	617.842	490.454	1	0	0
"
 tid_15608_time_14:14:46:709 DPETW@ "GAZE_LOG_CALI: 612.361	398.826	615.144	404.327	890.124	421.361	891.181	427.329	258.923	401.823	262.078	407.103	538.332	424.466	539.989	430.277	
14.6858	-108.823	290.778	-85.8345	-405.572	-103.016	-127.615	-79.8318	11.9031	-114.325	289.721	-91.8028	-408.728	-108.297	-129.272	-85.643	3.52762	-26.4378	-611.58	70.3394	-20.9821	-615.965	3.24392	-26.7806	-619.367	70.9153	-21.2518	-623.739	2.87495	-27.8859	-614.885	70.4184	-22.5174	-618.904	-0.079663	-0.238643	0.967834	-0.0989246	-0.251969	0.962666	-0.079663	0.0199825	0.996622	-0.0989246	0.00577268	0.995078	-0.079663	0.0199825	0.996622	-0.0989246	0.00577268	0.995078	-4.57011	1.14499	-5.67734	0.330752	-4.57011	1.14499	-5.67734	0.330752	80.6892	85.3304	136.633	81.405	450.149	476.041	762.247	454.142	600.942	455.956	1	0	0
"
 tid_15608_time_14:14:46:731 DPETW@ "GAZE_LOG_CALI: 612.696	398.693	615.391	404.182	890.438	421.186	891.357	427.094	259.281	401.644	262.485	406.984	538.682	424.314	540.233	430.075	
14.9331	-108.968	290.954	-86.0695	-405.164	-103.136	-127.371	-80.0333	12.2375	-114.457	290.035	-91.9779	-408.369	-108.476	-128.922	-85.7951	3.58904	-26.4796	-611.813	70.3937	-21.0383	-616.061	3.30624	-26.8228	-619.6	70.9702	-21.3086	-623.835	2.95565	-27.9254	-614.927	70.5013	-22.5594	-618.963	-0.0728123	-0.228994	0.970701	-0.0928194	-0.247565	0.964415	-0.0728123	0.0300442	0.996893	-0.0928194	0.0104792	0.995628	-0.0728123	0.0300442	0.996893	-0.0928194	0.0104792	0.995628	-4.17742	1.72166	-5.32612	0.600426	-4.17742	1.72166	-5.32612	0.600426	84.6871	91.0175	140.262	84.0604	472.453	507.769	782.491	468.956	625.087	484.12	1	0	0
"
 tid_15608_time_14:14:46:753 DPETW@ "GAZE_LOG_CALI: 612.793	398.516	615.579	404.09	890.577	421.084	891.419	427.009	259.492	401.659	262.743	406.958	538.808	424.239	540.365	430.012	
15.1209	-109.06	291.015	-86.1541	-404.906	-103.161	-127.239	-80.0965	12.3352	-114.635	290.173	-92.0804	-408.158	-108.461	-128.796	-85.8693	3.63416	-26.4986	-611.928	70.4209	-21.0599	-616.172	3.35199	-26.842	-619.715	70.9977	-21.3305	-623.946	2.98016	-27.9526	-615.094	70.5326	-22.5799	-618.937	-0.0779998	-0.232979	0.969349	-0.0897157	-0.241039	0.96636	-0.0779998	0.0258455	0.996618	-0.0897157	0.017286	0.995817	-0.0779998	0.0258455	0.996618	-0.0897157	0.017286	0.995817	-4.4751	1.48101	-5.14802	0.990467	-4.4751	1.48101	-5.14802	0.990467	81.7286	88.5612	142.094	87.9683	455.947	494.065	792.716	490.758	622.091	488.488	1	0	0
"
 tid_15608_time_14:14:46:774 DPETW@ "GAZE_LOG_CALI: 612.706	398.76	615.456	404.328	890.52	421.254	891.379	427.181	259.382	401.84	262.662	407.101	538.776	424.357	540.295	430.186	
14.9977	-108.822	290.975	-85.9825	-404.987	-103.018	-127.309	-79.9224	12.2475	-114.39	290.117	-91.9099	-408.268	-108.28	-128.828	-85.7517	3.60483	-26.4555	-611.991	70.406	-21.0165	-616.129	3.32231	-26.7983	-619.779	70.9826	-21.2865	-623.903	2.959	-27.8994	-615.058	70.5233	-22.5463	-618.977	-0.0747389	-0.226514	0.971136	-0.0899897	-0.246782	0.964884	-0.0747389	0.0325525	0.996672	-0.0899897	0.0113573	0.995878	-0.0747389	0.0325525	0.996672	-0.0899897	0.0113573	0.995878	-4.2885	1.86545	-5.16335	0.650741	-4.2885	1.86545	-5.16335	0.650741	83.5722	92.4478	141.926	84.5741	466.233	515.748	791.777	471.822	627.084	490.384	1	0	0
"
 tid_15608_time_14:14:46:796 DPETW@ "GAZE_LOG_CALI: 612.345	399.108	615.143	404.649	890.121	421.621	891.126	427.409	259.123	402.14	262.242	407.571	538.46	424.61	540.028	430.421	
14.6846	-108.501	290.723	-85.7542	-405.407	-102.548	-127.576	-79.6876	11.8863	-114.042	289.717	-91.5431	-408.527	-107.98	-129.144	-85.4989	3.5286	-26.3533	-611.829	70.3422	-20.9597	-616.107	3.24502	-26.6949	-619.616	70.9181	-21.229	-623.881	2.87199	-27.8281	-615.215	70.4402	-22.4753	-619.099	-0.0818035	-0.248511	0.965168	-0.0962587	-0.251035	0.96318	-0.0818035	0.00976032	0.996601	-0.0962587	0.00680782	0.995333	-0.0818035	0.00976032	0.996601	-0.0962587	0.00680782	0.995333	-4.69246	0.559234	-5.5239	0.390062	-4.69246	0.559234	-5.5239	0.390062	79.4368	79.4726	138.187	81.9924	443.162	443.362	770.917	457.419	600.704	439.09	1	0	0
"
 tid_15608_time_14:14:46:818 DPETW@ "GAZE_LOG_CALI: 611.979	399.26	614.805	404.885	889.773	421.625	890.659	427.512	258.66	402.306	261.921	407.794	538.078	424.821	539.603	430.573	
14.3467	-108.265	290.255	-85.6514	-405.728	-102.325	-128.001	-79.5353	11.5211	-113.89	289.369	-91.5396	-408.99	-107.814	-129.527	-85.2872	3.44807	-26.2988	-611.845	70.2359	-20.9307	-616.163	3.16345	-26.6396	-619.633	70.8104	-21.1996	-623.937	2.78317	-27.7829	-615.065	70.3493	-22.4473	-619.049	-0.0804968	-0.242015	0.966928	-0.0910138	-0.246288	0.964914	-0.0804968	0.0164904	0.996618	-0.0910138	0.0118419	0.995779	-0.0804968	0.0164904	0.996618	-0.0910138	0.0118419	0.995779	-4.61775	0.944874	-5.2223	0.678506	-4.61775	0.944874	-5.2223	0.678506	80.1054	83.3945	141.148	84.9322	446.892	465.241	787.437	473.819	612.866	461.877	1	0	0
"
 tid_15608_time_14:14:46:840 DPETW@ "GAZE_LOG_CALI: 611.462	399.444	614.271	404.991	889.212	421.818	890.244	427.552	258.289	402.45	261.502	407.919	537.61	424.789	539.249	430.627	
13.8126	-108.159	289.84	-85.6109	-406.147	-102.201	-128.355	-79.4819	11.0033	-113.707	288.808	-91.3461	-409.362	-107.671	-129.994	-85.32	3.32044	-26.2785	-612.016	70.1459	-20.9226	-616.257	3.03426	-26.619	-619.804	70.7191	-21.1913	-624.031	2.65897	-27.7532	-615.281	70.2288	-22.4329	-619.189	-0.0802261	-0.242455	0.96684	-0.097626	-0.247193	0.964036	-0.0802261	0.0160427	0.996648	-0.097626	0.0107407	0.995165	-0.0802261	0.0160427	0.996648	-0.097626	0.0107407	0.995165	-4.60215	0.919221	-5.60281	0.615411	-4.60215	0.919221	-5.60281	0.615411	80.1196	83.1149	137.168	84.2803	446.971	463.682	765.231	470.183	600.98	458.061	1	0	0
"
 tid_15608_time_14:14:46:861 DPETW@ "GAZE_LOG_CALI: 611.273	399.335	614.089	404.941	889.065	421.715	890.082	427.522	258.102	402.362	261.308	407.865	537.403	424.826	539.06	430.604	
13.6307	-108.209	289.678	-85.6413	-406.342	-102.254	-128.544	-79.5042	10.8144	-113.815	288.661	-91.4495	-409.549	-107.758	-130.201	-85.283	3.27654	-26.2902	-611.997	70.1016	-20.9274	-616.209	2.98979	-26.6308	-619.785	70.6744	-21.1962	-623.984	2.61357	-27.7769	-615.28	70.1825	-22.4376	-619.096	-0.0806668	-0.24574	0.965973	-0.0970821	-0.245037	0.964641	-0.0806668	0.0126456	0.996661	-0.0970821	0.0129797	0.995192	-0.0806668	0.0126456	0.996661	-0.0970821	0.0129797	0.995192	-4.62726	0.724561	-5.57164	0.743704	-4.62726	0.724561	-5.57164	0.743704	79.8238	81.1528	137.446	85.5901	445.321	452.736	766.782	477.49	600.788	455.969	1	0	0
"
 tid_15608_time_14:14:46:884 DPETW@ "GAZE_LOG_CALI: 611.343	399.252	614.177	404.845	889.128	421.704	890.161	427.479	258.258	402.31	261.473	407.758	537.521	424.753	539.168	430.488	
13.7189	-108.305	289.757	-85.6839	-406.177	-102.361	-128.436	-79.6208	10.8842	-113.898	288.724	-91.4601	-409.393	-107.81	-130.083	-85.3554	3.2984	-26.3195	-612.114	70.1259	-20.9481	-616.251	3.01198	-26.6605	-619.901	70.6988	-21.2172	-624.026	2.63101	-27.799	-615.41	70.2072	-22.4505	-619.174	-0.0819476	-0.244905	0.966078	-0.0977448	-0.245193	0.964534	-0.0819476	0.0134796	0.996545	-0.0977448	0.0128015	0.995129	-0.0819476	0.0134796	0.996545	-0.0977448	0.0128015	0.995129	-4.70095	0.772347	-5.60978	0.733494	-4.70095	0.772347	-5.60978	0.733494	79.0948	81.5764	137.077	85.4562	441.254	455.098	764.728	476.743	597.608	456.661	1	0	0
"
 tid_15608_time_14:14:46:906 DPETW@ "GAZE_LOG_CALI: 611.935	399.073	614.692	404.646	889.743	421.534	890.585	427.429	258.688	402.167	261.949	407.559	538.012	424.629	539.616	430.361	
14.2337	-108.504	290.182	-85.7342	-405.7	-102.56	-127.988	-79.747	11.4764	-114.077	289.34	-91.6305	-408.962	-107.954	-129.593	-85.4796	3.42172	-26.3652	-612.061	70.2332	-20.9709	-616.294	3.13687	-26.7067	-619.848	70.8075	-21.2402	-624.069	2.77287	-27.8273	-615.173	70.3361	-22.48	-618.997	-0.0755	-0.232425	0.96968	-0.0899309	-0.236517	0.967457	-0.0755	0.0264664	0.996795	-0.0899309	0.0219387	0.995706	-0.0755	0.0264664	0.996795	-0.0899309	0.0219387	0.995706	-4.33147	1.51659	-5.16088	1.2571	-4.33147	1.51659	-5.16088	1.2571	82.9473	89.0164	141.76	90.7334	462.746	496.604	790.853	506.184	625.326	498.836	1	0	0
"
 tid_15608_time_14:14:46:928 DPETW@ "GAZE_LOG_CALI: 612.304	398.906	615.1	404.376	890.062	421.323	891.03	427.27	259.102	401.933	262.25	407.225	538.462	424.452	540.012	430.166	
14.6414	-108.774	290.626	-85.893	-405.399	-102.894	-127.592	-79.9423	11.8455	-114.245	289.659	-91.8416	-408.549	-108.187	-129.143	-85.6564	3.51936	-26.4308	-611.897	70.3329	-21.0116	-616.228	3.23569	-26.7733	-619.684	70.9085	-21.2815	-624.003	2.86279	-27.8787	-615.237	70.4363	-22.5342	-619.193	-0.0811055	-0.240428	0.967273	-0.0945814	-0.250934	0.963373	-0.0811055	0.0181133	0.996541	-0.0945814	0.00695574	0.995493	-0.0811055	0.0181133	0.996541	-0.0945814	0.00695574	0.995493	-4.65288	1.03788	-5.42736	0.398538	-4.65288	1.03788	-5.42736	0.398538	79.8226	84.1869	139.152	81.9964	445.314	469.662	776.3	457.442	605.702	454.539	1	0	0
"
 tid_15608_time_14:14:46:949 DPETW@ "GAZE_LOG_CALI: 612.823	398.513	615.577	404.044	890.524	421.025	891.401	426.84	259.617	401.53	262.861	406.901	538.922	424.104	540.501	429.882	
15.1188	-109.105	290.998	-86.3235	-404.788	-103.218	-127.103	-80.227	12.3645	-114.637	290.121	-92.1394	-408.033	-108.591	-128.682	-86.0049	3.6349	-26.5187	-612.106	70.4432	-21.1041	-616.403	3.35283	-26.8622	-619.893	71.0201	-21.3751	-624.177	2.98794	-27.975	-615.238	70.5489	-22.613	-619.194	-0.0760162	-0.231836	0.96978	-0.0913899	-0.240102	0.966436	-0.0760162	0.0270607	0.996739	-0.0913899	0.0182119	0.995649	-0.0760162	0.0270607	0.996739	-0.0913899	0.0182119	0.995649	-4.36122	1.55065	-5.24445	1.04352	-4.36122	1.55065	-5.24445	1.04352	82.8634	89.1975	141.115	88.4093	462.279	497.615	787.252	493.218	622.764	491.926	2	0	0
"
 tid_15608_time_14:14:46:973 DPETW@ "GAZE_LOG_CALI: 613.399	398.064	616.2	403.626	891.002	420.802	892.046	426.525	260.26	401.19	263.492	406.497	539.511	423.871	541.115	429.665	
15.7415	-109.523	291.643	-86.6381	-404.157	-103.623	-126.489	-80.4432	12.9405	-115.087	290.599	-92.3627	-407.39	-108.93	-128.094	-86.2376	3.78494	-26.6181	-612.118	70.5948	-21.1671	-616.365	3.50482	-26.9629	-619.905	71.1736	-21.4389	-624.139	3.1276	-28.0751	-615.342	70.6848	-22.6748	-619.37	-0.0800625	-0.236059	0.968435	-0.0987358	-0.24965	0.963289	-0.0800625	0.0226335	0.996533	-0.0987358	0.00817455	0.99508	-0.0800625	0.0226335	0.996533	-0.0987358	0.00817456	0.99508	-4.59334	1.29692	-5.66657	0.468373	-4.59334	1.29692	-5.66657	0.468373	80.6783	86.5515	136.968	82.5207	450.088	482.853	764.114	460.366	602.396	463.498	1	1	1
"
 tid_15608_time_14:14:46:995 DPETW@ "GAZE_LOG_CALI: 613.59	398.133	616.388	403.623	891.244	420.922	892.255	426.66	260.492	401.153	263.709	406.564	539.73	423.942	541.325	429.711	
15.9296	-109.527	291.852	-86.5035	-403.94	-103.555	-126.279	-80.398	13.1317	-115.017	290.841	-92.2422	-407.158	-108.967	-127.874	-86.1666	3.8298	-26.6127	-612.172	70.6454	-21.1452	-616.363	3.55028	-26.9574	-619.959	71.2249	-21.4167	-624.137	3.17449	-28.0739	-615.4	70.7397	-22.6501	-619.332	-0.0797916	-0.237055	0.968214	-0.0973463	-0.24744	0.964001	-0.0797916	0.021615	0.996577	-0.0973463	0.0104935	0.995195	-0.0797916	0.021615	0.996577	-0.0973463	0.0104935	0.995195	-4.57766	1.23854	-5.58669	0.601245	-4.57766	1.23854	-5.58669	0.601245	80.8775	85.9571	137.834	83.8916	451.199	479.538	768.947	468.015	605.702	466.203	1	1	1
"
 tid_15608_time_14:14:47:17 DPETW@ "GAZE_LOG_CALI: 613.638	398.124	616.39	403.774	891.274	421.033	892.315	426.823	260.433	401.238	263.729	406.72	539.76	424.123	541.335	429.87	
15.9317	-109.376	291.912	-86.3401	-403.92	-103.399	-126.269	-80.2385	13.1794	-115.027	290.871	-92.1319	-407.217	-108.883	-127.844	-85.9855	3.83089	-26.5766	-612.192	70.6515	-21.1036	-616.292	3.55139	-26.9208	-619.979	71.2311	-21.3746	-624.066	3.18491	-28.0577	-615.244	70.747	-22.6146	-619.334	-0.0750442	-0.23279	0.969627	-0.0984825	-0.252253	0.962637	-0.0750442	0.0261	0.996839	-0.0984825	0.00549082	0.995124	-0.0750442	0.0261	0.996839	-0.0984825	0.00549082	0.995124	-4.30523	1.49559	-5.65188	0.314603	-4.30523	1.49559	-5.65188	0.314603	83.6206	88.566	137.18	81.0393	466.503	494.092	765.302	452.102	611.802	465.865	1	1	1
"
 tid_15608_time_14:14:47:40 DPETW@ "GAZE_LOG_CALI: 613.355	398.402	616.179	403.966	891.032	421.338	892.019	427.292	260.295	401.489	263.53	406.891	539.568	424.379	541.054	430.211	
15.7208	-109.184	291.616	-85.871	-404.119	-103.228	-126.55	-79.898	12.8972	-114.749	290.629	-91.8261	-407.355	-108.631	-128.036	-85.7297	3.78038	-26.5336	-612.206	70.5819	-21.0059	-616.305	3.50023	-26.8772	-619.994	71.1607	-21.2757	-624.078	3.118	-28.0031	-615.455	70.6964	-22.5486	-619.4	-0.0814657	-0.239958	0.967359	-0.0953262	-0.261354	0.960524	-0.0814657	0.0185893	0.996503	-0.0953262	-0.00384665	0.995439	-0.0814657	0.0185893	0.996503	-0.0953262	-0.00384665	0.995439	-4.67363	1.06515	-5.47014	-0.220397	-4.67363	1.06515	-5.47014	-0.220397	79.8558	84.2857	138.961	75.6983	445.499	470.213	775.233	422.306	603.916	434.569	1	1	1
"
 tid_15608_time_14:14:47:61 DPETW@ "GAZE_LOG_CALI: 613.173	398.376	615.92	404.006	890.786	421.361	891.636	427.37	260.025	401.363	263.164	406.899	539.375	424.534	540.872	430.273	
15.4621	-109.144	291.233	-85.7933	-404.485	-103.22	-126.732	-79.8356	12.715	-114.774	290.383	-91.8031	-407.625	-108.758	-128.23	-85.575	3.71699	-26.521	-612.048	70.5238	-20.9992	-616.607	3.43595	-26.8646	-619.836	71.1016	-21.2688	-624.381	3.07249	-28.0161	-615.334	70.6457	-22.53	-619.486	-0.0779852	-0.247069	0.965855	-0.0898221	-0.24851	0.964456	-0.0779852	0.0113308	0.99689	-0.0898221	0.00957748	0.995912	-0.0779852	0.0113308	0.99689	-0.0898221	0.00957748	0.995912	-4.47305	0.649219	-5.15361	0.548758	-4.47305	0.649219	-5.15361	0.548758	81.8245	80.1555	142.102	83.437	456.483	447.171	792.759	465.478	619.747	447.261	1	1	1
"
 tid_15608_time_14:14:47:83 DPETW@ "GAZE_LOG_CALI: 613.069	398.234	615.848	403.926	890.687	421.365	891.498	427.314	259.934	401.351	263.091	406.848	539.133	424.538	540.755	430.312	
15.3898	-109.224	291.094	-85.8494	-404.558	-103.272	-126.849	-79.7967	12.6106	-114.917	290.284	-91.7994	-407.716	-108.769	-128.471	-85.5704	3.69985	-26.5365	-612.042	70.4942	-21.0027	-616.649	3.41859	-26.8803	-619.83	71.0715	-21.2723	-624.423	3.04754	-28.0356	-615.351	70.5966	-22.5209	-619.261	-0.0799679	-0.248971	0.965204	-0.0890735	-0.234179	0.968104	-0.0799679	0.00932522	0.996754	-0.0890735	0.0243644	0.995727	-0.0799679	0.00932522	0.996754	-0.0890735	0.0243644	0.995727	-4.58692	0.534304	-5.11183	1.39611	-4.58692	0.534304	-5.11183	1.39611	80.6609	78.9885	142.494	92.0295	449.991	440.661	794.947	513.414	619.009	470.856	1	1	1
"
 tid_15608_time_14:14:47:113 DPETW@ "GAZE_LOG_CALI: 613.18	398.278	615.906	403.869	890.806	421.361	891.568	427.351	260.096	401.318	263.199	406.77	539.212	424.518	540.837	430.329	
15.4473	-109.281	291.165	-85.8121	-404.45	-103.349	-126.767	-79.78	12.7223	-114.872	290.402	-91.803	-407.554	-108.802	-128.393	-85.5909	3.7139	-26.5562	-612.122	70.5135	-20.9968	-616.67	3.43286	-26.9002	-619.91	71.091	-21.2663	-624.444	3.0747	-28.0377	-615.43	70.6188	-22.522	-619.21	-0.0772517	-0.245347	0.966353	-0.0873864	-0.232397	0.968687	-0.0772517	0.0131237	0.996925	-0.0873864	0.0262364	0.995829	-0.0772517	0.0131237	0.996925	-0.0873864	0.0262364	0.995829	-4.431	0.751956	-5.015	1.50341	-4.431	0.751956	-5.015	1.50341	82.2402	81.1341	143.499	93.1183	458.802	452.631	800.552	519.488	627.231	481.662	1	1	1
"
 tid_15608_time_14:14:47:138 DPETW@ "GAZE_LOG_CALI: 613.58	398.156	616.28	403.738	891.046	421.359	892.018	427.391	260.439	401.225	263.638	406.681	539.605	424.471	541.198	430.29	
15.8222	-109.412	291.615	-85.7719	-404.011	-103.439	-126.406	-79.8181	13.1218	-114.995	290.643	-91.8053	-407.212	-108.896	-127.999	-85.6379	3.80511	-26.5867	-612.214	70.6071	-20.9918	-616.531	3.52529	-26.931	-620.001	71.186	-21.2613	-624.305	3.1711	-28.0599	-615.343	70.7042	-22.5365	-619.445	-0.0737037	-0.23491	0.969219	-0.0954528	-0.252605	0.96285	-0.0737037	0.0239467	0.996993	-0.0954528	0.00520585	0.99542	-0.0737037	0.0239467	0.996993	-0.0954528	0.00520585	0.99542	-4.22796	1.37217	-5.47746	0.298275	-4.22796	1.37217	-5.47746	0.298275	84.3712	87.3095	138.89	80.9215	470.69	487.082	774.839	451.445	618.747	461.987	1	1	1
"
 tid_15608_time_14:14:47:160 DPETW@ "GAZE_LOG_CALI: 613.955	397.824	616.675	403.367	891.469	421.088	892.372	426.91	260.858	400.894	263.987	406.114	539.988	424.169	541.621	429.915	
16.2168	-109.783	291.969	-86.2537	-403.662	-104.006	-125.983	-80.1934	13.4971	-115.326	291.066	-92.0766	-406.792	-109.226	-127.616	-85.9393	3.89903	-26.6972	-612.157	70.7053	-21.0995	-616.642	3.6204	-27.043	-619.945	71.2853	-21.3703	-624.415	3.2621	-28.1432	-615.413	70.8003	-22.604	-619.385	-0.076606	-0.235212	0.96892	-0.093228	-0.237149	0.96699	-0.076606	0.0235774	0.996783	-0.093228	0.0212073	0.995419	-0.076606	0.0235774	0.996783	-0.093228	0.0212073	0.995419	-4.39473	1.35101	-5.35054	1.21518	-4.39473	1.35101	-5.35054	1.21518	82.7933	87.0043	140.277	90.1026	461.887	485.38	782.576	502.664	620.006	490.161	1	1	1
"
 tid_15608_time_14:14:47:189 DPETW@ "GAZE_LOG_CALI: 617.87	397.136	618.697	402.908	895.814	420.574	894.36	426.515	264.698	400.341	266.084	405.867	544.405	423.634	543.631	429.577	
18.2385	-110.242	293.958	-86.6482	-401.564	-104.252	-123.973	-80.531	17.4117	-116.014	295.413	-92.5912	-402.951	-109.779	-123.199	-86.4746	4.38595	-26.7872	-612.282	71.1921	-21.1894	-616.684	4.11367	-27.1341	-620.069	71.7783	-21.4614	-624.458	4.2081	-28.2882	-615.316	71.8735	-22.7362	-619.52	0.019302	-0.235907	0.971584	0.0186638	-0.249922	0.968086	0.019302	0.0235953	0.999535	0.0186638	0.0091534	0.999784	0.019302	0.0235953	0.999535	0.0186638	0.0091534	0.999784	1.1063	1.35204	1.06946	0.524458	1.1063	1.35204	1.06946	0.524458	138.453	86.8593	205.855	82.964	772.404	484.57	1148.43	462.839	960.415	473.705	1	1	1
"
 tid_15608_time_14:14:47:211 DPETW@ "GAZE_LOG_CALI: 623.043	397.301	621.386	402.856	899.975	420.666	896.452	426.522	269.539	400.086	268.731	405.86	548.763	423.598	546.017	429.576	
20.928	-110.294	296.052	-86.6421	-398.917	-104.259	-121.587	-80.5327	22.5854	-115.849	299.577	-92.4995	-398.109	-110.034	-118.84	-86.5101	5.03262	-26.7914	-612.227	71.7528	-21.2043	-617.149	4.76866	-27.1384	-620.015	72.3456	-21.4763	-624.921	5.45415	-28.2772	-614.851	72.9246	-22.7405	-619.846	0.12855	-0.213559	0.968436	0.110024	-0.240245	0.964457	0.12855	0.0443678	0.99071	0.110024	0.0175609	0.993774	0.12855	0.0443678	0.99071	0.110024	0.0175609	0.993774	7.39315	2.54292	6.31769	1.00622	7.39315	2.54292	6.31769	1.00622	202.469	99.0174	259.809	87.7718	1129.53	552.398	1449.42	489.661	1289.48	521.03	1	1	1
"
 tid_15608_time_14:14:47:232 DPETW@ "GAZE_LOG_CALI: 624.208	397.629	621.897	403.225	900.685	420.875	897.078	426.634	270.853	400.501	269.32	406.114	549.533	423.809	546.471	429.786	
21.4392	-109.925	296.678	-86.5302	-398.327	-104.005	-121.132	-80.3222	23.7503	-115.522	300.286	-92.2904	-396.794	-109.619	-118.071	-86.2993	5.15692	-26.7214	-612.342	71.8742	-21.1561	-616.885	4.89461	-27.0674	-620.13	72.4689	-21.4275	-624.658	5.73797	-28.1972	-615.073	73.1086	-22.6926	-619.942	0.16064	-0.215196	0.963268	0.129925	-0.256932	0.957656	0.16064	0.0414492	0.986142	0.129925	-0.000317618	0.991524	0.16064	0.0414492	0.986142	0.129925	-0.000317618	0.991524	9.25208	2.37554	7.46528	-0.0181982	9.25208	2.37554	7.46528	-0.0181982	221.629	97.4827	271.685	77.4541	1236.43	543.837	1515.68	432.101	1383.71	477.075	1	1	1
"
 tid_15608_time_14:14:47:255 DPETW@ "GAZE_LOG_CALI: 624.074	397.93	621.609	403.436	900.643	421.147	896.799	427.064	270.615	400.676	269.049	406.345	549.366	424.054	546.269	430.008	
21.1509	-109.714	296.398	-86.0994	-398.598	-103.774	-121.335	-80.1003	23.6161	-115.221	300.245	-92.0187	-397.032	-109.443	-118.237	-86.0547	5.08714	-26.6694	-612.374	71.82	-21.0809	-617	4.82395	-27.0148	-620.162	72.4138	-21.3512	-624.773	5.70386	-28.1327	-614.921	73.0761	-22.6228	-619.753	0.162015	-0.205839	0.965081	0.126856	-0.243572	0.961551	0.162015	0.0509561	0.985472	0.126856	0.0135947	0.991828	0.162015	0.0509561	0.985472	0.126856	0.0135947	0.991828	9.33613	2.92084	7.28865	0.778943	9.33613	2.92084	7.28865	0.778943	222.43	103.08	269.83	85.6306	1240.9	575.061	1505.33	477.716	1377.32	520.747	1	1	1
"
 tid_15608_time_14:14:47:277 DPETW@ "GAZE_LOG_CALI: 623.778	398.065	621.365	403.516	900.365	421.204	896.549	427.226	270.428	400.826	268.73	406.446	549.165	424.236	546.052	430.103	
20.9066	-109.634	296.148	-85.9376	-398.917	-103.673	-121.552	-80.005	23.3205	-115.086	299.966	-91.961	-397.219	-109.293	-118.439	-85.8728	5.0275	-26.6428	-612.26	71.7651	-21.0514	-617.052	4.76348	-26.9879	-620.048	72.3582	-21.3214	-624.824	5.63407	-28.1055	-615.08	73.0215	-22.5976	-619.862	0.168517	-0.21633	0.961667	0.128395	-0.247011	0.960469	0.168517	0.0399392	0.984889	0.128395	0.00999326	0.991673	0.168517	0.0399392	0.984889	0.128395	0.00999326	0.991673	9.70943	2.28896	7.37722	0.572581	9.70943	2.28896	7.37722	0.572581	226.197	96.7293	270.693	83.5422	1261.91	539.633	1510.14	466.065	1393.2	493.131	1	1	1
"
 tid_15608_time_14:14:47:299 DPETW@ "GAZE_LOG_CALI: 623.623	398.007	621.246	403.535	900.212	421.231	896.395	427.206	270.19	400.804	268.547	406.416	549.018	424.204	545.928	430.168	
20.7882	-109.615	295.994	-85.9575	-399.1	-103.703	-121.676	-79.9407	23.1653	-115.144	299.814	-91.9339	-397.457	-109.315	-118.586	-85.9044	4.9982	-26.64	-612.163	71.7329	-21.0475	-617.094	4.73377	-26.9851	-619.951	72.3256	-21.3174	-624.867	5.59546	-28.1095	-614.955	72.9854	-22.5985	-619.87	0.165937	-0.216523	0.962072	0.126872	-0.246329	0.960846	0.165937	0.0398575	0.98533	0.126872	0.01075	0.991861	0.165937	0.0398575	0.98533	0.126872	0.01075	0.991861	9.55936	2.28427	7.28928	0.615944	9.55936	2.28427	7.28928	0.615944	224.605	96.6953	269.761	83.9769	1253.03	539.444	1504.94	468.49	1385.51	494.996	1	1	1
"
 tid_15608_time_14:14:47:321 DPETW@ "GAZE_LOG_CALI: 623.816	397.903	621.326	403.417	900.285	421.272	896.49	427.223	270.378	400.723	268.695	406.292	549.194	424.255	546.118	430.169	
20.8681	-109.733	296.089	-85.9403	-398.952	-103.827	-121.486	-79.9396	23.3585	-115.247	299.886	-91.8936	-397.269	-109.396	-118.409	-85.8537	5.01855	-26.6733	-612.262	71.7728	-21.0501	-617.238	4.75442	-27.0188	-620.05	72.3658	-21.32	-625.011	5.64156	-28.1318	-614.956	73.0218	-22.5932	-620.032	0.167719	-0.210423	0.963116	0.126643	-0.245779	0.961017	0.167719	0.0460193	0.98476	0.126643	0.0113249	0.991884	0.167719	0.0460193	0.98476	0.126643	0.0113249	0.991884	9.66557	2.63765	7.2761	0.648881	9.66557	2.63765	7.2761	0.648881	225.734	100.244	269.683	84.2747	1259.33	559.242	1504.51	470.152	1387.76	506.868	1	1	1
"
 tid_15608_time_14:14:47:343 DPETW@ "GAZE_LOG_CALI: 624.235	397.804	621.838	403.365	900.881	421.287	897.199	427.249	270.912	400.558	269.272	406.199	549.738	424.252	546.659	430.178	
21.3798	-109.785	296.799	-85.9144	-398.375	-103.92	-120.945	-79.9299	23.777	-115.347	300.483	-91.8782	-396.735	-109.562	-117.866	-85.8562	5.14238	-26.6952	-612.365	71.9155	-21.0372	-616.988	4.87989	-27.0409	-620.153	72.5106	-21.3071	-624.76	5.74519	-28.1712	-615.118	73.158	-22.5888	-619.957	0.16537	-0.216026	0.962281	0.129119	-0.25565	0.958108	0.16537	0.0403918	0.985404	0.129119	0.00103752	0.991629	0.16537	0.0403918	0.985404	0.129119	0.00103752	0.991629	9.52656	2.31491	7.4187	0.0594457	9.52656	2.31491	7.4187	0.0594457	224.444	96.906	271.265	78.3361	1252.13	540.619	1513.33	437.021	1390.84	477.474	1	1	1
"
 tid_15608_time_14:14:47:364 DPETW@ "GAZE_LOG_CALI: 624.914	397.608	622.426	403.218	901.428	421.263	897.669	427.294	271.571	400.423	269.876	406.008	550.342	424.3	547.312	430.196	
21.9679	-109.932	297.268	-85.8701	-397.771	-104.111	-120.291	-79.9123	24.4559	-115.542	301.03	-91.9022	-396.076	-109.697	-117.261	-85.8089	5.28373	-26.7372	-612.397	72.0622	-21.039	-617.265	5.02309	-27.0834	-620.185	72.6589	-21.3087	-625.038	5.90832	-28.2103	-615.1	73.3019	-22.589	-620.044	0.167572	-0.213309	0.962507	0.123773	-0.246432	0.961224	0.167572	0.043074	0.984918	0.123773	0.0107483	0.992252	0.167572	0.043074	0.984918	0.123773	0.0107483	0.992252	9.65573	2.46872	7.11032	0.615845	9.65573	2.46872	7.11032	0.615845	225.921	98.4319	268.275	83.9394	1260.37	549.132	1496.65	468.281	1384.6	500.396	1	1	1
"
 tid_15608_time_14:14:47:386 DPETW@ "GAZE_LOG_CALI: 625.433	397.255	623.171	402.894	902.041	421.158	898.363	427.098	272.187	400.155	270.617	405.78	551.014	424.14	547.907	430.029	
22.7131	-110.256	297.963	-86.0661	-397.03	-104.338	-119.697	-80.0789	24.9749	-115.895	301.644	-92.007	-395.459	-109.965	-116.589	-85.9687	5.46293	-26.8034	-612.394	72.2136	-21.0783	-617.129	5.2046	-27.1505	-620.182	72.8124	-21.3486	-624.902	6.03477	-28.2924	-615.255	73.4621	-22.6243	-620.131	0.161982	-0.222822	0.961308	0.130423	-0.2561	0.957811	0.161982	0.0335753	0.986222	0.130423	0.000526607	0.991458	0.161982	0.0335753	0.986222	0.130423	0.000526607	0.991458	9.32725	1.92408	7.49405	0.0301724	9.32725	1.92408	7.49405	0.0301724	222.717	92.8067	272.358	77.9608	1242.49	517.75	1519.43	434.928	1390.01	463.368	1	1	1
"
 tid_15608_time_14:14:47:408 DPETW@ "GAZE_LOG_CALI: 626.05	396.97	623.624	402.469	902.596	420.961	898.927	426.692	272.758	399.777	271.169	405.393	551.578	423.906	548.584	429.855	
23.1663	-110.681	298.527	-86.4716	-396.478	-104.726	-119.019	-80.253	25.5923	-116.181	302.199	-92.2042	-394.888	-110.343	-116.026	-86.2027	5.57301	-26.908	-612.55	72.3711	-21.1546	-617.307	5.31618	-27.2563	-620.338	72.9717	-21.4258	-625.079	6.18398	-28.3692	-615.18	73.5996	-22.6777	-620.155	0.162285	-0.208125	0.964545	0.122642	-0.244548	0.96185	0.162285	0.0486093	0.985546	0.122642	0.0127295	0.992369	0.162285	0.0486093	0.985546	0.122642	0.0127295	0.992369	9.35072	2.78621	7.0452	0.729366	9.35072	2.78621	7.0452	0.729366	223.09	101.438	267.92	84.9731	1244.58	565.9	1494.67	474.048	1374.11	513.835	1	1	1
"
 tid_15608_time_14:14:47:430 DPETW@ "GAZE_LOG_CALI: 626.217	396.737	623.855	402.328	902.794	420.841	899.12	426.603	272.953	399.532	271.395	405.191	551.846	423.793	548.763	429.811	
23.3972	-110.822	298.721	-86.5606	-396.252	-104.928	-118.841	-80.2977	25.7596	-116.414	302.397	-92.3249	-394.693	-110.587	-115.757	-86.3158	5.62904	-26.9487	-612.536	72.4155	-21.17	-617.285	5.37292	-27.2976	-620.324	73.0167	-21.4414	-625.057	6.22472	-28.429	-615.225	73.6608	-22.7103	-620.268	0.16094	-0.213779	0.963534	0.12894	-0.254006	0.95857	0.16094	0.0428863	0.986032	0.12894	0.00274539	0.991649	0.16094	0.0428863	0.986032	0.12894	0.00274539	0.991649	9.27006	2.45796	7.40838	0.157299	9.27006	2.45796	7.40838	0.157299	222.314	98.0547	271.697	79.1288	1240.24	547.028	1515.74	441.444	1385.27	484.042	1	1	1
"
 tid_15608_time_14:14:47:451 DPETW@ "GAZE_LOG_CALI: 626.024	396.878	623.607	402.318	902.824	420.994	899.24	426.755	273.008	399.717	271.33	405.203	551.815	424.02	549	429.846	
23.1495	-110.832	298.84	-86.4093	-396.317	-104.916	-118.603	-80.2619	25.5665	-116.272	302.427	-92.1711	-394.639	-110.402	-115.788	-86.0883	5.57178	-26.9606	-612.811	72.4656	-21.1533	-617.463	5.31504	-27.3094	-620.599	73.0672	-21.4244	-625.235	6.18186	-28.4064	-615.592	73.6569	-22.6602	-620.171	0.166736	-0.210995	0.963162	0.112394	-0.235567	0.965337	0.166736	0.0454787	0.984952	0.112394	0.0223079	0.993413	0.166736	0.0454787	0.984952	0.112394	0.0223079	0.993413	9.60812	2.60664	6.45493	1.27825	9.60812	2.60664	6.45493	1.27825	225.78	99.5222	261.972	90.5225	1259.58	555.214	1461.49	505.007	1363.57	525.945	1	1	1
"
 tid_15608_time_14:14:47:474 DPETW@ "GAZE_LOG_CALI: 626.656	396.353	623.613	401.549	902.943	419.676	899.233	426.431	272.76	399.748	271.606	404.551	552.291	422.901	549.287	429.383	
23.1547	-111.602	298.834	-86.7334	-396.04	-105.568	-118.316	-80.7254	26.1979	-116.798	302.546	-93.4902	-394.887	-110.371	-115.313	-87.2073	5.57643	-27.1501	-613.225	72.5168	-21.2644	-617.911	5.31993	-27.5012	-621.013	73.1187	-21.5367	-625.683	6.32008	-28.4063	-614.291	73.7507	-22.9777	-620.715	0.145885	-0.132026	0.980452	0.121263	-0.276495	0.953334	0.145885	0.126232	0.981215	0.121263	-0.0203327	0.992412	0.145885	0.126232	0.981215	0.121263	-0.0203327	0.992412	8.45669	7.25191	6.96645	-1.16506	8.45669	7.25191	6.96645	-1.16506	214.006	146.634	267.325	65.3729	1193.89	818.039	1491.35	364.702	1342.62	591.371	1	1	1
"
 tid_15608_time_14:14:47:496 DPETW@ "GAZE_LOG_CALI: 624.14	404.901	625.616	420.517	904.646	429.147	899.163	425.66	268.426	408.407	273.481	423.386	552.102	431.925	549.376	428.376	
25.1575	-92.6317	298.764	-87.5042	-394.164	-86.7306	-118.228	-81.7329	23.6821	-108.249	304.249	-84.0168	-399.221	-101.712	-115.502	-78.1837	6.05638	-22.5801	-613.012	72.5283	-21.4889	-618.15	5.8059	-22.8723	-620.802	73.13	-21.764	-625.922	5.688	-26.2105	-611.559	73.8216	-20.6226	-617.829	-0.0119959	-0.339649	0.940476	0.0843216	0.139162	0.986673	-0.0119959	-0.0846625	0.996337	0.0843216	0.38979	0.917036	-0.0119959	-0.0846625	0.996337	0.0843216	0.38979	0.917035	-0.689805	-4.85662	5.25358	22.9414	-0.689805	-4.85662	5.25358	22.9414	122.136	28.3344	249.794	323.856	681.373	158.072	1393.55	1080	1037.46	619.036	1	1	1
"
 tid_15608_time_14:14:47:683 DPETW@ "GAZE_LOG_CALI: 628.978	394.77	626.833	400.468	905.596	420.427	902.107	426.506	276.361	397.711	274.797	403.54	554.927	423.525	552.258	429.563	
26.3752	-112.682	301.709	-86.6581	-392.849	-106.579	-115.345	-80.5452	28.5199	-118.381	305.201	-92.7389	-391.285	-112.408	-112.677	-86.5839	6.35205	-27.4006	-613.195	73.2342	-21.2385	-618.079	6.10555	-27.7549	-620.983	73.845	-21.5104	-625.851	6.90219	-28.9336	-616.22	74.3964	-22.8089	-620.703	0.160254	-0.237106	0.958175	0.103296	-0.243284	0.964439	0.160254	0.0189673	0.986894	0.103296	0.0146207	0.994543	0.160254	0.0189673	0.986894	0.103296	0.0146207	0.994543	9.22332	1.08681	5.92966	0.837733	9.22332	1.08681	5.92966	0.837733	222.65	83.5198	257.428	85.789	1242.12	465.94	1436.14	478.6	1345.41	462.198	1	1	1
"
 tid_15608_time_14:14:47:704 DPETW@ "GAZE_LOG_CALI: 628.992	395.287	626.776	400.84	905.605	420.984	901.924	426.945	276.3	398.164	274.731	403.887	555.044	423.996	551.995	429.993	
26.3185	-112.31	301.526	-86.2193	-392.914	-106.232	-115.609	-80.1156	28.5342	-117.864	305.209	-92.1814	-391.345	-111.955	-112.56	-86.1123	6.33804	-27.3134	-613.184	73.1747	-21.1285	-617.949	6.09135	-27.6666	-620.972	73.7849	-21.399	-625.72	6.90472	-28.8105	-616.103	74.4182	-22.6892	-620.867	0.160503	-0.225715	0.960881	0.125129	-0.254909	0.958835	0.160503	0.0306704	0.986559	0.125129	0.00194146	0.992139	0.160503	0.0306704	0.986559	0.125129	0.00194146	0.992139	9.24049	1.75756	7.18821	0.111237	9.24049	1.75756	7.18821	0.111237	222.814	90.4268	270.282	78.5286	1243.04	504.473	1507.85	438.095	1384.48	458.049	1	1	1
"
 tid_15608_time_14:14:47:726 DPETW@ "GAZE_LOG_CALI: 628.976	395.403	626.761	401.061	905.605	421.348	901.844	427.303	276.177	398.484	274.686	404.071	555.076	424.284	552.02	430.294	
26.3029	-112.089	301.445	-85.8614	-392.96	-106.048	-115.584	-79.8142	28.5183	-117.748	305.209	-91.8172	-391.469	-111.635	-112.528	-85.8248	6.33385	-27.2626	-613.139	73.1741	-21.0537	-618.108	6.08708	-27.6152	-620.927	73.7841	-21.3232	-625.88	6.89845	-28.7504	-615.948	74.4237	-22.6111	-620.909	0.156914	-0.219552	0.962899	0.123605	-0.248885	0.960613	0.156914	0.0371456	0.986913	0.123605	0.00822073	0.992297	0.156914	0.0371456	0.986913	0.123605	0.00822073	0.992297	9.03413	2.12878	7.10044	0.471019	9.03413	2.12878	7.10044	0.471019	220.683	94.2498	269.399	82.2364	1231.14	525.801	1502.93	458.781	1373.64	482.755	1	1	1
"
 tid_15608_time_14:14:47:748 DPETW@ "GAZE_LOG_CALI: 629.072	395.581	626.74	401.253	905.555	421.675	901.843	427.519	276.173	398.654	274.699	404.214	555.021	424.69	552.029	430.638	
26.2822	-111.897	301.444	-85.6453	-392.947	-105.905	-115.574	-79.47	28.614	-117.57	305.16	-91.4908	-391.473	-111.465	-112.583	-85.4182	6.32962	-27.2242	-613.186	73.176	-20.9863	-618.133	6.08282	-27.5763	-620.974	73.786	-21.255	-625.904	6.92039	-28.701	-615.792	74.4106	-22.5213	-620.905	0.156024	-0.209526	0.965275	0.12023	-0.243751	0.962357	0.156024	0.0474454	0.986613	0.12023	0.0136313	0.992653	0.156024	0.0474454	0.986613	0.12023	0.0136313	0.992652	8.9864	2.71944	6.90602	0.78104	8.9864	2.71944	6.90602	0.78104	220.196	100.282	267.405	85.4609	1228.43	559.451	1491.8	476.769	1364.1	512.52	1	1	1
"
 tid_15608_time_14:14:47:770 DPETW@ "GAZE_LOG_CALI: 629.351	395.783	626.971	401.38	905.728	421.834	901.962	427.712	276.405	398.783	274.836	404.347	555.153	424.905	552.052	430.85	
26.5135	-111.771	301.563	-85.4516	-392.81	-105.772	-115.552	-79.2578	28.8935	-117.368	305.333	-91.3311	-391.241	-111.337	-112.451	-85.2033	6.38356	-27.1868	-613.049	73.1872	-20.9318	-617.981	6.1374	-27.5385	-620.837	73.7976	-21.1999	-625.752	6.98729	-28.6576	-615.721	74.4454	-22.4733	-620.843	0.1602	-0.210948	0.96428	0.126708	-0.249065	0.960162	0.1602	0.0458138	0.986021	0.126708	0.00792973	0.991908	0.1602	0.0458138	0.986021	0.126708	0.00792973	0.991908	9.22831	2.62586	7.27964	0.454345	9.22831	2.62586	7.27964	0.454345	222.719	99.4138	271.247	82.2193	1242.5	554.61	1513.23	458.685	1384.08	498.123	1	1	1
"
 tid_15608_time_14:14:47:792 DPETW@ "GAZE_LOG_CALI: 629.57	395.716	627.153	401.381	905.844	421.957	902.146	427.796	276.505	398.688	274.964	404.29	555.306	424.923	552.251	430.871	
26.6948	-111.769	301.748	-85.3683	-392.682	-105.829	-115.352	-79.2374	29.1129	-117.435	305.449	-91.209	-391.141	-111.431	-112.298	-85.1859	6.42687	-27.1897	-612.964	73.2347	-20.9199	-618	6.18123	-27.5414	-620.752	73.8456	-21.1877	-625.772	7.03835	-28.6689	-615.543	74.4805	-22.4583	-620.899	0.158795	-0.208887	0.964961	0.125082	-0.250309	0.960052	0.158795	0.0479814	0.986145	0.125082	0.0066999	0.992124	0.158795	0.0479814	0.986145	0.125082	0.0066999	0.992124	9.14758	2.75019	7.18567	0.383879	9.14758	2.75019	7.18567	0.383879	221.919	100.688	270.33	81.5052	1238.04	561.719	1508.12	454.701	1378.8	500.292	1	1	1
"
 tid_15608_time_14:14:47:815 DPETW@ "GAZE_LOG_CALI: 629.838	395.64	627.408	401.331	906.049	421.904	902.38	427.794	276.806	398.647	275.18	404.225	555.509	424.936	552.62	430.863	
26.9502	-111.819	301.982	-85.3698	-392.465	-105.894	-114.984	-79.2458	29.38	-117.511	305.653	-91.2619	-390.839	-111.472	-112.094	-85.1721	6.48766	-27.2011	-612.908	73.3166	-20.9283	-618.218	6.24278	-27.5531	-620.696	73.9283	-21.1962	-625.989	7.10323	-28.6856	-615.6	74.5305	-22.4631	-620.903	0.162645	-0.214082	0.96318	0.114136	-0.240116	0.964011	0.162645	0.0425019	0.985769	0.114136	0.0175705	0.99331	0.162645	0.0425019	0.985769	0.114136	0.0175705	0.99331	9.36898	2.43591	6.55483	1.00677	9.36898	2.43591	6.55483	1.00677	224.249	97.5072	263.949	87.7958	1251.04	543.973	1472.52	489.795	1365.97	511.006	1	1	1
"
 tid_15608_time_14:14:47:837 DPETW@ "GAZE_LOG_CALI: 630.191	395.379	627.835	400.993	906.366	421.734	902.745	427.567	277.179	398.347	275.736	404.007	555.869	424.756	552.859	430.717	
27.3771	-112.157	302.347	-85.5971	-391.909	-106.112	-114.745	-79.3912	29.7333	-117.772	305.971	-91.4322	-390.466	-111.772	-111.735	-85.3528	6.59287	-27.2764	-613.098	73.3824	-20.9671	-618.024	6.34943	-27.6293	-620.887	73.9951	-21.2355	-625.795	7.18951	-28.7547	-615.625	74.6158	-22.5083	-620.967	0.154253	-0.206657	0.966178	0.123354	-0.252934	0.959588	0.154253	0.0504499	0.986743	0.123354	0.00404386	0.992355	0.154253	0.0504499	0.986742	0.123354	0.00404386	0.992355	8.88488	2.89179	7.08576	0.231697	8.88488	2.89179	7.08576	0.231697	219.405	101.994	269.452	79.8975	1224.01	569.002	1503.22	445.732	1368.72	500.126	1	1	1
"
 tid_15608_time_14:14:47:858 DPETW@ "GAZE_LOG_CALI: 630.224	395.264	627.84	400.962	906.469	421.682	902.802	427.451	277.277	398.307	275.784	403.971	555.962	424.614	552.952	430.55	
27.3826	-112.188	302.404	-85.7131	-391.861	-106.148	-114.652	-79.5584	29.7668	-117.887	306.073	-91.4838	-390.368	-111.813	-111.642	-85.4947	6.59443	-27.2876	-613.169	73.4028	-21.0033	-618.077	6.35104	-27.6405	-620.957	74.0158	-21.2722	-625.849	7.19833	-28.7784	-615.729	74.6391	-22.5313	-620.949	0.156389	-0.210024	0.965107	0.12229	-0.24704	0.961258	0.156389	0.0469204	0.98658	0.12229	0.0101694	0.992442	0.156389	0.0469204	0.98658	0.12229	0.0101694	0.992442	9.00739	2.68933	7.02467	0.582676	9.00739	2.68933	7.02467	0.582676	220.675	99.9175	268.849	83.4334	1231.1	557.419	1499.85	465.458	1370.38	504.568	1	1	1
"
 tid_15608_time_14:14:47:880 DPETW@ "GAZE_LOG_CALI: 630.039	395.413	627.818	400.97	906.287	421.681	902.625	427.477	277.115	398.328	275.664	403.966	555.821	424.643	552.738	430.557	
27.3601	-112.18	302.227	-85.6867	-391.981	-106.153	-114.866	-79.5513	29.5812	-117.738	305.891	-91.4849	-390.53	-111.792	-111.782	-85.465	6.58746	-27.2808	-613.022	73.3529	-20.9973	-618.017	6.34392	-27.6337	-620.81	73.9653	-21.2661	-625.789	7.15408	-28.7593	-615.76	74.6022	-22.53	-621.011	0.154699	-0.214934	0.964298	0.127806	-0.253657	0.958814	0.154699	0.0419683	0.98707	0.127806	0.00314528	0.991794	0.154699	0.0419683	0.98707	0.127806	0.00314528	0.991794	8.90725	2.40531	7.34285	0.180211	8.90725	2.40531	7.34285	0.180211	219.617	97.0604	272.068	79.3448	1225.2	541.481	1517.81	442.649	1378.47	482.123	1	1	1
"
 tid_15608_time_14:14:47:903 DPETW@ "GAZE_LOG_CALI: 630.244	395.593	627.615	401.198	906.29	421.826	902.452	427.607	277.17	398.597	275.509	404.169	555.824	424.782	552.611	430.815	
27.1574	-111.952	302.054	-85.5571	-392.137	-105.95	-114.993	-79.2938	29.7864	-117.557	305.894	-91.3398	-390.475	-111.523	-111.779	-85.3266	6.53933	-27.232	-613.093	73.3193	-20.9527	-618.093	6.29519	-27.5843	-620.882	73.9312	-21.2209	-625.864	7.20061	-28.6946	-615.541	74.6031	-22.4956	-621.016	0.163756	-0.200829	0.965842	0.132855	-0.252034	0.958555	0.163756	0.0559929	0.98491	0.132855	0.0046462	0.991125	0.163756	0.0559929	0.98491	0.132855	0.0046462	0.991125	9.43995	3.20983	7.63466	0.266208	9.43995	3.20983	7.63466	0.266208	225.061	105.326	275.055	80.25	1255.57	587.594	1534.47	447.699	1401.65	509.074	1	1	1
"
 tid_15608_time_14:14:47:925 DPETW@ "GAZE_LOG_CALI: 629.842	395.959	627.165	401.44	905.905	421.936	902.124	427.745	276.834	398.814	275.118	404.409	555.491	424.938	552.056	430.931	
26.7068	-111.71	301.726	-85.4191	-392.528	-105.71	-115.548	-79.1774	29.3849	-117.192	305.509	-91.2297	-390.811	-111.305	-112.112	-85.1699	6.43174	-27.1778	-613.18	73.1982	-20.91	-617.741	6.18626	-27.5293	-620.968	73.8088	-21.1779	-625.513	7.10517	-28.6282	-615.63	74.5182	-22.4657	-621.091	0.166275	-0.198856	0.96582	0.152227	-0.276352	0.948924	0.166275	0.0578924	0.984379	0.152227	-0.0213362	0.988115	0.166275	0.0578924	0.984379	0.152227	-0.0213362	0.988115	9.58753	3.31885	8.75801	-1.22257	9.58753	3.31885	8.75801	-1.22257	226.49	106.489	286.507	65.1238	1263.54	594.079	1598.37	363.313	1444.35	461.592	1	1	1
"
 tid_15608_time_14:14:47:947 DPETW@ "GAZE_LOG_CALI: 629.424	396.065	626.781	401.732	905.607	422.126	901.678	427.906	276.483	399.047	274.69	404.627	555.101	424.984	551.808	430.989	
26.3236	-111.418	301.28	-85.2579	-392.956	-105.492	-115.796	-79.1193	28.9661	-117.086	305.212	-91.0395	-391.162	-111.073	-112.502	-85.1247	6.33878	-27.1132	-613.11	73.1253	-20.8934	-618.038	6.09207	-27.4639	-620.898	73.7347	-21.1609	-625.81	7.00442	-28.5922	-615.737	74.4285	-22.4319	-620.947	0.170196	-0.210485	0.962668	0.136751	-0.250499	0.95841	0.170196	0.0458442	0.984343	0.136751	0.00609112	0.990587	0.170196	0.0458442	0.984343	0.136751	0.00609112	0.990587	9.80965	2.6276	7.86004	0.348998	9.80965	2.6276	7.86004	0.348998	228.679	99.5369	277.18	81.1706	1275.75	555.297	1546.33	452.835	1420.24	492.326	1	1	1
"
 tid_15608_time_14:14:47:969 DPETW@ "GAZE_LOG_CALI: 629.313	396.19	626.757	401.813	905.564	422.175	901.661	428.083	276.41	399.045	274.662	404.67	555.007	425.064	551.742	431.025	
26.299	-111.337	301.262	-85.0805	-392.984	-105.448	-115.861	-79.0838	28.8551	-116.961	305.168	-90.9909	-391.236	-111.074	-112.597	-85.0439	6.33283	-27.098	-613.104	73.1123	-20.865	-617.962	6.08604	-27.4485	-620.893	73.7217	-21.1322	-625.733	6.97845	-28.5798	-615.79	74.4084	-22.4132	-620.867	0.168321	-0.213366	0.962363	0.135222	-0.252248	0.958168	0.168321	0.0429824	0.984795	0.135222	0.00433955	0.990806	0.168321	0.0429824	0.984795	0.135222	0.00433955	0.990806	9.69924	2.46347	7.77154	0.248638	9.69924	2.46347	7.77154	0.248638	227.533	97.8714	276.244	80.1903	1269.36	546.005	1541.11	447.366	1414.57	484.462	1	1	1
"
 tid_15608_time_14:14:47:991 DPETW@ "GAZE_LOG_CALI: 629.559	396.147	626.945	401.779	905.738	422.226	901.931	428.155	276.571	399.07	274.9	404.652	555.228	425.123	551.888	431.156	
26.4875	-111.371	301.533	-85.0087	-392.745	-105.467	-115.715	-78.9527	29.1017	-117.004	305.342	-90.939	-391.074	-111.05	-112.376	-84.985	6.37931	-27.1075	-613.177	73.1553	-20.8337	-617.765	6.13314	-27.4581	-620.965	73.7654	-21.1005	-625.537	7.03672	-28.576	-615.663	74.4598	-22.4024	-620.945	0.164489	-0.203518	0.965155	0.143973	-0.269924	0.952057	0.164489	0.0532172	0.984942	0.143973	-0.0143165	0.989478	0.164489	0.0532172	0.984942	0.143973	-0.0143165	0.989478	9.48111	3.05056	8.27869	-0.820305	9.48111	3.05056	8.27869	-0.820305	225.342	103.813	281.504	69.3275	1257.14	579.151	1570.46	386.764	1425.13	468.042	1	1	1
"
 tid_15608_time_14:14:48:13 DPETW@ "GAZE_LOG_CALI: 629.851	396.11	627.324	401.667	906.068	422.214	902.25	428.111	276.96	399.058	275.283	404.562	555.584	425.124	552.141	431.087	
26.8665	-111.483	301.852	-85.0524	-392.362	-105.557	-115.463	-79.0211	29.3934	-117.041	305.673	-90.9512	-390.685	-111.062	-112.02	-84.9843	6.47056	-27.1321	-613.186	73.2211	-20.8441	-617.671	6.22558	-27.483	-620.975	73.8322	-21.1112	-625.442	7.10934	-28.5884	-615.803	74.5451	-22.405	-620.979	0.164838	-0.206172	0.964532	0.15165	-0.275215	0.949347	0.164838	0.0504921	0.985027	0.15165	-0.020128	0.988229	0.164838	0.0504921	0.985027	0.15165	-0.020128	0.988229	9.50006	2.89421	8.72435	-1.15333	9.50006	2.89421	8.72435	-1.15333	225.63	102.194	286.173	65.9188	1258.75	570.121	1596.5	367.748	1441.59	450.684	1	1	1
"
 tid_15608_time_14:14:48:34 DPETW@ "GAZE_LOG_CALI: 630.215	395.947	627.664	401.489	906.434	422.096	902.447	428.004	277.311	398.874	275.612	404.427	555.896	425.058	552.62	431.028	
27.2059	-111.662	302.049	-85.1595	-392.033	-105.692	-114.983	-79.0805	29.7569	-117.204	306.038	-91.0695	-390.334	-111.245	-111.708	-85.0499	6.55226	-27.1693	-613.17	73.3205	-20.8791	-618.112	6.30832	-27.5206	-620.958	73.9324	-21.1464	-625.883	7.1967	-28.6298	-615.793	74.6248	-22.4246	-620.903	0.165829	-0.207047	0.964175	0.133465	-0.246385	0.959938	0.165829	0.0495547	0.984909	0.133465	0.0104602	0.990998	0.165829	0.0495547	0.984909	0.133465	0.0104602	0.990998	9.55722	2.84044	7.67031	0.599336	9.55722	2.84044	7.67031	0.599336	226.298	101.617	275.429	83.7259	1262.47	566.904	1536.56	467.09	1406.58	507.954	1	1	1
"
 tid_15608_time_14:14:48:56 DPETW@ "GAZE_LOG_CALI: 630.678	395.735	628.085	401.269	906.778	422.066	902.921	427.83	277.809	398.689	275.999	404.124	556.319	424.92	552.959	430.924	
27.6276	-111.881	302.523	-85.3338	-391.646	-105.995	-114.645	-79.1847	30.2203	-117.416	306.383	-91.0995	-389.836	-111.43	-111.285	-85.1884	6.65302	-27.2303	-613.126	73.4113	-20.906	-617.906	6.41037	-27.5825	-620.914	74.0246	-21.1737	-625.677	7.30963	-28.6803	-615.845	74.7233	-22.4493	-621.018	0.170835	-0.208554	0.962975	0.143135	-0.261322	0.95458	0.170835	0.0477883	0.98414	0.143135	-0.00535396	0.989689	0.170835	0.0477883	0.98414	0.143135	-0.00535396	0.989689	9.84773	2.73911	8.22942	-0.306761	9.84773	2.73911	8.22942	-0.306761	229.388	100.558	281.271	74.4795	1279.71	560.992	1569.15	415.506	1436.3	473.124	1	1	1
"
 tid_15608_time_14:14:48:78 DPETW@ "GAZE_LOG_CALI: 631.007	395.507	628.372	401.081	906.975	421.954	903.156	427.699	278.107	398.438	276.297	403.944	556.572	424.831	553.223	430.861	
27.9145	-112.069	302.758	-85.4654	-391.348	-106.174	-114.381	-79.2471	30.5492	-117.644	306.579	-91.2119	-389.538	-111.682	-111.031	-85.2776	6.72271	-27.2751	-613.138	73.4738	-20.9311	-617.952	6.48096	-27.6279	-620.927	74.0878	-21.199	-625.723	7.38864	-28.7363	-615.8	74.7821	-22.4773	-621.112	0.170533	-0.208251	0.963094	0.143567	-0.264322	0.953689	0.170533	0.0481116	0.984177	0.143567	-0.00848211	0.989604	0.170533	0.0481116	0.984177	0.143567	-0.00848211	0.989604	9.8303	2.75765	8.25461	-0.485995	9.8303	2.75765	8.25461	-0.485995	229.279	100.698	281.6	72.6068	1279.1	561.776	1570.99	405.059	1437.42	467.545	1	1	1
"
 tid_15608_time_14:14:48:100 DPETW@ "GAZE_LOG_CALI: 631.01	395.345	628.569	400.921	907.069	421.833	903.266	427.634	278.188	398.288	276.491	403.805	556.729	424.777	553.479	430.784	
28.1117	-112.23	302.868	-85.5296	-391.154	-106.314	-114.125	-79.3246	30.5521	-117.806	306.674	-91.3331	-389.457	-111.832	-110.874	-85.3315	6.76935	-27.3116	-613.146	73.5271	-20.9558	-618.175	6.52821	-27.6649	-620.935	74.1416	-21.224	-625.946	7.39106	-28.7793	-615.914	74.8166	-22.5021	-621.206	0.165451	-0.213698	0.962787	0.136223	-0.257918	0.956515	0.165451	0.0427716	0.98529	0.136223	-0.00156549	0.990677	0.165451	0.0427716	0.98529	0.136223	-0.00156549	0.990677	9.53224	2.45138	7.82935	-0.0896958	9.53224	2.45138	7.82935	-0.0896958	226.25	97.5154	277.286	76.5848	1262.21	544.019	1546.92	427.251	1414.81	471.93	1	1	1
"
 tid_15608_time_14:14:48:124 DPETW@ "GAZE_LOG_CALI: 631.025	395.252	628.55	400.817	907.021	421.772	903.262	427.578	278.265	398.173	276.554	403.704	556.714	424.756	553.486	430.708	
28.092	-112.334	302.865	-85.5865	-391.091	-106.415	-114.118	-79.4005	30.5678	-117.899	306.626	-91.3941	-389.38	-111.946	-110.889	-85.3521	6.76637	-27.3416	-613.265	73.5283	-20.9725	-618.194	6.52524	-27.6952	-621.053	74.1428	-21.241	-625.965	7.39587	-28.8089	-616.006	74.811	-22.5139	-621.259	0.16613	-0.212511	0.962933	0.135799	-0.258691	0.956367	0.16613	0.0439557	0.985124	0.135799	-0.00234994	0.990734	0.16613	0.0439557	0.985124	0.135799	-0.00234994	0.990734	9.57223	2.51929	7.80486	-0.134642	9.57223	2.51929	7.80486	-0.134642	226.677	98.1549	277.036	76.1036	1264.59	547.587	1545.53	424.566	1415.31	472.391	1	1	1
"
 tid_15608_time_14:14:48:146 DPETW@ "GAZE_LOG_CALI: 630.832	395.364	628.297	400.951	906.783	421.966	902.989	427.657	278.166	398.287	276.393	403.806	556.566	424.879	553.2	430.766	
27.8391	-112.199	302.591	-85.5074	-391.252	-106.313	-114.403	-79.3427	30.3747	-117.787	306.387	-91.2001	-389.478	-111.833	-111.037	-85.2297	6.70713	-27.319	-613.399	73.4594	-20.9551	-618.169	6.46529	-27.6722	-621.187	74.073	-21.2233	-625.94	7.35004	-28.7886	-616.159	74.7689	-22.4799	-621.388	0.169313	-0.213643	0.962128	0.145798	-0.263235	0.953651	0.169313	0.0426535	0.984639	0.145798	-0.00744215	0.989286	0.169313	0.0426535	0.984639	0.145798	-0.00744215	0.989286	9.75682	2.44461	8.3837	-0.426408	9.75682	2.44461	8.3837	-0.426408	228.546	97.4011	282.951	73.1347	1275.01	543.381	1578.53	408.004	1440.02	458.532	1	1	1
"
 tid_15608_time_14:14:48:168 DPETW@ "GAZE_LOG_CALI: 630.638	395.672	628.062	401.145	906.588	422.109	902.708	427.976	277.917	398.626	276.224	404.053	556.3	424.996	552.969	430.953	
27.6043	-112.006	302.311	-85.1875	-391.421	-106.066	-114.635	-79.1555	30.18	-117.479	306.193	-91.0561	-389.728	-111.493	-111.304	-85.1124	6.65133	-27.2704	-613.501	73.3996	-20.8957	-618.235	6.40881	-27.6229	-621.289	74.0124	-21.1631	-626.007	7.30242	-28.7059	-616.068	74.7087	-22.4445	-621.291	0.165275	-0.200292	0.965695	0.141066	-0.259597	0.955358	0.165275	0.0564733	0.984629	0.141066	-0.00348687	0.989994	0.165275	0.0564733	0.984629	0.141066	-0.00348687	0.989994	9.52854	3.2374	8.1096	-0.199783	9.52854	3.2374	8.1096	-0.199783	226.152	105.495	280.065	75.4995	1261.66	588.535	1562.42	421.197	1421.25	493.145	1	1	1
"
 tid_15608_time_14:14:48:190 DPETW@ "GAZE_LOG_CALI: 630.63	395.87	628.041	401.389	906.515	422.258	902.582	428.208	277.865	398.771	276.168	404.313	556.224	425.183	552.941	431.114	
27.5829	-111.761	302.184	-84.9559	-391.477	-105.806	-114.663	-78.9943	30.1726	-117.281	306.12	-90.9078	-389.78	-111.348	-111.38	-84.9249	6.64561	-27.2072	-613.448	73.387	-20.8532	-618.393	6.40299	-27.5589	-621.237	73.9994	-21.1201	-626.164	7.29959	-28.6614	-616.004	74.6901	-22.4032	-621.282	0.165371	-0.20334	0.965042	0.135542	-0.251814	0.958237	0.165371	0.05336	0.984787	0.135542	0.00477642	0.99076	0.165371	0.05336	0.984787	0.135542	0.00477642	0.99076	9.53247	3.05875	7.79004	0.27367	9.53247	3.05875	7.79004	0.27367	226.181	103.746	276.77	80.3486	1261.82	578.779	1544.05	448.249	1410.58	503.729	1	1	1
"
 tid_15608_time_14:14:48:213 DPETW@ "GAZE_LOG_CALI: 630.655	396.007	628.061	401.521	906.639	422.399	902.718	428.335	277.981	398.935	276.291	404.419	556.349	425.316	553.003	431.232	
27.6035	-111.629	302.32	-84.8284	-391.354	-105.7	-114.601	-78.8767	30.1973	-117.144	306.244	-90.7667	-389.664	-111.184	-111.254	-84.792	6.65212	-27.1853	-613.604	73.4067	-20.8196	-618.278	6.40965	-27.5366	-621.392	74.0195	-21.086	-626.05	7.30694	-28.6314	-616.146	74.7203	-22.3695	-621.277	0.165119	-0.201458	0.965479	0.140411	-0.257134	0.956121	0.165119	0.0552914	0.984722	0.140411	-0.000910029	0.990093	0.165119	0.0552914	0.984722	0.140411	-0.000910029	0.990093	9.51886	3.16958	8.07163	-0.0521408	9.51886	3.16958	8.07163	-0.0521408	226.073	104.865	279.688	77.0752	1261.22	585.024	1560.32	429.987	1419.63	496.247	1	1	1
"
 tid_15608_time_14:14:48:235 DPETW@ "GAZE_LOG_CALI: 630.875	396.008	628.271	401.532	906.829	422.439	902.927	428.353	278.207	398.923	276.504	404.427	556.622	425.361	553.237	431.271	
27.8128	-111.618	302.529	-84.8113	-391.141	-105.692	-114.367	-78.8368	30.4176	-117.143	306.434	-90.7269	-389.437	-111.196	-110.982	-84.7471	6.70283	-27.1831	-613.608	73.4621	-20.8139	-618.318	6.46101	-27.5344	-621.396	74.0755	-21.0803	-626.09	7.36086	-28.6328	-616.149	74.7822	-22.3638	-621.409	0.165529	-0.202068	0.965282	0.144092	-0.261705	0.954331	0.165529	0.0546509	0.98469	0.144092	-0.00578879	0.989547	0.165529	0.0546509	0.98469	0.144092	-0.00578879	0.989547	9.54235	3.13283	8.28486	-0.331675	9.54235	3.13283	8.28486	-0.331675	226.368	104.494	281.957	74.2049	1262.86	582.951	1572.98	413.974	1428.25	485.351	1	1	1
"
 tid_15608_time_14:14:48:256 DPETW@ "GAZE_LOG_CALI: 631.083	395.987	628.573	401.462	907.074	422.441	903.258	428.337	278.565	398.867	276.861	404.373	556.878	425.375	553.629	431.282	
28.1152	-111.688	302.86	-84.8266	-390.784	-105.746	-113.974	-78.8259	30.6251	-117.164	306.679	-90.7241	-389.079	-111.253	-110.725	-84.7337	6.77667	-27.2017	-613.691	73.554	-20.8177	-618.416	6.53584	-27.5532	-621.48	74.1685	-21.084	-626.187	7.41387	-28.6526	-616.375	74.8442	-22.3624	-621.427	0.165831	-0.207643	0.964046	0.135824	-0.256973	0.956826	0.165831	0.0489454	0.984939	0.135824	-0.000572205	0.990733	0.165831	0.0489454	0.984939	0.135824	-0.000572205	0.990733	9.55707	2.80549	7.80628	-0.0327849	9.55707	2.80549	7.80628	-0.0327849	226.607	101.119	277.111	77.2399	1264.2	564.125	1545.95	430.906	1414.31	485.42	1	1	1
"
 tid_15608_time_14:14:48:278 DPETW@ "GAZE_LOG_CALI: 631.451	395.864	628.889	401.371	907.345	422.311	903.446	428.286	278.886	398.806	277.142	404.295	557.152	425.279	553.891	431.176	
28.431	-111.779	303.048	-84.8783	-390.503	-105.824	-113.713	-78.9327	30.9937	-117.287	306.95	-90.8549	-388.758	-111.314	-110.452	-84.8298	6.85241	-27.2198	-613.638	73.6132	-20.8407	-618.529	6.61254	-27.5715	-621.426	74.2284	-21.1073	-626.3	7.50188	-28.6719	-616.311	74.9113	-22.3905	-621.439	0.167561	-0.207334	0.963813	0.134595	-0.252919	0.958079	0.167561	0.049184	0.984634	0.134595	0.00366834	0.990894	0.167561	0.049184	0.984634	0.134595	0.00366834	0.990894	9.65784	2.81917	7.73527	0.210181	9.65784	2.81917	7.73527	0.210181	227.715	101.261	276.452	79.676	1270.38	564.915	1542.27	444.496	1415.04	493.469	1	1	1
"
 tid_15608_time_14:14:48:300 DPETW@ "GAZE_LOG_CALI: 631.583	395.815	628.987	401.251	907.405	422.238	903.488	428.192	278.912	398.597	277.265	404.133	557.267	425.22	553.941	431.1	
28.5295	-111.899	303.091	-84.9719	-390.379	-105.986	-113.663	-79.0087	31.1257	-117.336	307.01	-90.928	-388.733	-111.523	-110.336	-84.8879	6.87649	-27.2555	-613.678	73.6249	-20.8617	-618.539	6.63694	-27.6077	-621.466	74.2402	-21.1285	-626.31	7.5322	-28.6957	-616.148	74.936	-22.4094	-621.518	0.162726	-0.197752	0.966651	0.138933	-0.255737	0.956711	0.162726	0.0591738	0.984895	0.138933	0.000592574	0.990302	0.162726	0.0591738	0.984895	0.138933	0.000592574	0.990302	9.38175	3.39239	7.98611	0.033952	9.38175	3.39239	7.98611	0.033952	224.896	107.041	279.057	77.8487	1254.65	597.163	1556.81	434.303	1413.42	505.989	1	1	1
"
 tid_15608_time_14:14:48:323 DPETW@ "GAZE_LOG_CALI: 631.454	395.661	628.933	401.109	907.406	422.162	903.457	428.06	278.993	398.499	277.25	403.98	557.248	425.07	553.9	431.015	
28.4753	-112.042	303.06	-85.104	-390.395	-106.139	-113.703	-79.0928	30.9967	-117.49	307.011	-91.0034	-388.652	-111.621	-110.355	-85.0382	6.86431	-27.2936	-613.732	73.6157	-20.8876	-618.527	6.62463	-27.6462	-621.52	74.2309	-21.1547	-626.298	7.50513	-28.7407	-616.458	74.9325	-22.4358	-621.485	0.167613	-0.208338	0.963588	0.139507	-0.254708	0.956902	0.167613	0.0481562	0.984676	0.139507	0.00163558	0.99022	0.167612	0.0481562	0.984676	0.139507	0.00163558	0.99022	9.66035	2.76021	8.01933	0.0937119	9.66035	2.76021	8.01933	0.0937119	227.765	100.567	279.389	78.4388	1270.66	561.04	1558.66	437.594	1424.6	486.615	1	1	1
"
 tid_15608_time_14:14:48:345 DPETW@ "GAZE_LOG_CALI: 631.418	395.402	628.876	400.969	907.352	422.032	903.402	427.915	278.893	398.343	277.225	403.864	557.184	424.972	553.861	430.938	
28.4182	-112.181	303.004	-85.2493	-390.42	-106.254	-113.742	-79.1702	30.96	-117.749	306.957	-91.1337	-388.751	-111.777	-110.419	-85.1368	6.85047	-27.327	-613.79	73.6052	-20.9155	-618.553	6.61063	-27.68	-621.578	74.2202	-21.1831	-626.324	7.49464	-28.7869	-616.37	74.9175	-22.4633	-621.471	0.163797	-0.205088	0.96494	0.13758	-0.252611	0.957737	0.163797	0.0516455	0.985141	0.13758	0.00387691	0.990483	0.163797	0.0516455	0.985141	0.13758	0.00387691	0.990483	9.44009	2.96039	7.90792	0.222131	9.44009	2.96039	7.90792	0.222131	225.486	102.545	278.229	79.7199	1257.94	572.077	1552.18	444.741	1413.34	497.774	1	1	1
"
 tid_15608_time_14:14:48:367 DPETW@ "GAZE_LOG_CALI: 631.403	395.355	628.924	400.922	907.319	422.023	903.427	427.871	278.94	398.252	277.249	403.822	557.218	425.012	553.877	430.909	
28.4668	-112.228	303.029	-85.2929	-390.396	-106.297	-113.726	-79.1992	30.9453	-117.796	306.924	-91.1424	-388.704	-111.868	-110.386	-85.0967	6.86206	-27.336	-613.749	73.6096	-20.9239	-618.539	6.62236	-27.6892	-621.537	74.2247	-21.1915	-626.31	7.49217	-28.8079	-616.464	74.9218	-22.4632	-621.576	0.165115	-0.21237	0.963139	0.140801	-0.256851	0.95614	0.165115	0.0441451	0.985286	0.140801	-0.000631452	0.990038	0.165115	0.0441451	0.985286	0.140801	-0.000631452	0.990038	9.51325	2.53015	8.0942	-0.0361795	9.51325	2.53015	8.0942	-0.0361795	226.245	98.1626	280.158	77.0693	1262.18	547.63	1562.95	429.954	1423.26	474.819	1	1	1
"
 tid_15608_time_14:14:48:389 DPETW@ "GAZE_LOG_CALI: 631.49	395.307	628.971	400.888	907.406	422.025	903.43	427.873	279.03	398.288	277.306	403.764	557.307	425.003	553.868	430.928	
28.5134	-112.263	303.032	-85.2907	-390.339	-106.355	-113.735	-79.18	31.0323	-117.844	307.011	-91.1403	-388.615	-111.831	-110.296	-85.1051	6.87314	-27.3481	-613.77	73.6086	-20.9211	-618.533	6.63358	-27.7014	-621.559	74.2237	-21.1887	-626.304	7.5135	-28.8093	-616.464	74.9436	-22.4642	-621.582	0.16642	-0.209535	0.963535	0.145592	-0.257978	0.955118	0.16642	0.0469857	0.984935	0.145592	-0.00198524	0.989343	0.16642	0.0469857	0.984935	0.145592	-0.00198524	0.989343	9.59041	2.69308	8.37156	-0.113746	9.59041	2.69308	8.37156	-0.113746	227.056	99.8137	283.029	76.2779	1266.7	556.841	1578.96	425.539	1434.28	476.626	1	1	1
"
 tid_15608_time_14:14:48:411 DPETW@ "GAZE_LOG_CALI: 631.728	395.411	629.178	400.947	907.557	422.164	903.58	428.087	279.167	398.373	277.491	403.883	557.446	425.133	554.047	431.023	
28.7198	-112.203	303.183	-85.0773	-390.154	-106.236	-113.557	-79.0853	31.2704	-117.74	307.162	-91.0017	-388.477	-111.746	-110.158	-84.9751	6.9228	-27.3248	-613.734	73.65	-20.8847	-618.566	6.68387	-27.6779	-621.523	74.2656	-21.1518	-626.337	7.569	-28.7796	-616.319	74.9781	-22.4305	-621.559	0.164159	-0.204334	0.965039	0.142592	-0.255876	0.956135	0.164159	0.0523985	0.985041	0.142592	0.000308841	0.989781	0.164159	0.0523986	0.985041	0.142592	0.000308841	0.989781	9.46151	3.00359	8.19786	0.0176953	9.46151	3.00359	8.19786	0.0176953	225.771	103.001	281.278	77.6528	1259.53	574.623	1569.19	433.21	1423.87	491.862	1	1	1
"
 tid_15608_time_14:14:48:433 DPETW@ "GAZE_LOG_CALI: 631.817	395.523	629.29	401.072	907.721	422.267	903.782	428.226	279.267	398.413	277.57	403.934	557.565	425.201	554.157	431.095	
28.8321	-112.079	303.384	-84.9375	-390.075	-106.185	-113.446	-79.0136	31.3597	-117.628	307.326	-90.8989	-388.378	-111.707	-110.039	-84.9069	6.94928	-27.3016	-613.686	73.6824	-20.8542	-618.426	6.71067	-27.6544	-621.474	74.2986	-21.121	-626.197	7.59082	-28.762	-616.335	75.01	-22.4071	-621.491	0.165111	-0.207792	0.964137	0.144317	-0.260893	0.95452	0.165111	0.048825	0.985066	0.144317	-0.00495498	0.989519	0.165111	0.048825	0.985066	0.144317	-0.00495498	0.989519	9.51513	2.79858	8.29785	-0.283901	9.51513	2.79858	8.29785	-0.283901	226.344	100.948	282.328	74.6269	1262.73	563.167	1575.05	416.329	1430.09	475.339	1	1	1
"
 tid_15608_time_14:14:48:456 DPETW@ "GAZE_LOG_CALI: 632.142	395.496	629.58	401.065	907.942	422.446	904.083	428.309	279.504	398.424	277.836	403.936	557.783	425.395	554.535	431.234	
29.1226	-112.085	303.686	-84.8551	-389.809	-106.183	-113.069	-78.8743	31.6845	-117.655	307.548	-90.72	-388.14	-111.696	-109.82	-84.7132	7.01853	-27.3007	-613.656	73.7699	-20.8312	-618.545	6.78081	-27.6534	-621.444	74.387	-21.0976	-626.316	7.66803	-28.7578	-616.203	75.0634	-22.3612	-621.483	0.163401	-0.203396	0.965365	0.134154	-0.250627	0.958743	0.163401	0.0533892	0.985114	0.134154	0.00605348	0.990942	0.163401	0.0533892	0.985114	0.134154	0.00605348	0.990942	9.41793	3.06043	7.70984	0.346841	9.41793	3.06043	7.70984	0.346841	225.407	103.617	276.35	81.0804	1257.5	578.06	1541.7	452.332	1406.82	505.916	1	1	1
"
 tid_15608_time_14:14:48:477 DPETW@ "GAZE_LOG_CALI: 632.26	395.49	629.753	401.027	908.067	422.414	904.23	428.307	279.632	398.419	277.908	403.894	557.921	425.396	554.627	431.258	
29.2957	-112.124	303.833	-84.8566	-389.737	-106.224	-112.977	-78.8503	31.8027	-117.661	307.673	-90.7515	-388.012	-111.7	-109.683	-84.7124	7.05918	-27.3032	-613.494	73.7953	-20.8254	-618.456	6.82192	-27.6562	-621.283	74.4128	-21.0918	-626.227	7.69702	-28.7596	-616.215	75.0967	-22.366	-621.512	0.166369	-0.209773	0.963492	0.138666	-0.258358	0.956046	0.166369	0.0467447	0.984955	0.138666	-0.00211151	0.990337	0.166369	0.0467447	0.984955	0.138666	-0.00211151	0.990337	9.58733	2.67925	7.97065	-0.120981	9.58733	2.67925	7.97065	-0.120981	227.169	99.7755	279.06	76.3185	1267.33	556.627	1556.82	425.766	1422.51	477.605	3	1	1
"