
 tid_14176_time_14:3:12:104 DPETW@ "GAZE_LOG_CALI: 621.638	453.973	622.476	459.123	886.795	476.715	886.239	482.034	289.364	456.554	290.885	461.664	555.336	479.486	555.246	484.744	
22.0171	-54.0238	285.83	-31.1186	-376.753	-48.4479	-112.357	-25.3635	21.1791	-59.1743	286.386	-36.4382	-378.275	-53.5583	-112.267	-30.6213	5.58192	-13.9993	-645.43	72.7494	-8.14118	-648.096	5.33854	-14.1713	-653.224	73.3263	-8.24057	-655.874	5.39121	-15.3684	-648.19	73.2384	-9.53572	-651.193	0.0101784	-0.231339	0.97282	-0.0181038	-0.266638	0.963627	0.0101784	0.0283284	0.999547	-0.0181038	-0.00814775	0.999803	0.0101784	0.0283284	0.999547	-0.0181038	-0.00814775	0.999803	0.583425	1.62331	-1.03736	-0.466837	0.583425	1.62331	-1.03736	-0.466837	134.801	94.5187	185.482	77.3007	752.03	527.301	1034.77	431.245	893.4	479.273	1	0	0
"
 tid_14176_time_14:3:12:126 DPETW@ "GAZE_LOG_CALI: 621.083	451.388	621.787	456.348	886.142	474.031	885.538	479.37	288.658	454.099	289.934	458.907	554.474	476.759	554.364	482.22	
21.3283	-56.7995	285.129	-33.7825	-377.705	-51.2054	-113.239	-27.8878	20.6247	-61.7597	285.733	-39.123	-378.982	-56.014	-113.129	-33.3484	5.40363	-14.6924	-644.994	72.537	-8.79895	-647.792	5.1579	-14.873	-652.788	73.1116	-8.90643	-655.57	5.24826	-16.0052	-647.936	73.032	-10.2239	-650.834	0.0181323	-0.227192	0.973681	-0.0161912	-0.267989	0.963286	0.0181323	0.0325561	0.999305	-0.0161912	-0.00954066	0.999823	0.0181323	0.0325561	0.999305	-0.0161912	-0.00954066	0.999823	1.03951	1.86566	-0.927772	-0.546648	1.03951	1.86566	-0.927772	-0.546648	139.46	96.5153	186.449	75.8863	778.017	538.439	1040.16	423.355	909.088	480.897	1	0	0
"
 tid_14176_time_14:3:12:148 DPETW@ "GAZE_LOG_CALI: 619.839	450.444	620.714	455.581	885.051	473.363	884.493	478.629	287.244	453.034	288.696	458.317	553.393	476.134	553.255	481.464	
20.2558	-57.5664	284.083	-34.5234	-378.943	-51.795	-114.348	-28.6436	19.3804	-62.7032	284.642	-39.7905	-380.396	-57.0784	-114.21	-33.9736	5.1296	-14.8583	-644.715	72.2585	-8.98847	-647.681	4.8804	-15.0411	-652.509	72.8298	-9.09828	-655.46	4.93015	-16.2541	-647.64	72.7542	-10.3898	-650.845	0.00991287	-0.241748	0.970288	-0.015776	-0.269487	0.962875	0.00991287	0.0176181	0.999796	-0.015776	-0.011094	0.999814	0.00991287	0.0176181	0.999796	-0.015776	-0.011094	0.999814	0.568063	1.0095	-0.903992	-0.63565	0.568063	1.0095	-0.903992	-0.63565	134.171	87.318	186.424	74.7792	748.512	487.129	1040.02	417.178	894.266	452.154	1	0	0
"
 tid_14176_time_14:3:12:170 DPETW@ "GAZE_LOG_CALI: 618.58	450.16	619.467	455.387	884.001	473.037	883.292	478.279	285.95	452.794	287.339	458.079	552.015	475.826	552.02	481.242	
19.0081	-57.7606	282.882	-34.8735	-380.301	-52.0336	-115.583	-28.8656	18.1211	-62.9873	283.591	-40.1163	-381.69	-57.319	-115.588	-34.2818	4.81168	-14.9094	-644.535	71.9459	-9.06078	-647.623	4.55851	-15.0928	-652.329	72.5134	-9.17149	-655.402	4.60849	-16.3199	-647.587	72.4241	-10.4625	-650.294	0.0102042	-0.250546	0.968051	-0.0169651	-0.245034	0.969366	0.0102042	0.00854117	0.999911	-0.0169651	0.0142054	0.999755	0.0102042	0.00854117	0.999911	-0.0169651	0.0142054	0.999755	0.584691	0.489379	-0.972171	0.813938	0.584691	0.489379	-0.972171	0.813938	134.024	81.7905	185.379	90.2243	747.69	456.293	1034.19	503.343	890.942	479.818	1	0	0
"
 tid_14176_time_14:3:12:199 DPETW@ "GAZE_LOG_CALI: 617.364	450.05	618.214	455.334	882.721	472.806	882.246	478.142	284.413	452.729	285.895	457.996	550.704	475.542	550.476	480.901	
17.7555	-57.8132	281.836	-35.0106	-381.745	-52.1168	-117.127	-29.2067	16.906	-63.0977	282.31	-40.3475	-383.227	-57.3845	-116.9	-34.566	4.49224	-14.9194	-644.21	71.5867	-9.11037	-646.78	4.23502	-15.103	-652.004	72.1507	-9.22184	-654.559	4.29659	-16.3288	-647.038	72.0904	-10.5278	-650.234	0.0120373	-0.23962	0.970792	-0.0133494	-0.289071	0.957215	0.0120373	0.0198039	0.999731	-0.0133494	-0.0314758	0.999415	0.0120373	0.0198039	0.999731	-0.0133494	-0.0314758	0.999415	0.689837	1.13475	-0.765268	-1.80373	0.689837	1.13475	-0.765268	-1.80373	134.812	88.7093	187.24	62.4255	752.09	494.891	1044.57	348.259	898.158	419.714	1	0	0
"
 tid_14176_time_14:3:12:222 DPETW@ "GAZE_LOG_CALI: 616.335	451.132	617.305	456.319	882.062	473.448	881.433	478.83	283.395	453.665	284.874	458.967	549.794	476.238	549.618	481.593	
16.8464	-56.8281	281.022	-34.3223	-382.766	-51.1453	-117.985	-28.5146	15.8766	-62.0157	281.651	-39.7059	-384.246	-56.4479	-117.809	-33.8693	4.26146	-14.6671	-644.01	71.3708	-8.93366	-646.693	4.00132	-14.8477	-651.804	71.9322	-9.04298	-654.472	4.03533	-16.0722	-647.045	71.8748	-10.35	-649.805	0.00692163	-0.249176	0.968433	-0.0118352	-0.269609	0.962897	0.00692163	0.00996329	0.999926	-0.0118352	-0.0112066	0.999867	0.00692163	0.00996329	0.999926	-0.0118352	-0.0112066	0.999867	0.396603	0.570864	-0.678167	-0.642105	0.396603	0.570864	-0.678167	-0.642105	131.467	83.0233	187.952	75.03	733.429	463.171	1048.55	418.578	890.988	440.874	1	0	0
"
 tid_14176_time_14:3:12:244 DPETW@ "GAZE_LOG_CALI: 616.022	450.75	616.956	455.967	881.786	473.051	881.139	478.402	283.019	453.324	284.331	458.626	549.41	475.872	549.349	481.214	
16.4976	-57.18	280.728	-34.7511	-383.309	-51.4862	-118.254	-28.8934	15.5631	-62.3972	281.375	-40.1022	-384.622	-56.7888	-118.193	-34.2356	4.17099	-14.7477	-643.69	71.3009	-9.03718	-646.744	3.90961	-14.9294	-651.483	71.8614	-9.14776	-654.523	3.95474	-16.1618	-646.944	71.7843	-10.4446	-649.622	0.00959606	-0.262022	0.965014	-0.0152114	-0.255758	0.966621	0.00959606	-0.00332987	0.999948	-0.0152114	0.00313674	0.999879	0.00959606	-0.00332987	0.999948	-0.0152114	0.00313674	0.999879	0.549825	-0.190788	-0.871588	0.179722	0.549825	-0.190788	-0.871588	0.179722	132.997	74.9513	185.816	83.6902	741.964	418.138	1036.63	466.891	889.297	442.514	1	0	0
"
 tid_14176_time_14:3:12:266 DPETW@ "GAZE_LOG_CALI: 615.209	449.83	616.199	455.057	881.005	472.024	880.36	477.236	282.06	452.332	283.425	457.632	548.501	474.796	548.375	480.078	
15.7401	-58.0901	279.948	-35.9171	-384.216	-52.4808	-119.229	-30.0299	14.7508	-63.3175	280.594	-41.1298	-385.582	-57.7812	-119.102	-35.3112	3.97786	-14.9834	-643.442	71.0668	-9.32575	-646.416	3.714	-15.168	-651.236	71.6248	-9.43992	-654.195	3.74725	-16.3991	-646.694	71.5617	-10.7104	-649.417	0.00706686	-0.261598	0.965151	-0.0127656	-0.25695	0.96634	0.00706686	-0.00288479	0.999971	-0.0127656	0.00191252	0.999917	0.00706686	-0.00288479	0.999971	-0.0127656	0.00191252	0.999917	0.404906	-0.165287	-0.731436	0.109579	0.404906	-0.165287	-0.731436	0.109579	131.263	75.056	187.081	82.7432	732.292	418.723	1043.69	461.608	887.989	440.165	1	0	0
"
 tid_14176_time_14:3:12:288 DPETW@ "GAZE_LOG_CALI: 614.304	449.452	615.225	454.518	880.07	471.507	879.481	476.775	281.077	452.003	282.467	457.197	547.605	474.241	547.48	479.591	
14.7667	-58.6289	279.069	-36.3776	-385.175	-52.9153	-120.124	-30.5168	13.8454	-63.6956	279.659	-41.6471	-386.564	-58.1101	-119.998	-35.8665	3.73196	-15.1073	-643.462	70.8403	-9.44605	-646.389	3.46509	-15.2934	-651.255	71.3955	-9.5617	-654.168	3.51606	-16.4861	-646.569	71.3294	-10.8485	-649.469	0.0105383	-0.246603	0.969059	-0.0135674	-0.264086	0.964404	0.0105383	0.0126104	0.999865	-0.0135674	-0.00548154	0.999893	0.0105383	0.0126104	0.999865	-0.0135674	-0.00548154	0.999893	0.603857	0.722542	-0.777392	-0.314071	0.603857	0.722542	-0.777392	-0.314071	133.122	84.3356	186.362	78.1124	742.661	470.491	1039.67	435.774	891.168	453.132	1	0	0
"
 tid_14176_time_14:3:12:311 DPETW@ "GAZE_LOG_CALI: 613.44	449.066	614.369	454.244	879.508	471.02	878.834	476.381	280.074	451.564	281.479	456.802	546.734	473.856	546.581	479.268	
13.9103	-58.9036	278.422	-36.7718	-386.162	-53.3103	-121.022	-30.8397	12.9812	-64.0817	279.097	-42.1335	-387.568	-58.5496	-120.869	-36.2516	3.51405	-15.1872	-643.245	70.6293	-9.53113	-645.956	3.24441	-15.3744	-651.038	71.1824	-9.64791	-653.736	3.29613	-16.5851	-646.325	71.1291	-10.9513	-648.943	0.0106284	-0.248788	0.9685	-0.0107326	-0.262412	0.964896	0.0106284	0.0103554	0.99989	-0.0107326	-0.00373709	0.999935	0.0106284	0.0103554	0.99989	-0.0107326	-0.00373709	0.999935	0.609005	0.59333	-0.614951	-0.21412	0.609005	0.59333	-0.614951	-0.21412	132.953	82.9422	187.887	79.2092	741.721	462.718	1048.18	441.892	894.951	452.305	1	0	0
"
 tid_14176_time_14:3:12:333 DPETW@ "GAZE_LOG_CALI: 613.003	449.49	613.991	454.581	879.114	471.33	878.497	476.656	279.477	452.016	280.881	457.133	546.239	474.107	546.169	479.523	
13.5324	-58.5667	278.085	-36.4967	-386.76	-52.98	-121.434	-30.5848	12.5449	-63.6577	278.702	-41.8235	-388.166	-58.0969	-121.364	-36.0009	3.41734	-15.0941	-642.869	70.5297	-9.46193	-645.824	3.14635	-15.2802	-650.662	71.0816	-9.57788	-653.604	3.18372	-16.467	-646.06	71.0103	-10.8772	-648.789	0.00786434	-0.249705	0.96829	-0.0142964	-0.260541	0.965357	0.00786434	0.0094154	0.999925	-0.0142964	-0.00181007	0.999896	0.00786434	0.0094154	0.999925	-0.0142964	-0.00181007	0.999896	0.450618	0.539471	-0.819153	-0.10371	0.450618	0.539471	-0.819153	-0.10371	131.175	82.5568	185.61	80.4883	731.801	460.568	1035.48	449.028	883.641	454.798	1	0	0
"
 tid_14176_time_14:3:12:355 DPETW@ "GAZE_LOG_CALI: 612.805	449.307	613.626	454.482	878.918	471.017	878.342	476.33	279.166	451.845	280.534	457.04	545.859	473.854	545.839	479.347	
13.1674	-58.6653	277.93	-36.8234	-387.108	-53.0731	-121.765	-30.7602	12.3466	-63.8403	278.506	-42.1365	-388.476	-58.2685	-121.744	-36.2533	3.32503	-15.1191	-642.9	70.4585	-9.52154	-645.534	3.05291	-15.3056	-650.693	71.0098	-9.63827	-653.314	3.13222	-16.5075	-645.878	70.9266	-10.9443	-648.479	0.0159794	-0.242174	0.970101	-0.016595	-0.260739	0.965267	0.0159794	0.0171585	0.999725	-0.016595	-0.0020252	0.99986	0.0159794	0.0171585	0.999725	-0.016595	-0.0020252	0.99986	0.915727	0.983158	-0.950869	-0.116036	0.915727	0.983158	-0.950869	-0.116036	136.005	87.2223	184.139	80.3742	758.747	486.596	1027.27	448.392	893.01	467.494	1	0	0
"
 tid_14176_time_14:3:12:376 DPETW@ "GAZE_LOG_CALI: 612.328	448.484	613.22	453.636	878.599	470.029	877.997	475.414	278.589	451.093	280.034	456.177	545.467	472.851	545.376	478.239	
12.7613	-59.5109	277.585	-37.7388	-387.608	-53.9363	-122.228	-31.8689	11.8696	-64.6632	278.187	-43.1251	-389.053	-59.02	-122.136	-37.2569	3.22182	-15.3317	-642.743	70.3493	-9.77574	-645.327	2.94837	-15.5208	-650.536	70.8994	-9.89563	-653.107	3.01047	-16.7034	-645.712	70.8321	-11.1965	-648.355	0.0125014	-0.238092	0.971162	-0.0136543	-0.264022	0.96442	0.0125014	0.0213765	0.999693	-0.0136543	-0.00541492	0.999892	0.0125014	0.0213765	0.999693	-0.0136543	-0.00541492	0.999892	0.716459	1.22488	-0.782372	-0.310254	0.716459	1.22488	-0.782372	-0.310254	133.789	89.6096	185.828	78.1113	746.381	499.914	1036.7	435.767	891.538	467.841	1	0	0
"
 tid_14176_time_14:3:12:399 DPETW@ "GAZE_LOG_CALI: 611.313	448.583	612.279	453.688	877.697	469.93	877.132	475.309	277.604	451.076	279.027	456.292	544.504	472.734	544.385	478.073	
11.8203	-59.4592	276.719	-37.8442	-388.615	-53.8204	-123.218	-32.0343	10.8542	-64.5641	277.284	-43.224	-390.038	-59.0377	-123.099	-37.3738	2.984	-15.3078	-642.623	70.1067	-9.80718	-645.117	2.70757	-15.4967	-650.416	70.6541	-9.9275	-652.896	2.75366	-16.6943	-645.749	70.5907	-11.2224	-648.25	0.00956496	-0.248533	0.968576	-0.0131322	-0.268407	0.963216	0.00956496	0.0106212	0.999898	-0.0131322	-0.00996262	0.999864	0.00956496	0.0106212	0.999898	-0.0131322	-0.00996262	0.999864	0.548071	0.60856	-0.752477	-0.570826	0.548071	0.60856	-0.752477	-0.570826	131.765	83.1396	185.904	75.362	735.092	463.819	1037.12	420.429	886.105	442.124	1	0	0
"
 tid_14176_time_14:3:12:421 DPETW@ "GAZE_LOG_CALI: 610.388	449.052	611.314	454.196	876.842	470.188	876.219	475.588	276.548	451.53	278.034	456.784	543.561	473.048	543.488	478.412	
10.8557	-58.9516	275.805	-37.565	-389.609	-53.3283	-124.116	-31.6952	9.92973	-64.0952	276.429	-42.9661	-391.095	-58.5836	-124.043	-37.0596	2.74022	-15.1804	-642.571	69.8775	-9.72919	-645.141	2.46076	-15.3677	-650.364	70.422	-9.84856	-652.921	2.51842	-16.5714	-645.523	70.3564	-11.147	-648.098	0.0115573	-0.241301	0.970382	-0.0131493	-0.259948	0.965533	0.0115573	0.0180746	0.99977	-0.0131493	-0.00119232	0.999913	0.0115573	0.0180746	0.99977	-0.0131493	-0.00119232	0.999913	0.662307	1.03565	-0.753424	-0.0683147	0.662307	1.03565	-0.753424	-0.0683147	132.727	87.7966	185.661	80.7818	740.456	489.8	1035.76	450.666	888.11	470.233	1	0	0
"
 tid_14176_time_14:3:12:442 DPETW@ "GAZE_LOG_CALI: 606.94	449.881	609.326	455.078	873.345	470.808	874.041	476.375	273.135	452.459	276.094	457.692	539.936	473.671	541.233	479.142	
8.86769	-58.0689	273.626	-36.7774	-391.549	-52.4209	-126.37	-30.966	6.48139	-63.2663	272.931	-42.3461	-394.509	-57.6547	-127.667	-36.4363	2.23861	-14.956	-642.64	69.3102	-9.53502	-645.001	1.95301	-15.1405	-650.432	69.8479	-9.65204	-652.782	1.64337	-16.35	-645.572	69.441	-10.9853	-647.87	-0.0617044	-0.241027	0.968555	-0.07971	-0.261152	0.962001	-0.0617044	0.0178667	0.997935	-0.07971	-0.0032689	0.996813	-0.0617044	0.0178667	0.997935	-0.07971	-0.0032689	0.996813	-3.53821	1.02374	-4.57192	-0.187294	-3.53821	1.02374	-4.57192	-0.187294	87.7315	87.8945	144.34	79.7349	489.436	490.346	805.241	444.825	644.399	461.827	1	0	0
"
 tid_14176_time_14:3:12:464 DPETW@ "GAZE_LOG_CALI: 606.281	450.183	608.546	455.413	872.435	471.127	873.462	476.593	272.496	452.881	275.335	457.913	538.955	474.025	540.43	479.346	
8.0871	-57.7344	273.047	-36.5595	-392.309	-52.1994	-127.173	-30.7614	5.82238	-62.9642	272.02	-42.0263	-395.148	-57.232	-128.649	-36.0827	2.04214	-14.8864	-642.662	69.123	-9.47612	-644.625	1.75414	-15.07	-650.455	69.6588	-9.59248	-652.406	1.47663	-16.2586	-645.596	69.1955	-10.8973	-647.733	-0.0553922	-0.237252	0.969868	-0.0950577	-0.267734	0.958792	-0.0553922	0.0218525	0.998226	-0.0950577	-0.010457	0.995417	-0.0553922	0.0218525	0.998226	-0.0950577	-0.010457	0.995417	-3.17612	1.25216	-5.45494	-0.599155	-3.17612	1.25216	-5.45494	-0.599155	91.3744	90.3748	134.712	75.4865	509.76	504.183	751.531	421.124	626.553	454.982	1	0	0
"
 tid_14176_time_14:3:12:486 DPETW@ "GAZE_LOG_CALI: 606.316	449.848	608.589	455.022	872.646	470.663	873.533	476.216	272.468	452.496	275.385	457.547	539.036	473.546	540.447	478.961	
8.13001	-58.1254	273.118	-36.9369	-392.258	-52.566	-127.156	-31.1471	5.8576	-63.2996	272.231	-42.491	-395.176	-57.6176	-128.567	-36.5613	2.05245	-14.9826	-642.683	69.1313	-9.57148	-644.527	1.76459	-15.1675	-650.476	69.6673	-9.68903	-652.308	1.48557	-16.3475	-645.489	69.2265	-11.0139	-647.517	-0.0543697	-0.229951	0.971682	-0.0883256	-0.265483	0.960061	-0.0543697	0.0293743	0.998089	-0.0883256	-0.00795503	0.99606	-0.0543697	0.0293743	0.998089	-0.0883256	-0.00795503	0.99606	-3.11804	1.68327	-5.06745	-0.455794	-3.11804	1.68327	-5.06745	-0.455794	92.0016	94.8456	138.888	76.9547	513.258	529.125	774.829	429.315	641.769	474.895	1	0	0
"
 tid_14176_time_14:3:12:508 DPETW@ "GAZE_LOG_CALI: 606.698	449.664	609.195	454.636	873.123	470.386	874.246	475.782	272.77	452.18	275.796	457.268	539.503	473.243	541.033	478.605	
8.73652	-58.5117	273.831	-37.3706	-391.847	-52.8449	-126.571	-31.5028	6.23938	-63.4833	272.708	-42.7673	-394.874	-57.9332	-128.101	-36.8643	2.20446	-15.0593	-642.365	69.2898	-9.6685	-644.328	1.91832	-15.2451	-650.158	69.8279	-9.78728	-652.108	1.58196	-16.4077	-645.362	69.3464	-11.0875	-647.507	-0.0680028	-0.235048	0.969602	-0.100191	-0.270568	0.957473	-0.0680028	0.0239128	0.997399	-0.100191	-0.0135367	0.994876	-0.0680028	0.0239128	0.997399	-0.100191	-0.0135367	0.994876	-3.9004	1.37024	-5.75072	-0.775617	-3.9004	1.37024	-5.75072	-0.775617	83.8686	91.5379	131.738	73.4898	467.886	510.672	734.941	409.985	595.502	450.112	1	0	0
"
 tid_14176_time_14:3:12:530 DPETW@ "GAZE_LOG_CALI: 607.151	449.998	609.469	455.171	873.518	470.716	874.513	476.204	273.169	452.541	276.087	457.707	540.036	473.561	541.386	478.972	
9.01088	-57.9767	274.098	-36.9483	-391.556	-52.4062	-126.217	-31.1359	6.69214	-63.1492	273.103	-42.4376	-394.475	-57.572	-127.568	-36.5472	2.27376	-14.9368	-642.393	69.3729	-9.5705	-644.471	1.98848	-15.1212	-650.186	69.9119	-9.68804	-652.252	1.69733	-16.3169	-645.264	69.4716	-11.0088	-647.735	-0.0573876	-0.23569	0.970133	-0.0931554	-0.279446	0.955632	-0.0573876	0.0234301	0.998077	-0.0931554	-0.0225887	0.995395	-0.0573876	0.0234301	0.998077	-0.0931554	-0.0225887	0.995395	-3.29078	1.34257	-5.34653	-1.29435	-3.29078	1.34257	-5.34653	-1.29435	90.4075	91.3488	136.145	68.0092	504.365	509.617	759.525	379.41	626.601	434.16	1	0	0
"
 tid_14176_time_14:3:12:551 DPETW@ "GAZE_LOG_CALI: 607.533	450.352	609.861	455.45	873.995	471.188	875.094	476.482	273.465	453.01	276.356	458.098	540.278	474.032	541.808	479.473	
9.40218	-57.6977	274.681	-36.6703	-391.287	-52.0151	-125.795	-30.6342	7.07465	-62.7957	273.581	-41.9656	-394.178	-57.1032	-127.325	-36.076	2.37194	-14.8474	-642.189	69.492	-9.46773	-644.213	2.08778	-15.0307	-649.982	70.0326	-9.58406	-651.993	1.79321	-16.2091	-645.132	69.5515	-10.8822	-647.351	-0.0589229	-0.235736	0.970029	-0.0993087	-0.267962	0.958297	-0.0589229	0.0233589	0.997989	-0.0993087	-0.0108062	0.994998	-0.0589229	0.0233589	0.997989	-0.0993087	-0.0108062	0.994998	-3.37891	1.33849	-5.6997	-0.61916	-3.37891	1.33849	-5.6997	-0.61916	89.5818	91.443	132.497	75.3892	499.759	510.142	739.173	420.582	614.982	457.269	1	0	0
"
 tid_14176_time_14:3:12:573 DPETW@ "GAZE_LOG_CALI: 607.549	450.606	610.067	455.52	874.149	471.416	875.284	476.816	273.483	453.17	276.507	458.231	540.47	474.257	541.937	479.563	
9.60811	-57.6272	274.87	-36.3369	-391.136	-51.8813	-125.667	-30.5444	7.09052	-62.5411	273.735	-41.7376	-394.161	-56.9436	-127.134	-35.8511	2.42351	-14.8195	-642.1	69.5288	-9.41249	-644.1	2.13994	-15.0025	-649.893	70.07	-9.52816	-651.88	1.79719	-16.1567	-645.137	69.5974	-10.8255	-647.417	-0.069857	-0.235249	0.969422	-0.101128	-0.277663	0.955341	-0.069857	0.0236721	0.997276	-0.101128	-0.0209411	0.994653	-0.069857	0.0236721	0.997276	-0.101128	-0.0209411	0.994653	-4.0069	1.35644	-5.80542	-1.19993	-4.0069	1.35644	-5.80542	-1.19993	82.9722	91.6917	131.408	69.2654	462.885	511.53	733.101	386.418	590.98	436.749	1	0	0
"
 tid_14176_time_14:3:12:595 DPETW@ "GAZE_LOG_CALI: 607.701	450.324	610.204	455.442	874.218	471.179	875.267	476.623	273.672	452.944	276.772	457.99	540.713	473.995	542.114	479.447	
9.74562	-57.7055	274.853	-36.5295	-390.871	-52.1222	-125.489	-30.6604	7.24256	-62.823	273.804	-41.9749	-393.971	-57.1694	-126.891	-36.1125	2.45895	-14.8647	-642.313	69.5596	-9.45637	-644.433	2.17591	-15.0482	-650.106	70.1009	-9.57252	-652.213	1.83568	-16.2227	-645.202	69.6462	-10.8938	-647.705	-0.0673203	-0.232404	0.970287	-0.0963439	-0.279947	0.955169	-0.0673203	0.0266441	0.997375	-0.0963439	-0.0231919	0.995078	-0.0673203	0.0266441	0.997376	-0.0963439	-0.0231919	0.995078	-3.86146	1.52678	-5.53017	-1.32892	-3.86146	1.52678	-5.53017	-1.32892	84.5398	93.4012	134.364	67.7572	471.631	521.067	749.59	378.004	604.426	438.375	1	0	0
"
 tid_14176_time_14:3:12:617 DPETW@ "GAZE_LOG_CALI: 607.989	450.246	610.407	455.347	874.519	471.072	875.546	476.543	274.011	452.852	276.971	457.93	540.914	473.923	542.381	479.33	
9.94863	-57.8005	275.132	-36.61	-390.672	-52.1827	-125.223	-30.7777	7.53016	-62.9016	274.105	-42.082	-393.633	-57.2615	-126.689	-36.1845	2.5103	-14.8841	-642.306	69.628	-9.48101	-644.405	2.22789	-15.0678	-650.099	70.1701	-9.59747	-652.186	1.90872	-16.2465	-645.288	69.7053	-10.9139	-647.545	-0.0643077	-0.237476	0.969262	-0.0959217	-0.271681	0.957595	-0.0643077	0.0214793	0.997699	-0.0959217	-0.0145799	0.995282	-0.0643077	0.0214793	0.997699	-0.0959217	-0.0145799	0.995282	-3.68795	1.23077	-5.50496	-0.835394	-3.68795	1.23077	-5.50496	-0.835394	86.4353	90.2419	134.707	73.0161	482.205	503.441	751.503	407.342	611.479	445.607	1	0	0
"
 tid_14176_time_14:3:12:639 DPETW@ "GAZE_LOG_CALI: 608.654	450.687	611.212	455.745	875.158	471.601	876.247	477.076	274.801	453.248	277.783	458.385	541.598	474.43	543.191	479.825	
10.753	-57.4023	275.834	-36.0769	-389.859	-51.7274	-124.412	-30.2828	8.19502	-62.4602	274.745	-41.5522	-392.843	-56.8653	-126.005	-35.6776	2.71319	-14.7765	-642.324	69.8258	-9.35324	-644.597	2.43329	-14.9589	-650.117	70.3702	-9.46809	-652.377	2.07747	-16.1453	-645.503	69.8759	-10.7828	-647.613	-0.0744836	-0.248359	0.9658	-0.0994976	-0.264686	0.959188	-0.0744836	0.010071	0.997171	-0.0994976	-0.00741073	0.99501	-0.0744836	0.010071	0.997171	-0.0994976	-0.00741073	0.99501	-4.27177	0.577035	-5.7104	-0.424608	-4.27177	0.577035	-5.7104	-0.424608	80.4338	83.4182	132.679	77.4776	448.724	465.373	740.191	432.232	587.201	436.273	1	0	0
"
 tid_14176_time_14:3:12:661 DPETW@ "GAZE_LOG_CALI: 608.985	450.883	611.44	455.98	875.383	471.884	876.476	477.266	275.236	453.388	278.169	458.521	541.969	474.681	543.41	480.052	
10.9818	-57.1676	276.062	-35.8869	-389.473	-51.5914	-124.194	-30.0556	8.52633	-62.2643	274.969	-41.2698	-392.408	-56.7256	-125.634	-35.4267	2.7718	-14.7356	-642.587	69.8819	-9.30004	-644.581	2.49274	-14.9174	-650.38	70.427	-9.41424	-652.361	2.16265	-16.1067	-645.668	69.9598	-10.719	-647.869	-0.0677587	-0.244134	0.967371	-0.0993723	-0.277516	0.955568	-0.0677587	0.0145591	0.997595	-0.0993723	-0.0207409	0.994834	-0.0677587	0.0145591	0.997595	-0.0993722	-0.0207409	0.994834	-3.88568	0.834205	-5.70425	-1.18845	-3.88568	0.834205	-5.70425	-1.18845	84.5791	86.1173	132.802	69.3656	471.85	480.431	740.878	386.977	598.697	419.692	1	0	0
"
 tid_14176_time_14:3:12:682 DPETW@ "GAZE_LOG_CALI: 609.343	450.937	611.719	456.178	875.821	471.985	876.815	477.447	275.636	453.53	278.559	458.646	542.255	474.873	543.755	480.363	
11.26	-56.9692	276.401	-35.7052	-389.083	-51.467	-123.848	-29.7443	8.884	-62.2103	275.408	-41.1681	-392.008	-56.5831	-125.348	-35.2342	2.84366	-14.6987	-642.763	69.9693	-9.23767	-644.601	2.56556	-14.88	-650.555	70.5155	-9.3511	-652.381	2.25303	-16.0836	-645.747	70.0443	-10.6773	-647.619	-0.0629208	-0.242317	0.968155	-0.0949066	-0.267114	0.95898	-0.0629208	0.0165162	0.997882	-0.0949066	-0.00981045	0.995438	-0.0629208	0.0165162	0.997882	-0.0949066	-0.00981045	0.995438	-3.60797	0.94635	-5.4462	-0.562106	-3.60797	0.94635	-5.4462	-0.562106	87.5913	87.2974	135.659	76.1219	488.654	487.015	756.813	424.669	617.721	446.565	1	0	0
"
 tid_14176_time_14:3:12:704 DPETW@ "GAZE_LOG_CALI: 609.94	450.958	612.374	456.04	876.209	472.085	877.287	477.506	276.324	453.448	279.26	458.519	542.928	474.869	544.393	480.321	
11.9153	-57.1074	276.874	-35.647	-388.382	-51.594	-123.211	-29.7864	9.48154	-62.1891	275.795	-41.0683	-391.319	-56.6651	-124.675	-35.239	3.00885	-14.7341	-642.851	70.1191	-9.23942	-644.875	2.73282	-14.9158	-650.644	70.6668	-9.35282	-652.655	2.40549	-16.0949	-645.895	70.1945	-10.6728	-648.095	-0.0667509	-0.240436	0.968367	-0.0990039	-0.276712	0.955839	-0.0667509	0.0183881	0.9976	-0.0990039	-0.0198937	0.994888	-0.0667509	0.0183881	0.9976	-0.0990039	-0.0198937	0.994888	-3.82804	1.05362	-5.68294	-1.1399	-3.82804	1.05362	-5.68294	-1.1399	85.4147	88.3821	133.241	69.8627	476.512	493.066	743.326	389.75	603.07	428.915	1	0	0
"
 tid_14176_time_14:3:12:726 DPETW@ "GAZE_LOG_CALI: 610.365	450.277	612.769	455.47	876.616	471.642	877.676	477.087	276.807	452.914	279.827	457.977	543.305	474.456	544.897	479.771	
12.3108	-57.6771	277.263	-36.0658	-387.815	-52.1354	-122.707	-30.3364	9.90598	-62.8705	276.203	-41.5117	-390.836	-57.1991	-124.299	-35.6517	3.11059	-14.881	-643.131	70.2386	-9.36494	-645.06	2.83593	-15.0644	-650.924	70.7877	-9.47985	-652.839	2.51328	-16.2518	-645.999	70.2929	-10.7811	-648.043	-0.0635684	-0.233938	0.970171	-0.0990653	-0.260561	0.960361	-0.0635684	0.0251324	0.997661	-0.0990653	-0.00312331	0.995076	-0.0635684	0.0251324	0.997661	-0.0990653	-0.00312331	0.995076	-3.64581	1.44013	-5.68537	-0.178953	-3.64581	1.44013	-5.68537	-0.178953	87.44	92.2709	133.322	79.9717	487.81	514.761	743.774	446.146	612.236	474.259	1	0	0
"
 tid_14176_time_14:3:12:748 DPETW@ "GAZE_LOG_CALI: 611.082	450.566	613.479	455.759	877.359	472.137	878.415	477.478	277.662	453.332	280.518	458.387	544.125	474.867	545.588	480.34	
13.0206	-57.3882	278.002	-35.6743	-387.123	-51.7258	-122.015	-29.7678	10.6236	-62.5815	276.947	-41.0162	-389.98	-56.7815	-123.478	-35.2409	3.28908	-14.792	-643.113	70.4178	-9.24193	-644.992	3.01661	-14.9743	-650.906	70.9691	-9.35534	-652.772	2.69628	-16.1675	-646.23	70.4964	-10.6675	-648.17	-0.06623	-0.246699	0.966826	-0.0983062	-0.27288	0.957012	-0.06623	0.0119402	0.997733	-0.0983062	-0.0158891	0.995029	-0.06623	0.0119402	0.997733	-0.0983062	-0.0158891	0.995029	-3.79775	0.684137	-5.64236	-0.910418	-3.79775	0.684137	-5.64236	-0.910418	86.0047	84.3399	133.969	72.2842	479.803	470.515	747.384	403.259	606.625	423.949	1	0	0
"
 tid_14176_time_14:3:12:772 DPETW@ "GAZE_LOG_CALI: 612.068	450.512	614.455	455.6	878.238	471.961	879.337	477.364	278.65	453.076	281.527	458.162	545.024	474.727	546.498	480.237	
13.9963	-57.547	278.925	-35.7885	-386.114	-51.9501	-121.105	-29.8706	11.6096	-62.6356	277.826	-41.193	-388.992	-57.0372	-122.579	-35.3809	3.53594	-14.8417	-643.172	70.6498	-9.26906	-644.975	3.26653	-15.0246	-650.966	71.204	-9.3828	-652.755	2.94672	-16.207	-646.238	70.7245	-10.7083	-648.211	-0.0654848	-0.242109	0.968037	-0.10078	-0.278636	0.955094	-0.0654848	0.0166868	0.997714	-0.10078	-0.0219451	0.994667	-0.0654848	0.0166868	0.997714	-0.10078	-0.0219451	0.994667	-3.75521	0.95613	-5.7855	-1.25746	-3.75521	0.95613	-5.7855	-1.25746	86.704	87.163	132.667	68.5455	483.704	486.265	740.122	382.402	604.645	420.852	1	0	0
"
 tid_14176_time_14:3:12:793 DPETW@ "GAZE_LOG_CALI: 612.296	449.863	614.5	454.873	878.419	471.216	879.48	476.635	278.833	452.499	281.796	457.503	545.348	474.042	546.821	479.485	
14.0417	-58.2747	279.068	-36.5183	-385.845	-52.6099	-120.782	-30.6226	11.837	-63.2846	278.007	-41.9383	-388.809	-57.6145	-122.255	-36.0654	3.5493	-15.0259	-643.547	70.7192	-9.46143	-645.276	3.28022	-15.211	-651.34	71.2739	-9.57747	-653.055	3.0045	-16.3609	-646.161	70.7968	-10.8946	-648.449	-0.0519011	-0.216473	0.974908	-0.0991018	-0.273589	0.956728	-0.0519011	0.0432278	0.997716	-0.0991018	-0.0166477	0.994938	-0.0519011	0.0432278	0.997716	-0.0991018	-0.0166477	0.994938	-2.97784	2.47754	-5.68824	-0.953889	-2.97784	2.47754	-5.68824	-0.953889	94.962	103.04	133.759	71.5268	529.774	574.837	746.213	399.034	635.994	483.252	1	0	0
"
 tid_14176_time_14:3:12:815 DPETW@ "GAZE_LOG_CALI: 612.161	450.09	614.447	455.142	878.399	471.432	879.376	476.898	278.726	452.582	281.735	457.743	545.222	474.235	546.683	479.578	
13.9887	-58.0053	278.964	-36.2551	-385.906	-52.3691	-120.921	-30.5295	11.7029	-63.0571	277.987	-41.7221	-388.917	-57.5316	-122.381	-35.873	3.53627	-14.9608	-643.525	70.6865	-9.41546	-645.22	3.26702	-15.1451	-651.319	71.2408	-9.53095	-652.999	2.9702	-16.3228	-646.211	70.7725	-10.8397	-648.278	-0.0565372	-0.22432	0.972874	-0.0951543	-0.265917	0.959288	-0.0565372	0.0351218	0.997783	-0.0951543	-0.00857456	0.995426	-0.0565372	0.0351218	0.997783	-0.0951543	-0.00857456	0.995426	-3.24307	2.01274	-5.4604	-0.491292	-3.24307	2.01274	-5.4604	-0.491292	92.1306	98.1753	136.179	76.5401	513.978	547.701	759.716	427.002	634.825	483.643	1	0	0
"
 tid_14176_time_14:3:12:838 DPETW@ "GAZE_LOG_CALI: 611.9	449.975	614.386	455.046	878.088	471.385	879.125	476.803	278.486	452.49	281.483	457.589	544.987	474.176	546.454	479.588	
13.9277	-58.101	278.713	-36.3501	-386.158	-52.5233	-121.149	-30.5197	11.4414	-63.1729	277.675	-41.7689	-389.157	-57.6232	-122.617	-35.9312	3.51803	-14.9856	-643.225	70.6269	-9.4268	-645.255	3.24843	-15.1703	-651.019	71.1805	-9.54242	-653.035	2.90493	-16.3497	-646.232	70.7071	-10.8553	-648.41	-0.0695114	-0.238678	0.968608	-0.0980039	-0.271764	0.957361	-0.0695114	0.0201488	0.997378	-0.0980039	-0.0147205	0.995077	-0.0695114	0.0201488	0.997378	-0.0980039	-0.0147205	0.995077	-3.98674	1.15452	-5.62485	-0.843454	-3.98674	1.15452	-5.62485	-0.843454	84.2221	89.1183	134.348	72.7492	469.858	497.173	749.501	405.853	603.59	440.589	1	0	0
"
 tid_14176_time_14:3:12:860 DPETW@ "GAZE_LOG_CALI: 611.821	450.181	614.311	455.268	878.059	471.74	879.089	477.169	278.571	452.83	281.464	457.86	545.002	474.503	546.418	479.905	
13.8526	-57.8792	278.677	-35.9835	-386.178	-52.2525	-121.185	-30.2021	11.3625	-62.9669	277.647	-41.414	-389.071	-57.2836	-122.601	-35.6044	3.5003	-14.925	-643.306	70.6175	-9.33987	-645.25	3.23051	-15.109	-651.099	71.171	-9.45442	-653.03	2.88586	-16.2872	-646.506	70.7072	-10.7693	-648.468	-0.0724995	-0.247834	0.966086	-0.0972316	-0.27565	0.956328	-0.0724995	0.0106527	0.997312	-0.0972316	-0.018742	0.995085	-0.0724995	0.0106527	0.997312	-0.0972316	-0.018742	0.995085	-4.1578	0.610366	-5.58076	-1.0739	-4.1578	0.610366	-5.58076	-1.0739	82.3767	83.3813	134.811	70.3694	459.563	465.167	752.083	392.577	597.746	414.023	1	0	0
"
 tid_14176_time_14:3:12:882 DPETW@ "GAZE_LOG_CALI: 612.115	451.041	614.478	456.103	878.27	472.655	879.375	478.03	278.755	453.686	281.793	458.735	545.251	475.442	546.592	480.802	
14.0199	-57.0446	278.963	-35.1231	-385.848	-51.3775	-121.011	-29.3058	11.6561	-62.1065	277.858	-40.4984	-388.887	-56.4266	-122.353	-34.6656	3.54372	-14.7148	-643.578	70.6696	-9.11418	-645.065	3.27459	-14.896	-651.372	71.2238	-9.226	-652.844	2.95882	-16.0644	-646.335	70.7676	-10.5335	-648.526	-0.0609562	-0.225557	0.972321	-0.10061	-0.288307	0.952238	-0.0609562	0.033784	0.997568	-0.10061	-0.032026	0.99441	-0.0609562	0.033784	0.997569	-0.10061	-0.032026	0.99441	-3.4967	1.93605	-5.77728	-1.83527	-3.4967	1.93605	-5.77728	-1.83527	89.4346	97.5966	132.762	62.4831	498.938	544.472	740.654	348.581	613.923	435.592	1	0	0
"
 tid_14176_time_14:3:12:904 DPETW@ "GAZE_LOG_CALI: 612.603	450.42	615.076	455.45	878.725	472.001	879.777	477.405	279.348	452.988	282.24	458.045	545.804	474.875	547.273	480.245	
14.617	-57.6969	279.365	-35.7474	-385.401	-52.0678	-120.33	-29.8621	12.1446	-62.7275	278.313	-41.1527	-388.294	-57.1249	-121.8	-35.2327	3.69356	-14.879	-643.329	70.8231	-9.27064	-645.541	3.42616	-15.0624	-651.123	71.3789	-9.3843	-653.32	3.08395	-16.2364	-646.508	70.902	-10.6921	-648.702	-0.0716744	-0.245903	0.966641	-0.0988472	-0.271104	0.957461	-0.0716744	0.012661	0.997348	-0.0988472	-0.0140575	0.995003	-0.0716743	0.012661	0.997348	-0.0988472	-0.0140575	0.995003	-4.11049	0.725442	-5.67336	-0.805463	-4.11049	0.725442	-5.67336	-0.805463	83.0735	84.6423	133.993	73.2295	463.45	472.203	747.522	408.533	598.28	427.366	1	0	0
"
 tid_14176_time_14:3:12:926 DPETW@ "GAZE_LOG_CALI: 613.053	450.268	615.428	455.311	879.148	472.064	880.149	477.427	279.806	452.931	282.807	457.975	546.096	474.85	547.556	480.292	
14.9698	-57.8367	279.737	-35.726	-384.834	-52.1372	-120.048	-29.8159	12.5943	-62.8789	278.736	-41.0901	-387.836	-57.1822	-121.507	-35.2579	3.78481	-14.9136	-643.687	70.9012	-9.25988	-645.392	3.51868	-15.0972	-651.48	71.458	-9.37343	-653.172	3.19833	-16.2632	-646.523	70.9862	-10.6838	-648.484	-0.062789	-0.228537	0.971508	-0.0964805	-0.267929	0.958596	-0.062789	0.0306948	0.997555	-0.0964805	-0.0106967	0.995277	-0.062789	0.0306948	0.997555	-0.0964804	-0.0106967	0.995277	-3.60161	1.75896	-5.53685	-0.612889	-3.60161	1.75896	-5.53685	-0.612889	88.5594	95.496	135.555	75.3437	494.055	532.753	756.232	420.327	621.783	470.484	1	0	0
"
 tid_14176_time_14:3:12:948 DPETW@ "GAZE_LOG_CALI: 613.408	450.754	615.742	455.616	879.459	472.442	880.403	477.891	280.187	453.32	283.071	458.344	546.521	475.287	548.011	480.541	
15.2836	-57.5313	279.992	-35.2615	-384.57	-51.7684	-119.593	-29.5661	12.9494	-62.3937	279.048	-40.7117	-387.455	-56.7928	-121.082	-34.8209	3.86342	-14.8263	-643.608	71.0026	-9.17382	-645.727	3.59823	-15.0089	-651.401	71.5604	-9.28626	-653.506	3.28861	-16.153	-646.568	71.0865	-10.5827	-648.677	-0.0622173	-0.229911	0.971221	-0.0943459	-0.258117	0.961496	-0.0622173	0.0292935	0.997633	-0.0943459	-0.000467956	0.995539	-0.0622173	0.0292935	0.997633	-0.0943459	-0.000467956	0.995539	-3.56863	1.67863	-5.41368	-0.0268119	-3.56863	1.67863	-5.41368	-0.0268119	88.9932	94.7457	136.948	81.6138	496.475	528.567	764.007	455.307	628.245	488.378	1	0	0
"
 tid_14176_time_14:3:12:971 DPETW@ "GAZE_LOG_CALI: 613.648	450.758	616.144	455.675	879.707	472.589	880.638	477.926	280.457	453.32	283.3	458.406	546.751	475.351	548.283	480.771	
15.6852	-57.4722	280.227	-35.2271	-384.341	-51.7061	-119.32	-29.3367	13.1898	-62.3894	279.295	-40.5646	-387.185	-56.7928	-120.852	-34.7565	3.96334	-14.8044	-643.323	71.0693	-9.1411	-645.792	3.69925	-14.9868	-651.116	71.6279	-9.25312	-653.571	3.34997	-16.1537	-646.618	71.1466	-10.5553	-648.652	-0.074943	-0.250361	0.965248	-0.0941486	-0.254761	0.96241	-0.074943	0.00799425	0.997156	-0.0941486	0.00301018	0.995554	-0.074943	0.00799425	0.997156	-0.0941486	0.00301018	0.995554	-4.29808	0.458042	-5.40234	0.172471	-4.29808	0.458042	-5.40234	0.172471	81.3479	81.8783	137.131	83.7626	453.824	456.783	765.026	467.295	604.124	452.695	1	0	0
"
 tid_14176_time_14:3:12:992 DPETW@ "GAZE_LOG_CALI: 613.815	451.043	616.268	456.144	879.837	472.933	880.846	478.376	280.53	453.628	283.435	458.651	546.949	475.772	548.379	481.138	
15.8097	-57.0037	280.435	-34.7767	-384.206	-51.4613	-119.225	-28.9691	13.3569	-62.1042	279.426	-40.2203	-387.112	-56.4847	-120.654	-34.3354	3.99503	-14.7145	-643.339	71.1013	-9.03451	-645.6	3.73133	-14.8958	-651.133	71.6604	-9.14526	-653.38	3.39178	-16.0743	-646.46	71.1924	-10.4594	-648.77	-0.0702941	-0.243963	0.967234	-0.0971715	-0.272854	0.957135	-0.0702941	0.014688	0.997418	-0.0971715	-0.0158322	0.995142	-0.0702941	0.014688	0.997418	-0.0971716	-0.0158322	0.995142	-4.03132	0.841592	-5.57702	-0.907159	-4.03132	0.841592	-5.57702	-0.907159	84.2178	86.0342	135.3	72.3556	469.834	479.967	754.81	403.658	605.651	429.568	1	0	0
"
 tid_14176_time_14:3:13:14 DPETW@ "GAZE_LOG_CALI: 613.943	450.355	616.223	455.438	879.867	472.372	880.953	477.648	280.662	452.967	283.647	458.032	547.033	475.152	548.506	480.523	
15.7641	-57.7096	280.542	-35.5046	-383.993	-52.0801	-119.097	-29.5844	13.4841	-62.7923	279.455	-40.7817	-386.98	-57.1462	-120.57	-34.956	3.98618	-14.8919	-643.767	71.1323	-9.20561	-645.637	3.72256	-15.0753	-651.56	71.6918	-9.31845	-653.416	3.42432	-16.2461	-646.468	71.2097	-10.6116	-648.85	-0.0569803	-0.22369	0.972993	-0.101059	-0.271111	0.957228	-0.0569803	0.0357611	0.997735	-0.101059	-0.0141246	0.99478	-0.0569803	0.0357611	0.997735	-0.101059	-0.0141246	0.99478	-3.26859	2.0494	-5.80076	-0.809309	-3.26859	2.0494	-5.80076	-0.809309	92.3005	98.5792	132.924	73.2236	514.926	549.953	741.556	408.5	625.231	473.776	1	0	0
"
 tid_14176_time_14:3:13:36 DPETW@ "GAZE_LOG_CALI: 613.916	449.717	616.356	454.655	879.911	471.618	880.922	476.985	280.719	452.209	283.69	457.3	546.958	474.457	548.465	479.773	
15.8979	-58.4922	280.511	-36.1675	-383.951	-52.8124	-119.138	-30.3343	13.4579	-63.4308	279.5	-41.5355	-386.923	-57.9037	-120.646	-35.6509	4.01876	-15.0804	-643.622	71.1233	-9.38509	-645.632	3.75548	-15.2662	-651.416	71.6826	-9.50012	-653.411	3.41862	-16.4271	-646.604	71.1995	-10.7935	-648.659	-0.0679043	-0.234021	0.969857	-0.0976133	-0.261359	0.960293	-0.0679043	0.024971	0.997379	-0.0976133	-0.00391126	0.995217	-0.0679043	0.024971	0.997379	-0.0976133	-0.00391126	0.995217	-3.89484	1.43088	-5.60179	-0.224099	-3.89484	1.43088	-5.60179	-0.224099	85.6825	91.8654	135.061	79.3193	478.005	512.498	753.48	442.507	611.963	470.888	1	0	0
"
 tid_14176_time_14:3:13:58 DPETW@ "GAZE_LOG_CALI: 613.785	450.01	616.311	455.042	879.767	471.763	880.793	477.308	280.666	452.409	283.568	457.523	547.033	474.64	548.411	480.05	
15.8521	-58.1052	280.382	-35.8449	-384.073	-52.5891	-119.193	-30.0577	13.3267	-63.1372	279.355	-41.391	-386.975	-57.704	-120.57	-35.4675	4.00669	-15.0002	-643.491	71.1038	-9.31061	-645.746	3.74321	-15.185	-651.285	71.6628	-9.42472	-653.526	3.38589	-16.3677	-646.734	71.2027	-10.7575	-649.021	-0.075771	-0.250797	0.96507	-0.0974874	-0.282397	0.954331	-0.075771	0.00752738	0.997097	-0.0974874	-0.0257757	0.994903	-0.075771	0.00752738	0.997097	-0.0974874	-0.0257757	0.994903	-4.34565	0.431291	-5.59637	-1.477	-4.34565	0.431291	-5.59637	-1.477	80.8767	81.3603	135.087	65.9414	451.195	453.893	753.624	367.874	592.694	392.704	1	0	0
"
 tid_14176_time_14:3:13:80 DPETW@ "GAZE_LOG_CALI: 613.601	450.142	616.118	455.31	879.649	472.014	880.607	477.416	280.432	452.628	283.436	457.737	546.768	474.886	548.312	480.265	
15.6591	-57.8369	280.196	-35.7363	-384.205	-52.3759	-119.292	-29.8427	13.1423	-63.0053	279.237	-41.1398	-387.21	-57.4854	-120.835	-35.222	3.95905	-14.9414	-643.584	71.0727	-9.27164	-645.9	3.69502	-15.1254	-651.377	71.6312	-9.38524	-653.679	3.33839	-16.3211	-646.653	71.1456	-10.6902	-648.778	-0.0729821	-0.244678	0.966854	-0.0953095	-0.256106	0.961939	-0.0729821	0.0138997	0.997236	-0.0953095	0.00158824	0.995446	-0.0729821	0.0138997	0.997236	-0.0953095	0.00158824	0.995446	-4.18569	0.796422	-5.46914	0.0909995	-4.18569	0.796422	-5.46914	0.0909995	82.5248	85.2735	136.409	82.735	460.39	475.724	760.999	461.562	605.969	460.373	1	0	0
"
 tid_14176_time_14:3:13:101 DPETW@ "GAZE_LOG_CALI: 613.274	450.589	615.597	455.632	879.336	472.601	880.359	477.985	280.241	453.257	283.155	458.358	546.574	475.436	548.024	480.682	
15.1387	-57.5153	279.948	-35.1677	-384.486	-51.7549	-119.579	-29.4259	12.8154	-62.5587	278.924	-40.5522	-387.401	-56.8562	-121.029	-34.6715	3.82933	-14.8311	-643.982	71.0019	-9.14539	-645.821	3.56388	-15.0137	-651.776	71.5596	-9.25746	-653.6	3.2563	-16.1897	-646.876	71.087	-10.5479	-648.967	-0.0609325	-0.232986	0.970569	-0.0977974	-0.267041	0.95871	-0.0609325	0.0261548	0.997799	-0.0977974	-0.00980929	0.995158	-0.0609325	0.0261548	0.997799	-0.0977974	-0.00980929	0.995158	-3.49454	1.49873	-5.61262	-0.56204	-3.49454	1.49873	-5.61262	-0.56204	89.7249	92.7408	134.798	75.8839	500.557	517.383	752.009	423.341	622.529	463.503	1	0	0
"
 tid_14176_time_14:3:13:123 DPETW@ "GAZE_LOG_CALI: 613.205	450.759	615.494	455.791	879.091	472.694	880.288	478.076	280.161	453.316	283.045	458.373	546.273	475.543	547.783	480.843	
15.0355	-57.356	279.876	-35.0763	-384.596	-51.7394	-119.82	-29.2647	12.7462	-62.3879	278.679	-40.4598	-387.481	-56.7969	-121.33	-34.5648	3.8031	-14.8088	-643.973	70.9526	-9.10937	-645.538	3.53732	-14.9911	-651.766	71.5099	-9.22105	-653.318	3.23874	-16.16	-646.857	71.0143	-10.5211	-648.875	-0.0590673	-0.231241	0.971102	-0.106459	-0.279227	0.954306	-0.0590673	0.0279777	0.997862	-0.106459	-0.0227198	0.994058	-0.0590673	0.0279777	0.997862	-0.106459	-0.0227198	0.994057	-3.38761	1.60321	-6.11281	-1.30186	-3.38761	1.60321	-6.11281	-1.30186	90.8365	93.8738	129.388	68.0591	506.759	523.703	721.83	379.688	608.492	441.151	1	0	0
"
 tid_14176_time_14:3:13:146 DPETW@ "GAZE_LOG_CALI: 613.414	450.235	615.786	455.4	879.341	472.227	880.331	477.603	280.366	452.918	283.286	457.894	546.531	475.053	548.091	480.44	
15.3278	-57.7476	279.919	-35.5502	-384.354	-52.2185	-119.512	-29.6671	12.9558	-62.9128	278.929	-40.9266	-387.275	-57.1955	-121.072	-35.0548	3.87661	-14.9172	-643.89	71.0123	-9.22688	-645.983	3.61169	-15.1009	-651.683	71.57	-9.33992	-653.762	3.29193	-16.2774	-646.852	71.0796	-10.6434	-648.888	-0.064179	-0.236134	0.969599	-0.0967368	-0.25713	0.961523	-0.064179	0.0228627	0.997676	-0.0967368	0.000491962	0.99531	-0.064179	0.0228627	0.997676	-0.0967368	0.000491962	0.99531	-3.68068	1.31005	-5.55129	0.0281873	-3.68068	1.31005	-5.55129	0.0281873	87.7985	90.6753	135.455	82.0846	489.81	505.859	755.676	457.934	619.654	476.418	1	0	0
"
 tid_14176_time_14:3:13:168 DPETW@ "GAZE_LOG_CALI: 613.754	450.259	616.18	455.385	879.702	472.231	880.623	477.523	280.674	452.966	283.599	457.933	546.897	475.088	548.386	480.424	
15.7217	-57.7623	280.211	-35.6301	-384.041	-52.1795	-119.217	-29.684	13.2958	-62.888	279.29	-40.923	-386.968	-57.1466	-120.706	-35.0196	3.97544	-14.911	-643.757	71.0872	-9.23924	-645.992	3.71168	-15.0946	-651.55	71.6458	-9.35242	-653.771	3.37821	-16.2665	-646.797	71.173	-10.6386	-648.903	-0.0679637	-0.238843	0.968677	-0.0934907	-0.254327	0.962589	-0.0679637	0.0200071	0.997487	-0.0934907	0.00347537	0.995614	-0.0679637	0.0200071	0.997487	-0.0934907	0.00347537	0.995614	-3.89782	1.1464	-5.36449	0.199124	-3.89782	1.1464	-5.36449	0.199124	85.5951	88.9769	137.54	83.9006	477.518	496.384	767.309	468.065	619.332	476.768	1	0	0
"
 tid_14176_time_14:3:13:189 DPETW@ "GAZE_LOG_CALI: 614.04	450.519	616.413	455.669	879.945	472.545	880.968	477.9	280.956	453.192	283.87	458.319	547.146	475.377	548.547	480.682	
15.9547	-57.4782	280.557	-35.2525	-383.771	-51.7936	-119.056	-29.4255	13.5814	-62.6288	279.534	-40.6089	-386.686	-56.921	-120.457	-34.7304	4.03447	-14.8276	-643.824	71.1411	-9.15407	-645.684	3.77146	-15.0102	-651.617	71.7006	-9.26627	-653.463	3.45034	-16.2048	-646.799	71.236	-10.5617	-648.91	-0.0645491	-0.240141	0.96859	-0.0976773	-0.272343	0.957229	-0.0645491	0.0187315	0.997739	-0.0976773	-0.0153143	0.9951	-0.0645491	0.0187315	0.997739	-0.0976773	-0.0153143	0.9951	-3.70161	1.0733	-5.60609	-0.877479	-3.70161	1.0733	-5.60609	-0.877479	87.738	88.2633	135.022	72.5338	489.473	492.403	753.262	404.652	615.734	438.023	1	0	0
"
 tid_14176_time_14:3:13:211 DPETW@ "GAZE_LOG_CALI: 613.985	450.886	616.403	455.936	879.877	472.849	880.906	478.218	280.849	453.367	283.779	458.49	547.006	475.636	548.445	480.942	
15.9444	-57.2117	280.495	-34.9343	-383.862	-51.6227	-119.158	-29.1652	13.5265	-62.2611	279.466	-40.3045	-386.793	-56.7458	-120.597	-34.4715	4.0308	-14.7692	-643.692	71.1179	-9.07962	-645.614	3.76769	-14.9511	-651.486	71.6771	-9.19092	-653.393	3.4361	-16.1336	-646.71	71.2055	-10.4879	-648.793	-0.067237	-0.239773	0.968498	-0.0981929	-0.270045	0.957828	-0.067237	0.0190626	0.997555	-0.0981929	-0.0129393	0.995083	-0.067237	0.0190626	0.997555	-0.0981929	-0.0129393	0.995083	-3.85601	1.09227	-5.63559	-0.741388	-3.85601	1.09227	-5.63559	-0.741388	86.098	88.5559	134.686	74.0826	480.323	494.036	751.387	413.292	610.292	443.54	2	0	0
"
 tid_14176_time_14:3:13:233 DPETW@ "GAZE_LOG_CALI: 613.643	450.767	616.118	455.693	879.57	472.664	880.476	478.022	280.527	453.23	283.463	458.397	546.895	475.462	548.316	480.811	
15.6599	-57.4542	280.064	-35.1311	-384.178	-51.7154	-119.288	-29.2964	13.1848	-62.3806	279.158	-40.4893	-387.115	-56.8832	-120.708	-34.6456	3.95884	-14.8104	-643.634	71.0639	-9.12839	-646.122	3.69483	-14.9928	-651.428	71.6221	-9.24019	-653.901	3.34982	-16.167	-646.735	71.1629	-10.539	-649.119	-0.0711465	-0.242144	0.967628	-0.0922556	-0.260942	0.960936	-0.0711465	0.0165474	0.997329	-0.0922556	-0.00334212	0.99573	-0.0711465	0.0165474	0.997329	-0.0922556	-0.00334212	0.99573	-4.0804	0.948141	-5.29341	-0.19149	-4.0804	0.948141	-5.29341	-0.19149	83.6402	87.0009	138.267	79.7919	466.612	485.36	771.362	445.143	614.469	457.107	1	1	1
"
 tid_14176_time_14:3:13:255 DPETW@ "GAZE_LOG_CALI: 613.319	450.653	615.623	455.58	879.247	472.581	880.369	477.911	280.309	453.197	283.247	458.321	546.574	475.374	548.01	480.563	
15.1648	-57.567	279.958	-35.2415	-384.394	-51.7914	-119.593	-29.5448	12.8608	-62.4949	278.835	-40.5729	-387.332	-56.9156	-121.03	-34.7336	3.8365	-14.8448	-644.094	71	-9.1693	-645.779	3.57118	-15.0275	-651.887	71.5577	-9.28166	-653.558	3.2679	-16.1902	-646.917	71.0807	-10.561	-649.12	-0.0593117	-0.227378	0.971999	-0.102734	-0.275517	0.955791	-0.0593117	0.0319418	0.997728	-0.102734	-0.0187517	0.994532	-0.0593117	0.0319418	0.997728	-0.102734	-0.0187517	0.994532	-3.40205	1.83044	-5.89766	-1.07446	-3.40205	1.83044	-5.89766	-1.07446	90.7103	96.2267	131.731	70.3768	506.055	536.829	734.903	392.618	616.002	456.612	1	1	1
"
 tid_14176_time_14:3:13:277 DPETW@ "GAZE_LOG_CALI: 613.137	450.209	615.579	455.341	879.137	472.184	880.097	477.481	280.182	452.925	283.042	457.912	546.373	475.004	547.805	480.45	
15.1202	-57.8059	279.685	-35.672	-384.599	-52.2004	-119.798	-29.6573	12.679	-62.9381	278.725	-40.9701	-387.46	-57.1882	-121.23	-35.1035	3.82322	-14.9211	-643.836	70.9434	-9.23997	-645.901	3.55762	-15.1048	-651.629	71.5003	-9.35318	-653.68	3.22259	-16.2834	-647.001	71.0359	-10.6564	-648.962	-0.0699769	-0.246163	0.966699	-0.0944462	-0.265045	0.959599	-0.0699769	0.0124247	0.997471	-0.0944462	-0.00765157	0.995501	-0.0699769	0.0124247	0.997471	-0.0944462	-0.00765157	0.995501	-4.01297	0.711899	-5.4196	-0.438407	-4.01297	0.711899	-5.4196	-0.438407	84.2096	84.3316	136.81	77.0962	469.788	470.469	763.236	430.104	610.733	439.691	1	1	1
"
 tid_14176_time_14:3:13:299 DPETW@ "GAZE_LOG_CALI: 613.188	450.566	615.549	455.607	879.148	472.363	880.208	477.702	280.271	453.155	283.151	458.303	546.455	475.212	547.878	480.509	
15.0907	-57.5401	279.797	-35.4509	-384.489	-51.8092	-119.726	-29.5982	12.73	-62.5812	278.736	-40.7907	-387.371	-56.9584	-121.149	-34.8952	3.81689	-14.8431	-644.067	70.9646	-9.20348	-645.836	3.55132	-15.0258	-651.86	71.5219	-9.31626	-653.616	3.23558	-16.2103	-647.066	71.0516	-10.6088	-649.083	-0.0638016	-0.239365	0.968831	-0.0992735	-0.27289	0.956909	-0.0638016	0.0195434	0.997771	-0.0992735	-0.0159253	0.994933	-0.0638016	0.0195434	0.997771	-0.0992735	-0.0159253	0.994933	-3.65875	1.11983	-5.69806	-0.912491	-3.65875	1.11983	-5.69806	-0.912491	87.9594	88.6837	133.84	72.0673	490.708	494.749	746.668	402.049	612.892	437.674	1	1	1
"
 tid_14176_time_14:3:13:321 DPETW@ "GAZE_LOG_CALI: 613.116	451.013	615.463	456.077	878.93	472.622	879.967	477.977	280.135	453.453	283.048	458.643	546.311	475.416	547.616	480.716	
15.0045	-57.0699	279.555	-35.1758	-384.593	-51.4693	-119.987	-29.3913	12.6572	-62.1349	278.518	-40.5312	-387.506	-56.6599	-121.292	-34.6917	3.79564	-14.7395	-644.027	70.899	-9.14159	-645.787	3.52979	-14.921	-651.82	71.4555	-9.25362	-653.566	3.21623	-16.1131	-646.967	71.0094	-10.5517	-649.205	-0.0626152	-0.238058	0.96923	-0.097563	-0.283912	0.953874	-0.0626152	0.0209089	0.997819	-0.097563	-0.0273576	0.994853	-0.0626152	0.0209089	0.997819	-0.097563	-0.0273576	0.994853	-3.59072	1.19808	-5.60096	-1.56767	-3.59072	1.19808	-5.60096	-1.56767	88.6628	89.6259	134.822	65.1222	494.632	500.005	752.146	363.304	616.613	418.603	1	1	1
"
 tid_14176_time_14:3:13:342 DPETW@ "GAZE_LOG_CALI: 612.89	450.833	615.349	455.778	878.724	472.314	879.763	477.643	279.955	453.228	282.836	458.376	546.137	475.196	547.55	480.5	
14.8903	-57.3693	279.351	-35.5095	-384.805	-51.736	-120.053	-29.6077	12.4314	-62.3149	278.312	-40.8396	-387.687	-56.8855	-121.467	-34.9115	3.76563	-14.8077	-643.868	70.8728	-9.21485	-646.026	3.49934	-14.99	-651.661	71.4287	-9.32774	-653.805	3.1597	-16.1665	-647.035	70.9624	-10.62	-649.254	-0.0709652	-0.24581	0.966717	-0.0980872	-0.271805	0.957341	-0.0709652	0.01277	0.997397	-0.0980872	-0.0147655	0.995068	-0.0709652	0.01277	0.997397	-0.0980872	-0.0147655	0.995068	-4.06976	0.731686	-5.62965	-0.846029	-4.06976	0.731686	-5.62965	-0.846029	83.542	84.6457	134.466	72.7177	466.064	472.221	750.158	405.677	600.96	425.923	1	1	1
"
 tid_14176_time_14:3:13:364 DPETW@ "GAZE_LOG_CALI: 612.235	450.519	614.63	455.533	878.171	472.186	879.224	477.534	279.421	453.155	282.367	458.232	545.674	474.999	547.112	480.444	
14.1719	-57.6139	278.812	-35.619	-385.275	-51.8807	-120.491	-29.6631	11.7768	-62.6286	277.759	-40.9675	-388.221	-56.9577	-121.93	-35.1088	3.58611	-14.8664	-644.278	70.754	-9.23815	-646.186	3.31779	-15.0494	-652.071	71.3083	-9.35129	-653.965	2.99439	-16.2204	-647.228	70.8375	-10.6641	-649.403	-0.0647708	-0.234541	0.969946	-0.098687	-0.275176	0.956315	-0.0647708	0.0244909	0.9976	-0.098687	-0.0182875	0.99495	-0.0647708	0.0244909	0.9976	-0.098687	-0.0182875	0.99495	-3.71481	1.40336	-5.66452	-1.04785	-3.71481	1.40336	-5.66452	-1.04785	87.1161	91.6265	133.955	70.487	486.003	511.166	747.31	393.233	611.029	441.911	1	1	1
"
 tid_14176_time_14:3:13:386 DPETW@ "GAZE_LOG_CALI: 612.211	450.801	614.515	455.738	878.177	472.319	879.232	477.704	279.415	453.281	282.326	458.395	545.614	475.133	547.034	480.506	
14.0566	-57.4092	278.82	-35.449	-385.315	-51.7179	-120.569	-29.6014	11.7521	-62.346	277.765	-40.8341	-388.227	-56.8321	-121.989	-34.9743	3.55773	-14.8227	-644.399	70.7403	-9.20676	-646.047	3.28912	-15.005	-652.193	71.2946	-9.31955	-653.826	2.98813	-16.1693	-647.261	70.827	-10.628	-649.29	-0.0592916	-0.229356	0.971535	-0.0985638	-0.275822	0.956142	-0.0592916	0.0299113	0.997792	-0.0985638	-0.0189555	0.99495	-0.0592916	0.0299113	0.997792	-0.0985638	-0.0189555	0.99495	-3.40067	1.71405	-5.65749	-1.08613	-3.40067	1.71405	-5.65749	-1.08613	90.425	94.9406	134.03	70.1458	504.463	529.655	747.725	391.329	621.606	452.165	1	1	1
"
 tid_14176_time_14:3:13:408 DPETW@ "GAZE_LOG_CALI: 615.551	450.373	616.407	455.579	881.95	472.171	880.791	477.505	282.676	452.915	284.277	458.21	549.321	474.977	548.775	480.479	
15.9489	-57.5683	280.38	-35.6482	-383.363	-51.9024	-118.828	-29.6285	15.0925	-62.7742	281.54	-40.9827	-384.965	-57.1977	-118.282	-35.1307	4.03719	-14.8684	-644.512	71.1705	-9.23953	-646.357	3.7745	-15.0513	-652.305	71.7297	-9.35266	-654.136	3.83644	-16.2671	-647.153	71.7802	-10.665	-649.21	0.0117002	-0.229672	0.973198	0.00989224	-0.257421	0.966249	0.0117002	0.0300363	0.99948	0.00989224	0.00143416	0.99995	0.0117002	0.0300363	0.99948	0.00989224	0.00143416	0.99995	0.67069	1.72121	0.566793	0.0821715	0.67069	1.72121	0.566793	0.0821715	134.152	94.915	201.037	82.5503	748.408	529.512	1121.54	460.531	934.976	495.022	1	1	1
"
 tid_14176_time_14:3:13:431 DPETW@ "GAZE_LOG_CALI: 620.113	450.871	618.945	456.192	885.252	472.869	882.806	478.369	287.218	453.392	286.614	458.606	552.942	475.61	550.911	481.221	
18.4861	-56.955	282.395	-34.7834	-381.026	-51.5067	-116.692	-28.8865	19.6549	-62.2762	284.843	-40.2843	-380.422	-56.7204	-114.661	-34.4978	4.67732	-14.7328	-644.191	71.7063	-9.03786	-646.582	4.42236	-14.9141	-651.985	72.2719	-9.14847	-654.361	4.9958	-16.142	-647.148	72.6839	-10.503	-649.757	0.114166	-0.244442	0.96292	0.0855522	-0.281254	0.955812	0.114166	0.0131093	0.993375	0.0855522	-0.0242876	0.996038	0.114166	0.0131093	0.993375	0.0855522	-0.0242876	0.996038	6.55606	0.751131	4.90923	-1.39172	6.55606	0.751131	4.90923	-1.39172	197.528	84.8786	248.058	66.901	1101.97	473.521	1383.86	373.228	1247.51	412.707	1	1	1
"
 tid_14176_time_14:3:13:452 DPETW@ "GAZE_LOG_CALI: 620.119	450.581	619.109	455.886	885.461	472.569	883.101	478.086	287.263	453.116	286.896	458.48	553.025	475.342	551.186	480.789	
18.6503	-57.2613	282.69	-35.0664	-380.744	-51.6326	-116.417	-29.3187	19.6604	-62.5661	285.052	-40.5848	-380.377	-56.9972	-114.578	-34.7658	4.72032	-14.7919	-644.386	71.7776	-9.12834	-646.544	4.46597	-14.9739	-652.18	72.3441	-9.24006	-654.322	4.99728	-16.2159	-647.221	72.7139	-10.5722	-649.546	0.103373	-0.241635	0.964845	0.07437	-0.267906	0.96057	0.103373	0.0163184	0.994509	0.07437	-0.0101635	0.997179	0.103373	0.0163184	0.994509	0.07437	-0.0101635	0.997179	5.93423	0.935016	4.26525	-0.582337	5.93423	0.935016	4.26525	-0.582337	190.915	86.7251	241.208	75.5018	1065.08	483.822	1345.65	421.21	1206.82	448.79	1	1	1
"
 tid_14176_time_14:3:13:474 DPETW@ "GAZE_LOG_CALI: 620.056	450.276	618.903	455.458	885.41	472.222	882.987	477.555	287.155	452.757	286.716	458.186	553.083	475.004	551.081	480.49	
18.4445	-57.6894	282.576	-35.5974	-380.924	-51.9268	-116.522	-29.6177	19.5979	-62.8718	285.001	-40.9322	-380.484	-57.3556	-114.52	-35.1036	4.66793	-14.8847	-644.438	71.7501	-9.23405	-646.555	4.41295	-15.0678	-652.232	72.3163	-9.34707	-654.334	4.98085	-16.2986	-647.146	72.7215	-10.6629	-649.735	0.107897	-0.23385	0.966267	0.0844072	-0.274079	0.957996	0.107897	0.0242066	0.993867	0.0844072	-0.016792	0.99629	0.107897	0.0242066	0.993867	0.0844072	-0.016792	0.99629	6.19595	1.38707	4.84263	-0.962157	6.19595	1.38707	4.84263	-0.962157	193.673	91.453	247.379	71.322	1080.46	510.198	1380.08	397.891	1232.42	449.067	1	1	1
"
 tid_14176_time_14:3:13:496 DPETW@ "GAZE_LOG_CALI: 619.775	450.468	618.621	455.6	885.195	472.352	882.627	477.873	286.93	452.94	286.505	458.258	552.916	475.232	550.906	480.594	
18.1627	-57.5471	282.217	-35.2801	-381.134	-51.854	-116.697	-29.5131	19.3164	-62.6797	284.785	-40.8023	-380.71	-57.1733	-114.687	-34.8752	4.59813	-14.8599	-644.544	71.6932	-9.18489	-646.872	4.34234	-15.0427	-652.338	72.2584	-9.29725	-654.651	4.91058	-16.253	-647.227	72.6754	-10.6184	-649.816	0.107576	-0.229134	0.967432	0.0829259	-0.262686	0.961311	0.107576	0.0290631	0.993772	0.0829259	-0.00492942	0.996543	0.107576	0.0290631	0.993772	0.0829258	-0.00492942	0.996544	6.17825	1.66543	4.75682	-0.282436	6.17825	1.66543	4.75682	-0.282436	193.424	94.4254	246.426	78.5678	1079.07	526.781	1374.76	438.314	1227.21	481.895	1	1	1
"
 tid_14176_time_14:3:13:518 DPETW@ "GAZE_LOG_CALI: 619.542	450.448	618.396	455.674	884.979	472.336	882.432	477.869	286.712	452.954	286.335	458.259	552.776	475.237	550.667	480.612	
17.9372	-57.4737	282.022	-35.2836	-381.305	-51.8529	-116.936	-29.496	19.0832	-62.6991	284.57	-40.8179	-380.928	-57.1585	-114.827	-34.8703	4.54165	-14.8526	-644.634	71.6351	-9.18205	-646.789	4.28521	-15.0352	-652.428	72.1996	-9.29439	-654.568	4.85202	-16.2541	-647.244	72.6346	-10.6219	-649.947	0.105844	-0.227598	0.967986	0.0901007	-0.274967	0.957223	0.105844	0.0306903	0.993909	0.0901007	-0.0178498	0.995773	0.105844	0.0306903	0.993909	0.0901007	-0.0178498	0.995773	6.07869	1.7587	5.17023	-1.02277	6.07869	1.7587	5.17023	-1.02277	192.308	95.4051	250.807	70.6532	1072.85	532.246	1399.2	394.16	1237.8	459.234	1	1	1
"
 tid_14176_time_14:3:13:541 DPETW@ "GAZE_LOG_CALI: 619.528	450.555	618.374	455.787	884.947	472.436	882.433	477.955	286.776	453.07	286.327	458.36	552.78	475.266	550.656	480.643	
17.9156	-57.3605	282.022	-35.1976	-381.313	-51.752	-116.947	-29.4642	19.0697	-62.5922	284.537	-40.7175	-380.864	-57.0434	-114.823	-34.8414	4.53676	-14.8258	-644.652	71.633	-9.16678	-646.768	4.28026	-15.0082	-652.446	72.1975	-9.27894	-654.547	4.84865	-16.2293	-647.386	72.6327	-10.6061	-649.997	0.108549	-0.233212	0.966348	0.0914179	-0.27881	0.955985	0.108549	0.0248439	0.993781	0.0914179	-0.0218829	0.995572	0.108549	0.0248439	0.993781	0.0914179	-0.0218829	0.995572	6.23361	1.4236	5.24644	-1.2539	6.23361	1.4236	5.24644	-1.2539	193.969	91.8519	251.624	68.1936	1082.11	512.423	1403.76	380.439	1246.04	439.481	1	1	1
"
 tid_14176_time_14:3:13:563 DPETW@ "GAZE_LOG_CALI: 621.166	450.773	619.181	455.85	886.483	472.921	883.042	478.037	288.531	453.33	287.193	458.469	554.413	475.587	551.331	480.818	
18.723	-57.2973	282.632	-35.1161	-380.447	-51.6437	-116.273	-29.2898	20.708	-62.3745	286.074	-40.2331	-379.108	-56.7825	-113.191	-34.5206	4.74169	-14.8063	-644.757	71.8005	-9.1357	-646.886	4.48775	-14.9884	-652.55	72.367	-9.24745	-654.665	5.2672	-16.1729	-647.583	73.044	-10.5056	-650.164	0.150881	-0.229293	0.961592	0.143387	-0.26645	0.953124	0.150881	0.0273986	0.988172	0.143387	-0.0106846	0.989609	0.150881	0.0273986	0.988172	0.143387	-0.0106846	0.989609	8.68126	1.57002	8.24438	-0.612193	8.68126	1.57002	8.24438	-0.612193	220.622	93.5055	284.272	75.0329	1230.81	521.648	1585.9	418.594	1420.34	453.815	1	1	1
"
 tid_14176_time_14:3:13:584 DPETW@ "GAZE_LOG_CALI: 621.272	450.412	619.181	455.549	886.331	472.491	883.08	477.648	288.604	453.054	287.303	458.131	554.314	475.241	551.468	480.507	
18.7223	-57.5984	282.669	-35.5052	-380.337	-51.9814	-116.135	-29.6002	20.8136	-62.7356	285.922	-40.6632	-379.035	-57.0589	-113.29	-34.8669	4.74236	-14.8917	-644.949	71.8286	-9.22701	-647.052	4.48851	-15.0748	-652.742	72.3953	-9.33985	-654.83	5.2932	-16.2529	-647.536	73.0152	-10.6064	-650.256	0.14907	-0.218252	0.96444	0.129537	-0.264622	0.955613	0.14907	0.0387997	0.988065	0.129537	-0.00827414	0.99154	0.14907	0.0387997	0.988065	0.129537	-0.00827414	0.99154	8.57952	2.22362	7.44311	-0.474079	8.57952	2.22362	7.44311	-0.474079	219.543	100.399	275.6	76.3999	1224.78	560.107	1537.51	426.22	1388.76	482.554	1	1	1
"
 tid_14176_time_14:3:13:606 DPETW@ "GAZE_LOG_CALI: 620.927	450.631	618.823	455.696	886.072	472.674	882.766	477.936	288.313	453.275	287.022	458.388	554.056	475.446	551.248	480.721	
18.3646	-57.451	282.356	-35.2172	-380.618	-51.7247	-116.355	-29.3862	20.4688	-62.5169	285.663	-40.4798	-379.327	-56.8375	-113.547	-34.6612	4.65247	-14.8434	-645.077	71.7659	-9.16528	-647.203	4.39757	-15.0258	-652.87	72.3317	-9.27734	-654.981	5.20615	-16.199	-647.623	72.9491	-10.5566	-650.256	0.148707	-0.215772	0.965054	0.125123	-0.259253	0.95767	0.148707	0.041354	0.988016	0.125123	-0.00255635	0.992138	0.148707	0.041354	0.988016	0.125123	-0.00255635	0.992138	8.5594	2.37009	7.18791	-0.146468	8.5594	2.37009	7.18791	-0.146468	219.254	101.993	272.786	79.9504	1223.17	569	1521.82	446.027	1378.23	499.554	1	1	1
"
 tid_14176_time_14:3:13:628 DPETW@ "GAZE_LOG_CALI: 620.684	450.923	618.518	456.145	885.909	472.956	882.529	478.3	288.114	453.561	286.752	458.576	553.872	475.792	551.081	481.187	
18.0598	-57.002	282.119	-34.8525	-380.887	-51.5367	-116.522	-28.9202	20.2255	-62.2243	285.5	-40.1982	-379.526	-56.5513	-113.732	-34.3157	4.57643	-14.7637	-645.122	71.7185	-9.06108	-647.319	4.32062	-14.9451	-652.916	72.2836	-9.17185	-655.098	5.14499	-16.127	-647.692	72.9033	-10.4758	-650.222	0.152131	-0.218117	0.963992	0.121874	-0.256422	0.958851	0.152131	0.0388144	0.987598	0.121874	0.000484437	0.992545	0.152131	0.0388144	0.987598	0.121874	0.000484437	0.992545	8.75711	2.22446	7.00028	0.0277562	8.75711	2.22446	7.00028	0.0277562	221.335	100.508	270.72	81.8981	1234.79	560.713	1510.29	456.893	1378.17	501.007	1	1	1
"
 tid_14176_time_14:3:13:650 DPETW@ "GAZE_LOG_CALI: 620.711	450.923	618.51	456.134	885.959	472.985	882.562	478.336	288.181	453.507	286.742	458.583	553.91	475.851	551.15	481.192	
18.0514	-57.0131	282.152	-34.8171	-380.898	-51.5292	-116.453	-28.9154	20.2521	-62.2244	285.55	-40.1683	-379.458	-56.6063	-113.693	-34.2568	4.57467	-14.7639	-645.113	71.7336	-9.0568	-647.381	4.31883	-14.9454	-652.907	72.2988	-9.1675	-655.159	5.15233	-16.1357	-647.76	72.9139	-10.4641	-650.197	0.155831	-0.222553	0.962386	0.119071	-0.251001	0.960635	0.155831	0.0341144	0.987194	0.119071	0.00618209	0.992867	0.155831	0.0341144	0.987194	0.119071	0.00618209	0.992867	8.97027	1.95499	6.8386	0.35421	8.97027	1.95499	6.8386	0.35421	223.652	97.6217	268.989	85.4	1247.71	544.612	1500.64	476.43	1379.78	502.81	1	1	1
"
 tid_14176_time_14:3:13:672 DPETW@ "GAZE_LOG_CALI: 620.875	450.945	618.709	456.137	886.142	473.013	882.848	478.376	288.305	453.534	286.907	458.54	554.111	475.848	551.274	481.181	
18.2505	-57.0102	282.437	-34.7768	-380.733	-51.5724	-116.329	-28.9263	20.4161	-62.2029	285.733	-40.1409	-379.334	-56.5786	-113.492	-34.2592	4.62409	-14.768	-645.067	71.7766	-9.04946	-647.12	4.36883	-14.9495	-652.86	72.3426	-9.16011	-654.898	5.19344	-16.1279	-647.696	72.9642	-10.4614	-650.235	0.153809	-0.219801	0.963343	0.12736	-0.266612	0.955352	0.153809	0.0370198	0.987407	0.12736	-0.010264	0.991804	0.153809	0.0370198	0.987407	0.12736	-0.010264	0.991803	8.85386	2.12156	7.31742	-0.588094	8.85386	2.12156	7.31742	-0.588094	222.427	99.4144	274.197	75.3283	1240.88	554.613	1529.69	420.242	1393.72	475.667	1	1	1
"
 tid_14176_time_14:3:13:693 DPETW@ "GAZE_LOG_CALI: 621.154	450.508	619.092	455.493	886.427	472.561	883.21	477.911	288.504	453.171	287.221	458.26	554.295	475.388	551.403	480.699	
18.6332	-57.6539	282.799	-35.2422	-380.419	-51.8524	-116.2	-29.4084	20.696	-62.6394	286.019	-40.5928	-379.135	-56.942	-113.308	-34.7191	4.7198	-14.8826	-644.961	71.8254	-9.16459	-646.725	4.46568	-15.0656	-652.754	72.3923	-9.27672	-654.504	5.26434	-16.2262	-647.552	73.0181	-10.5753	-650.06	0.148191	-0.215351	0.965227	0.13396	-0.277962	0.951206	0.148191	0.0418059	0.988075	0.13396	-0.0223003	0.990736	0.148191	0.0418059	0.988075	0.13396	-0.0223003	0.990736	8.52964	2.396	7.7004	-1.27782	8.52964	2.396	7.7004	-1.27782	218.98	102.257	278.353	67.8846	1221.65	570.469	1552.87	378.715	1396.98	460.82	1	1	1
"
 tid_14176_time_14:3:13:715 DPETW@ "GAZE_LOG_CALI: 621.262	450.145	619.191	455.309	886.621	472.166	883.18	477.492	288.616	452.746	287.275	457.774	554.442	475.034	551.541	480.364	
18.7322	-57.8383	282.77	-35.6605	-380.364	-52.3382	-116.062	-29.7438	20.8033	-63.0028	286.212	-40.9883	-379.023	-57.3668	-113.162	-35.0734	4.74484	-14.9659	-644.882	71.8491	-9.26437	-647.002	4.49099	-15.1499	-652.676	72.416	-9.37767	-654.781	5.29082	-16.3272	-647.574	73.0593	-10.6701	-649.994	0.151019	-0.222275	0.963217	0.128679	-0.258506	0.957401	0.151019	0.0345973	0.987925	0.128679	-0.00190383	0.991684	0.151019	0.0345973	0.987925	0.128679	-0.00190383	0.991685	8.69123	1.98267	7.39326	-0.109082	8.69123	1.98267	7.39326	-0.109082	220.746	97.7562	275.071	80.3079	1231.5	545.362	1534.57	448.022	1390.49	486.403	1	1	1
"
 tid_14176_time_14:3:13:738 DPETW@ "GAZE_LOG_CALI: 621.101	450.443	619.013	455.484	886.544	472.494	883.224	477.756	288.436	453.086	287.149	458.151	554.321	475.273	551.437	480.557	
18.5548	-57.6633	282.814	-35.3968	-380.49	-51.9618	-116.167	-29.5503	20.6427	-62.7041	286.136	-40.6597	-379.203	-57.0273	-113.282	-34.8341	4.70054	-14.8978	-644.964	71.8329	-9.20285	-646.764	4.44619	-15.0809	-652.758	72.3999	-9.31545	-654.542	5.25032	-16.2448	-647.531	73.0312	-10.5962	-649.914	0.148515	-0.214948	0.965267	0.130354	-0.264439	0.955552	0.148515	0.0422053	0.988009	0.130354	-0.00811368	0.991434	0.148515	0.0422053	0.988009	0.130354	-0.00811368	0.991434	8.54855	2.41891	7.49031	-0.464885	8.54855	2.41891	7.49031	-0.464885	219.166	102.488	276.081	76.5987	1222.68	571.763	1540.2	427.329	1388.53	489.777	1	1	1
"
 tid_14176_time_14:3:13:760 DPETW@ "GAZE_LOG_CALI: 620.736	450.453	618.581	455.529	886.11	472.575	882.754	477.805	287.942	453.057	286.547	458.244	553.939	475.36	551.139	480.591	
18.1229	-57.6182	282.343	-35.3476	-381.092	-51.8682	-116.464	-29.5162	20.2779	-62.6947	285.701	-40.5791	-379.697	-57.0555	-113.664	-34.7475	4.58863	-14.8739	-644.685	71.745	-9.19624	-647.045	4.33278	-15.0569	-652.479	72.3106	-9.30871	-654.823	5.15549	-16.242	-647.321	72.9297	-10.5762	-649.997	0.153593	-0.221261	0.963044	0.123104	-0.25205	0.959852	0.153593	0.0355323	0.987495	0.123104	0.00496687	0.992381	0.153593	0.0355323	0.987495	0.123104	0.00496687	0.992381	8.84081	2.03628	7.07135	0.284582	8.84081	2.03628	7.07135	0.284582	222.188	98.4763	271.48	84.6008	1239.54	549.38	1514.53	471.971	1382.85	502.744	1	1	1
"
 tid_14176_time_14:3:13:782 DPETW@ "GAZE_LOG_CALI: 620.475	450.378	618.278	455.467	885.866	472.425	882.412	477.664	287.689	452.98	286.342	457.972	553.686	475.207	550.835	480.479	
17.8192	-57.6804	282.001	-35.4893	-381.298	-52.1403	-116.768	-29.6284	20.0164	-62.769	285.457	-40.7293	-379.951	-57.1329	-113.917	-34.9005	4.5132	-14.9201	-644.844	71.6649	-9.22949	-647.106	4.25649	-15.1035	-652.638	72.2295	-9.34235	-654.885	5.08907	-16.2617	-647.333	72.8658	-10.6149	-649.986	0.15155	-0.210825	0.965705	0.124725	-0.24944	0.960325	0.15155	0.0463011	0.987365	0.124725	0.00760931	0.992162	0.15155	0.0463011	0.987365	0.124725	0.00760931	0.992162	8.72622	2.65381	7.16506	0.435986	8.72622	2.65381	7.16506	0.435986	220.888	105.033	272.422	86.1832	1232.29	585.957	1519.79	480.799	1379.88	528.33	1	1	1
"
 tid_14176_time_14:3:13:804 DPETW@ "GAZE_LOG_CALI: 620.189	449.849	618.27	454.937	885.641	471.917	882.304	477.16	287.557	452.403	286.224	457.479	553.536	474.723	550.501	479.995	
17.8111	-58.2101	281.894	-35.9928	-381.416	-52.6334	-117.102	-30.1129	19.7307	-63.2987	285.232	-41.2372	-380.082	-57.7102	-114.068	-35.3843	4.50972	-15.0457	-644.664	71.5956	-9.34995	-646.726	4.2529	-15.2307	-652.458	72.1597	-9.46436	-654.505	5.01859	-16.4091	-647.586	72.8222	-10.7437	-650.107	0.15101	-0.232399	0.960826	0.143142	-0.276424	0.950316	0.15101	0.0241999	0.988236	0.143142	-0.0210451	0.989478	0.15101	0.0241999	0.988236	0.143142	-0.0210451	0.989478	8.68802	1.38669	8.23153	-1.20589	8.68802	1.38669	8.23153	-1.20589	220.438	91.3217	283.894	68.4624	1229.78	509.466	1583.79	381.938	1420.84	425.745	1	1	1
"
 tid_14176_time_14:3:13:826 DPETW@ "GAZE_LOG_CALI: 620.122	449.829	618.082	454.989	885.586	471.883	882.253	477.13	287.427	452.441	286.064	457.502	553.347	474.607	550.412	479.936	
17.6235	-58.1587	281.842	-36.0227	-381.576	-52.6108	-117.191	-30.1714	19.6634	-63.3184	285.177	-41.2708	-380.212	-57.6724	-114.256	-35.5004	4.46283	-15.0373	-644.705	71.5755	-9.36033	-646.664	4.20545	-15.2222	-652.499	72.1394	-9.47487	-654.443	5.00005	-16.4044	-647.49	72.783	-10.7592	-649.881	0.152594	-0.227027	0.96186	0.134577	-0.268575	0.953811	0.152594	0.0296564	0.987844	0.134577	-0.0125593	0.990824	0.152594	0.0296564	0.987844	0.134577	-0.0125593	0.990824	8.78116	1.69943	7.73479	-0.719614	8.78116	1.69943	7.73479	-0.719614	221.408	94.6855	278.459	73.7247	1235.19	528.231	1553.47	411.296	1405.08	454.657	1	1	1
"
 tid_14176_time_14:3:13:848 DPETW@ "GAZE_LOG_CALI: 619.878	450.351	617.814	455.45	885.391	472.182	882.062	477.474	287.186	452.937	285.768	457.937	553.206	475.058	550.362	480.343	
17.3556	-57.6969	281.651	-35.6791	-381.872	-52.1754	-117.241	-29.7645	19.4198	-62.7961	284.982	-40.9722	-380.453	-57.1762	-114.397	-35.0497	4.39502	-14.9223	-644.651	71.553	-9.2682	-646.903	4.13678	-15.1058	-652.444	72.1164	-9.38157	-654.682	4.93883	-16.2745	-647.482	72.7431	-10.6648	-649.969	0.155398	-0.226434	0.96155	0.127263	-0.260609	0.95702	0.155398	0.0301486	0.987392	0.127263	-0.00403403	0.991861	0.155398	0.0301486	0.987392	0.127263	-0.00403403	0.991861	8.94399	1.72765	7.31152	-0.231133	8.94399	1.72765	7.31152	-0.231133	223.107	95.1228	273.872	79.0162	1244.67	530.671	1527.88	440.816	1394.94	473.66	1	1	1
"
 tid_14176_time_14:3:13:872 DPETW@ "GAZE_LOG_CALI: 619.486	450.209	617.367	455.27	884.979	472.097	881.597	477.428	286.76	452.794	285.397	457.895	552.821	475.009	550.015	480.346	
16.9083	-57.8772	281.186	-35.7252	-382.243	-52.2173	-117.588	-29.7619	19.0271	-62.9388	284.57	-41.0568	-380.88	-57.3188	-114.782	-35.0989	4.28193	-14.9536	-644.784	71.4565	-9.27656	-647.1	4.02236	-15.1374	-652.577	72.0186	-9.39001	-654.879	4.83865	-16.3094	-647.421	72.6427	-10.6827	-650.014	0.152573	-0.219055	0.96371	0.123057	-0.254867	0.959114	0.152573	0.0378356	0.987568	0.123057	0.00205384	0.992397	0.152573	0.0378356	0.987568	0.123057	0.00205384	0.992397	8.78243	2.16834	7.06858	0.117677	8.78243	2.16834	7.06858	0.117677	221.254	99.7928	271.162	82.7118	1234.33	556.724	1512.76	461.433	1379.23	501.234	1	1	1
"
 tid_14176_time_14:3:13:894 DPETW@ "GAZE_LOG_CALI: 619.091	449.908	617.083	455.099	884.639	471.916	881.269	477.138	286.418	452.521	285.112	457.562	552.528	474.71	549.458	480.026	
16.6248	-58.0481	280.857	-36.0153	-382.528	-52.5504	-118.145	-30.0811	18.6323	-63.2393	284.229	-41.2378	-381.222	-57.5924	-115.076	-35.3975	4.2108	-15.0173	-644.771	71.3305	-9.34878	-646.714	3.95036	-15.202	-652.565	71.8914	-9.46318	-654.493	4.73862	-16.3849	-647.512	72.5643	-10.7454	-650.088	0.150165	-0.225339	0.962638	0.145093	-0.276475	0.950005	0.150165	0.0314884	0.988159	0.145093	-0.0211752	0.989191	0.150165	0.0314884	0.988159	0.145093	-0.0211752	0.989191	8.64082	1.80445	8.34457	-1.21334	8.64082	1.80445	8.34457	-1.21334	219.639	95.8118	284.856	68.3826	1225.32	534.515	1589.16	381.493	1420.22	439.951	1	1	1
"
 tid_14176_time_14:3:13:916 DPETW@ "GAZE_LOG_CALI: 618.923	449.678	616.707	454.599	884.294	471.527	881.17	476.757	286.156	452.28	284.832	457.382	552.229	474.388	549.345	479.659	
16.2487	-58.5485	280.759	-36.3955	-382.809	-52.7309	-118.258	-30.4483	18.4644	-63.4694	283.884	-41.6274	-381.484	-57.8334	-115.374	-35.7197	4.11609	-15.1075	-644.934	71.303	-9.44361	-646.693	3.85455	-15.2932	-652.727	71.8636	-9.55917	-654.472	4.6951	-16.4409	-647.35	72.485	-10.8379	-650.172	0.151127	-0.206355	0.966736	0.13719	-0.28231	0.949463	0.151127	0.050886	0.987204	0.13719	-0.0269514	0.990178	0.151127	0.050886	0.987204	0.13719	-0.0269514	0.990178	8.70361	2.91682	7.88814	-1.54439	8.70361	2.91682	7.88814	-1.54439	220.246	107.658	279.851	64.7421	1228.71	600.605	1561.23	361.183	1404.8	467.361	1	1	1
"
 tid_14176_time_14:3:13:938 DPETW@ "GAZE_LOG_CALI: 618.888	449.404	616.719	454.448	884.465	471.187	881.086	476.458	286.174	451.986	284.787	457.22	552.276	474.049	549.423	479.347	
16.261	-58.6995	280.675	-36.6946	-382.854	-52.8922	-118.18	-30.7601	18.4299	-63.7435	284.056	-41.9672	-381.466	-58.1266	-115.328	-36.059	4.11816	-15.145	-644.845	71.3113	-9.52516	-646.956	3.85662	-15.3312	-652.638	71.8717	-9.64167	-654.734	4.68604	-16.5157	-647.451	72.5054	-10.9212	-649.958	0.154021	-0.219951	0.963275	0.127106	-0.25665	0.95811	0.154021	0.0368575	0.98738	0.127106	7.22557e-05	0.991889	0.154021	0.0368575	0.98738	0.127106	7.22557e-05	0.991889	8.86611	2.11226	7.30241	0.00413995	8.86611	2.11226	7.30241	0.00413995	222	98.9921	273.526	81.2841	1238.49	552.257	1525.95	453.468	1389.09	493.47	1	1	1
"
 tid_14176_time_14:3:13:960 DPETW@ "GAZE_LOG_CALI: 618.895	449.818	616.703	454.955	884.486	471.496	881.255	476.903	286.173	452.459	284.823	457.497	552.252	474.386	549.366	479.746	
16.2442	-58.1925	280.844	-36.2499	-382.818	-52.6152	-118.237	-30.3613	18.4363	-63.3291	284.076	-41.6581	-381.468	-57.6537	-115.351	-35.7216	4.11511	-15.0474	-644.924	71.3122	-9.41229	-646.572	3.85356	-15.2324	-652.717	71.873	-9.52749	-654.351	4.68839	-16.402	-647.425	72.5025	-10.8374	-649.889	0.15225	-0.213302	0.96505	0.134142	-0.279112	0.950843	0.15225	0.0437397	0.987374	0.134142	-0.023505	0.990683	0.15225	0.0437397	0.987374	0.134142	-0.023505	0.990683	8.76579	2.5069	7.71115	-1.34686	8.76579	2.5069	7.71115	-1.34686	220.922	103.311	277.921	66.9424	1232.48	576.354	1550.47	373.458	1401.52	460.811	1	1	1
"
 tid_14176_time_14:3:13:982 DPETW@ "GAZE_LOG_CALI: 618.706	450.019	616.475	455.123	884.235	471.689	880.973	477.051	285.954	452.585	284.537	457.668	552.066	474.53	549.253	479.826	
16.0167	-58.0242	280.561	-36.1016	-383.103	-52.4449	-118.351	-30.2816	18.2476	-63.1283	283.825	-41.4647	-381.687	-57.5285	-115.537	-35.5778	4.05707	-15.0022	-644.823	71.2718	-9.38747	-646.862	3.79476	-15.1866	-652.616	71.8318	-9.50231	-654.641	4.64017	-16.3592	-647.372	72.4505	-10.7961	-649.999	0.155422	-0.215566	0.964041	0.127348	-0.266307	0.955439	0.155422	0.0412917	0.986985	0.127348	-0.00994703	0.991808	0.155422	0.0412917	0.986985	0.127348	-0.00994703	0.991808	8.94895	2.36651	7.31673	-0.569932	8.94895	2.36651	7.31673	-0.569932	222.841	101.88	273.635	75.2634	1243.19	568.368	1526.55	419.88	1392.7	483.326	1	1	1
"
 tid_14176_time_14:3:14:4 DPETW@ "GAZE_LOG_CALI: 618.337	449.783	616.311	454.727	883.944	471.373	880.533	476.588	285.586	452.345	284.272	457.402	551.768	474.212	548.908	479.497	
15.8523	-58.4207	280.122	-36.5646	-383.369	-52.7104	-118.695	-30.6107	17.8781	-63.3645	283.534	-41.7808	-382.054	-57.768	-115.835	-35.8957	4.01424	-15.0823	-644.656	71.1774	-9.49063	-647.02	3.75134	-15.2678	-652.449	71.7361	-9.6067	-654.799	4.54514	-16.4203	-647.39	72.3746	-10.877	-649.983	0.151229	-0.219566	0.963805	0.12712	-0.252921	0.959099	0.151229	0.0373668	0.987792	0.12712	0.00392975	0.99188	0.151229	0.0373668	0.987792	0.12712	0.00392975	0.99188	8.70426	2.14146	7.30324	0.225159	8.70426	2.14146	7.30324	0.225159	220.11	99.4001	273.409	83.6805	1227.95	554.533	1525.29	466.837	1382.4	502.79	1	1	1
"
 tid_14176_time_14:3:14:26 DPETW@ "GAZE_LOG_CALI: 617.999	449.825	615.875	454.902	883.646	471.366	880.245	476.628	285.31	452.44	283.912	457.478	551.38	474.202	548.538	479.479	
15.4169	-58.2457	279.833	-36.5247	-383.729	-52.6349	-119.065	-30.6285	17.541	-63.3229	283.237	-41.7884	-382.331	-57.6735	-116.223	-35.9055	3.90453	-15.0535	-644.782	71.0889	-9.48589	-646.882	3.64034	-15.2386	-652.575	71.6467	-9.60194	-654.661	4.46127	-16.405	-647.471	72.2817	-10.8768	-649.832	0.154903	-0.22009	0.963102	0.126113	-0.253211	0.959156	0.154903	0.0366783	0.987249	0.126113	0.00366515	0.992009	0.154903	0.0366783	0.987249	0.126113	0.00366515	0.992009	8.91722	2.10198	7.24511	0.209998	8.91722	2.10198	7.24511	0.209998	222.333	98.989	272.672	83.5569	1240.35	552.24	1521.18	466.147	1386.99	500.755	1	1	1
"
 tid_14176_time_14:3:14:48 DPETW@ "GAZE_LOG_CALI: 617.934	450.093	615.676	455.21	883.545	471.517	880.25	476.764	285.157	452.65	283.732	457.602	551.268	474.31	548.41	479.652	
15.2173	-57.9377	279.838	-36.3889	-383.909	-52.5108	-119.193	-30.4556	17.4752	-63.0547	283.135	-41.6366	-382.484	-57.4625	-116.335	-35.7972	3.85453	-14.9994	-644.809	71.0656	-9.44339	-646.658	3.58973	-15.1839	-652.602	71.6233	-9.55896	-654.438	4.44309	-16.3406	-647.332	72.2536	-10.8432	-649.808	0.156221	-0.211753	0.964757	0.130069	-0.265029	0.955427	0.156221	0.0451601	0.986689	0.130069	-0.00871558	0.991467	0.156221	0.0451601	0.986689	0.130069	-0.00871558	0.991467	8.99685	2.58836	7.47387	-0.499373	8.99685	2.58836	7.47387	-0.499373	223.156	104.278	275.105	76.0208	1244.94	581.746	1534.75	424.105	1397.32	492.888	1	1	1
"
 tid_14176_time_14:3:14:70 DPETW@ "GAZE_LOG_CALI: 617.946	450.383	615.883	455.451	883.636	471.857	880.287	477.12	285.228	453.011	283.815	458.119	551.32	474.638	548.402	479.93	
15.4244	-57.6968	279.876	-36.0328	-383.826	-51.9936	-119.201	-30.1777	17.4877	-62.7646	283.226	-41.297	-382.413	-57.1022	-116.283	-35.4699	3.90532	-14.8985	-644.608	71.0664	-9.36153	-646.574	3.64106	-15.0818	-652.401	71.6242	-9.47611	-654.353	4.44698	-16.2601	-647.427	72.2695	-10.7568	-649.74	0.15575	-0.227709	0.961192	0.133575	-0.265102	0.954923	0.15575	0.0288244	0.987376	0.133575	-0.00891633	0.990999	0.15575	0.0288244	0.987376	0.133575	-0.00891633	0.990999	8.96405	1.65174	7.67651	-0.510875	8.96405	1.65174	7.67651	-0.510875	222.823	94.3409	277.298	75.9968	1243.09	526.309	1546.99	423.971	1405.38	460.765	1	1	1
"
 tid_14176_time_14:3:14:92 DPETW@ "GAZE_LOG_CALI: 618.189	450.694	616.216	455.649	883.904	472.167	880.529	477.413	285.491	453.274	284.102	458.368	551.642	475.006	548.701	480.396	
15.7572	-57.4984	280.118	-35.7395	-383.538	-51.7444	-118.902	-29.7113	17.7308	-62.4532	283.494	-40.9868	-382.15	-56.8393	-115.961	-35.1016	3.98926	-14.84	-644.531	71.1386	-9.26618	-646.675	3.726	-15.0225	-652.324	71.6972	-9.37958	-654.454	4.50905	-16.1877	-647.461	72.3482	-10.6715	-649.837	0.154702	-0.230198	0.960768	0.134527	-0.266986	0.954265	0.154702	0.0263106	0.987611	0.134527	-0.010907	0.99085	0.154702	0.0263106	0.987611	0.134527	-0.010907	0.99085	8.90264	1.50766	7.73171	-0.62494	8.90264	1.50766	7.73171	-0.62494	222.231	92.8644	277.988	74.8333	1239.78	518.072	1550.84	417.48	1406.33	452.285	1	1	1
"
 tid_14176_time_14:3:14:114 DPETW@ "GAZE_LOG_CALI: 618.334	450.293	616.218	455.328	883.972	471.865	880.529	477.183	285.599	452.871	284.271	457.897	551.765	474.713	548.964	479.948	
15.7599	-57.8194	280.117	-35.9702	-383.369	-52.2159	-118.639	-30.16	17.876	-62.8549	283.563	-41.2891	-382.041	-57.2417	-115.838	-35.3942	3.99151	-14.9469	-644.811	71.187	-9.35891	-647.113	3.7284	-15.1307	-652.605	71.7459	-9.47336	-654.892	4.54614	-16.2884	-647.394	72.3758	-10.749	-649.924	0.15143	-0.214389	0.964939	0.121882	-0.246824	0.961365	0.15143	0.042661	0.987547	0.121882	0.0104056	0.99249	0.15143	0.042661	0.987547	0.121882	0.0104056	0.99249	8.7178	2.44504	7.00109	0.59621	8.7178	2.44504	7.00109	0.59621	220.262	102.766	270.157	87.7772	1228.8	573.311	1507.15	489.692	1371.4	526.895	1	1	1
"
 tid_14176_time_14:3:14:136 DPETW@ "GAZE_LOG_CALI: 618.996	450.079	616.513	455.189	884.52	471.796	880.855	477.03	286.25	452.676	284.57	457.649	552.285	474.544	549.263	479.815	
16.0543	-57.9584	280.444	-36.1225	-383.071	-52.4638	-118.34	-30.2921	18.5377	-63.0688	284.11	-41.3575	-381.39	-57.4371	-115.319	-35.5637	4.06587	-14.9963	-644.824	71.2653	-9.39443	-647.07	3.80368	-15.1807	-652.618	71.8251	-9.50933	-654.849	4.71406	-16.3402	-647.383	72.5108	-10.7787	-649.883	0.167386	-0.213188	0.962566	0.132592	-0.245439	0.960301	0.167386	0.0432063	0.984944	0.132592	0.0114682	0.991104	0.167386	0.0432063	0.984944	0.132592	0.0114682	0.991104	9.64495	2.47631	7.6199	0.657091	9.64495	2.47631	7.6199	0.657091	230.438	103.12	276.947	88.4181	1285.57	575.289	1545.03	493.267	1422.21	525.995	1	1	1
"
 tid_14176_time_14:3:14:158 DPETW@ "GAZE_LOG_CALI: 619.264	449.973	617.006	455.276	884.738	471.817	881.267	477.091	286.629	452.606	285.034	457.649	552.594	474.656	549.45	479.909	
16.5479	-57.8713	280.856	-36.0616	-382.606	-52.463	-118.153	-30.1985	18.8059	-63.1741	284.329	-41.3367	-381.011	-57.5074	-115.01	-35.452	4.19092	-14.9839	-644.775	71.3286	-9.36934	-646.693	3.93024	-15.1682	-652.568	71.8895	-9.48399	-654.472	4.78326	-16.3672	-647.573	72.5839	-10.7643	-650.045	0.163801	-0.230246	0.959248	0.149	-0.274687	0.949919	0.163801	0.0258713	0.986154	0.149	-0.0194701	0.988646	0.163801	0.0258713	0.986154	0.149	-0.01947	0.988646	9.43078	1.48248	8.57061	-1.11562	9.43078	1.48248	8.57061	-1.11562	228.219	92.4188	287.317	69.416	1273.19	515.586	1602.88	387.258	1454.73	429.469	1	1	1
"
 tid_14176_time_14:3:14:180 DPETW@ "GAZE_LOG_CALI: 619.755	450.148	617.438	455.219	885.272	471.93	881.62	477.294	287.091	452.706	285.403	457.84	553.093	474.739	550.184	480.058	
16.9795	-57.9282	281.209	-35.8584	-382.237	-52.2722	-117.42	-30.0496	19.2966	-62.9994	284.863	-41.2238	-380.549	-57.4066	-114.51	-35.3683	4.29929	-14.9645	-644.675	71.4891	-9.33357	-647.338	4.03989	-15.1485	-652.469	72.0514	-9.44767	-655.117	4.90822	-16.3308	-647.523	72.7137	-10.7379	-649.977	0.168302	-0.229147	0.958731	0.124006	-0.24158	0.962425	0.168302	0.0267994	0.985371	0.124006	0.0157453	0.992157	0.168302	0.0267994	0.985371	0.124006	0.0157453	0.992157	9.69264	1.53568	7.12423	0.902176	9.69264	1.53568	7.12423	0.902176	231.172	93.0466	271.826	91.043	1289.66	519.088	1516.46	507.911	1410.72	503.701	1	1	1
"
 tid_14176_time_14:3:14:202 DPETW@ "GAZE_LOG_CALI: 620.177	450.206	617.898	455.39	885.671	472.072	882.148	477.363	287.55	452.801	285.928	457.891	553.512	474.908	550.438	480.169	
17.4394	-57.7577	281.737	-35.7897	-381.712	-52.2217	-117.166	-29.9386	19.7189	-62.9416	285.262	-41.0824	-380.09	-57.3124	-114.091	-35.1994	4.41692	-14.9388	-644.78	71.5727	-9.30408	-646.877	4.15901	-15.1225	-652.574	72.1364	-9.41789	-654.656	5.0157	-16.313	-647.591	72.8198	-10.6988	-650.017	0.164921	-0.229185	0.95931	0.140598	-0.263546	0.954346	0.164921	0.0269122	0.98594	0.140598	-0.0075628	0.990038	0.164921	0.0269122	0.98594	0.140598	-0.0075628	0.990038	9.49611	1.54214	8.08266	-0.433321	9.49611	1.54214	8.08266	-0.433321	229.164	93.1076	282.272	76.803	1278.46	519.429	1574.74	428.469	1440	456.546	1	1	1
"
 tid_14176_time_14:3:14:224 DPETW@ "GAZE_LOG_CALI: 620.724	449.798	618.326	454.942	886.116	471.677	882.45	476.944	288.057	452.444	286.398	457.523	554.027	474.516	551.035	479.67	
17.868	-58.205	282.04	-36.2085	-381.242	-52.589	-116.568	-30.4373	20.2655	-63.3499	285.707	-41.4775	-379.583	-57.6688	-113.576	-35.5913	4.52599	-15.0437	-644.851	71.7047	-9.42789	-647.372	4.26945	-15.2287	-652.645	72.2695	-9.54313	-655.151	5.15391	-16.4089	-647.534	72.9468	-10.8013	-650.134	0.16626	-0.221864	0.960799	0.129827	-0.241183	0.961757	0.16626	0.0343686	0.985483	0.129827	0.0159565	0.991408	0.16626	0.0343686	0.985483	0.129827	0.0159565	0.991408	9.57614	1.96956	7.46055	0.914281	9.57614	1.96956	7.46055	0.914281	230.155	97.598	275.697	91.08	1283.99	544.48	1538.06	508.117	1418.26	517.419	1	1	1
"
 tid_14176_time_14:3:14:246 DPETW@ "GAZE_LOG_CALI: 620.769	449.729	618.413	454.91	886.158	471.661	882.561	476.931	288.183	452.363	286.495	457.47	554.221	474.464	551.151	479.679	
17.9543	-58.2377	282.15	-36.2221	-381.145	-52.6423	-116.452	-30.4284	20.3102	-63.4184	285.749	-41.4931	-379.457	-57.75	-113.382	-35.6437	4.5479	-15.0551	-644.871	71.734	-9.42865	-647.385	4.29164	-15.2402	-652.665	72.2992	-9.54389	-655.164	5.16647	-16.4314	-647.668	72.9864	-10.8143	-650.396	0.167876	-0.228585	0.95894	0.137948	-0.255012	0.957047	0.167876	0.0273954	0.985427	0.137948	0.00137952	0.990439	0.167876	0.0273954	0.985427	0.137948	0.00137952	0.990439	9.66803	1.56984	7.9291	0.0790407	9.66803	1.56984	7.9291	0.0790407	231.183	93.2789	280.826	82.0755	1289.73	520.384	1566.67	457.883	1440.36	473.789	1	1	1
"
 tid_14176_time_14:3:14:267 DPETW@ "GAZE_LOG_CALI: 620.694	450.219	618.366	455.345	886.11	472.161	882.614	477.474	288.081	452.903	286.413	457.972	554.099	474.956	551.108	480.32	
17.9077	-57.8022	282.203	-35.6793	-381.227	-52.1405	-116.495	-29.7878	20.2354	-62.9287	285.701	-40.9927	-379.558	-57.2099	-113.504	-35.1513	4.53476	-14.935	-644.823	71.7295	-9.27559	-647.224	4.27831	-15.1187	-652.617	72.2948	-9.389	-655.003	5.14728	-16.2989	-647.618	72.9599	-10.6851	-650.267	0.166805	-0.226553	0.959609	0.13424	-0.261597	0.955796	0.166805	0.0295315	0.985548	0.13424	-0.00530504	0.990935	0.166805	0.0295315	0.985548	0.13424	-0.00530504	0.990935	9.60633	1.69228	7.71479	-0.303958	9.60633	1.69228	7.71479	-0.303958	230.493	94.7246	278.473	78.1373	1285.88	528.45	1553.54	435.912	1431.68	466.617	1	1	1
"
 tid_14176_time_14:3:14:289 DPETW@ "GAZE_LOG_CALI: 620.77	450.576	618.356	455.631	886.082	472.47	882.501	477.655	288.095	453.139	286.431	458.297	554.083	475.308	551.04	480.54	
17.8971	-57.5165	282.09	-35.4983	-381.209	-51.8156	-116.563	-29.5671	20.3115	-62.5719	285.673	-40.684	-379.544	-56.9736	-113.521	-34.8001	4.53262	-14.8586	-644.867	71.7092	-9.22558	-647.306	4.27616	-15.0412	-652.66	72.2742	-9.33836	-655.085	5.16593	-16.2207	-647.514	72.9548	-10.601	-650.286	0.166171	-0.220284	0.961177	0.135896	-0.252083	0.958116	0.166171	0.035993	0.98544	0.135896	0.00448489	0.990713	0.166171	0.035993	0.98544	0.135896	0.00448489	0.990713	9.57153	2.06269	7.81049	0.256966	9.57153	2.06269	7.81049	0.256966	230.122	98.781	279.506	84.2131	1283.8	551.079	1559.31	469.808	1431.15	498.612	1	1	1
"
 tid_14176_time_14:3:14:311 DPETW@ "GAZE_LOG_CALI: 620.814	450.702	618.443	455.784	886.194	472.647	882.634	477.91	288.306	453.327	286.602	458.438	554.233	475.397	551.172	480.623	
17.985	-57.3633	282.224	-35.2432	-381.038	-51.6747	-116.431	-29.4842	20.3556	-62.4455	285.785	-40.5065	-379.333	-56.7862	-113.37	-34.7104	4.55617	-14.8243	-645.002	71.7431	-9.18256	-647.307	4.30006	-15.0065	-652.795	72.3085	-9.29481	-655.086	5.1789	-16.1877	-647.797	72.9906	-10.5677	-650.345	0.168643	-0.226669	0.959261	0.137635	-0.25686	0.956598	0.168643	0.0293297	0.985241	0.137635	-0.000522092	0.990483	0.168643	0.0293297	0.985241	0.137635	-0.000522092	0.990483	9.71313	1.68071	7.91101	-0.0299137	9.71313	1.68071	7.91101	-0.0299137	231.716	94.6738	280.637	81.1609	1292.7	528.166	1565.62	452.78	1441.29	475.23	1	1	1
"
 tid_14176_time_14:3:14:333 DPETW@ "GAZE_LOG_CALI: 621.163	450.404	618.714	455.484	886.457	472.371	882.972	477.497	288.503	453.073	286.971	458.244	554.512	475.116	551.397	480.382	
18.256	-57.6632	282.562	-35.6563	-380.669	-51.8688	-116.206	-29.7257	20.7047	-62.7431	286.049	-40.7827	-379.136	-57.0397	-113.092	-34.992	4.62658	-14.8904	-645.158	71.8082	-9.26318	-647.117	4.37139	-15.0734	-652.951	72.3745	-9.37645	-654.896	5.26574	-16.2517	-647.546	73.0611	-10.6396	-650.377	0.159593	-0.210257	0.964532	0.144787	-0.266354	0.952939	0.159593	0.0465464	0.986085	0.144787	-0.0106395	0.989406	0.159593	0.0465464	0.986085	0.144787	-0.0106395	0.989406	9.19333	2.66788	8.32544	-0.609608	9.19333	2.66788	8.32544	-0.609608	226.136	105.184	285.191	74.873	1261.57	586.799	1591.02	417.701	1437.07	488.898	1	1	1
"
 tid_14176_time_14:3:14:355 DPETW@ "GAZE_LOG_CALI: 621.044	450.35	618.963	455.451	886.37	472.273	883.113	477.513	288.449	453.001	287.251	458.005	554.319	475.167	551.486	480.409	
18.5042	-57.6959	282.703	-35.6402	-380.389	-52.1078	-116.117	-29.6983	20.5851	-62.7971	285.961	-40.8807	-379.191	-57.1114	-113.284	-34.9405	4.68945	-14.9263	-645.219	71.8347	-9.25644	-647.035	4.43506	-15.1097	-653.013	72.4014	-9.36965	-654.813	5.23581	-16.2705	-647.659	73.019	-10.6427	-650.202	0.144622	-0.209648	0.967022	0.128039	-0.263927	0.956007	0.144622	0.0477794	0.988333	0.128039	-0.00750105	0.991741	0.144622	0.0477794	0.988333	0.128039	-0.00750105	0.991741	8.32494	2.7386	7.35649	-0.429783	8.32494	2.7386	7.35649	-0.429783	216.763	105.829	274.662	76.8537	1209.28	590.399	1532.28	428.752	1376.22	502.026	1	1	1
"
 tid_14176_time_14:3:14:377 DPETW@ "GAZE_LOG_CALI: 621.247	450.717	619.133	455.76	886.552	472.841	883.281	477.998	288.606	453.356	287.196	458.448	554.578	475.563	551.517	480.727	
18.675	-57.3876	282.871	-35.1546	-380.444	-51.6648	-116.086	-29.3803	20.7881	-62.4304	286.143	-40.3126	-379.034	-56.7568	-113.025	-34.5448	4.72982	-14.8224	-644.845	71.8518	-9.15094	-646.803	4.47577	-15.0047	-652.639	72.4189	-9.2629	-654.582	5.28728	-16.1766	-647.577	73.0801	-10.5215	-650.332	0.154315	-0.222845	0.962563	0.14753	-0.28085	0.948345	0.154315	0.0338774	0.987441	0.14753	-0.0258309	0.98872	0.154315	0.0338774	0.987441	0.14753	-0.0258309	0.98872	8.8822	1.94141	8.48668	-1.48017	8.8822	1.94141	8.48668	-1.48017	222.807	97.4731	286.955	65.6636	1243	543.783	1600.86	366.324	1436.61	435.19	1	1	1
"
 tid_14176_time_14:3:14:398 DPETW@ "GAZE_LOG_CALI: 621.133	450.629	619.022	455.646	886.529	472.735	883.245	477.942	288.561	453.259	287.086	458.364	554.466	475.485	551.492	480.648	
18.5632	-57.501	282.834	-35.2104	-380.554	-51.7485	-116.111	-29.4593	20.6742	-62.518	286.12	-40.4192	-379.078	-56.854	-113.137	-34.6226	4.70177	-14.8474	-644.845	71.8444	-9.16828	-646.815	4.44738	-15.03	-652.638	72.4115	-9.28044	-654.594	5.25927	-16.2029	-647.692	73.0576	-10.5428	-650.189	0.157699	-0.227836	0.960844	0.139631	-0.272775	0.951891	0.157699	0.0286121	0.987073	0.139631	-0.0171132	0.990056	0.157699	0.0286121	0.987073	0.139631	-0.0171132	0.990056	9.07713	1.63958	8.02765	-0.98056	9.07713	1.63958	8.02765	-0.98056	224.899	94.2112	281.944	71.0513	1254.67	525.586	1572.91	396.381	1427.12	442.795	1	1	1
"
 tid_14176_time_14:3:14:421 DPETW@ "GAZE_LOG_CALI: 620.961	450.514	618.692	455.531	886.31	472.49	883.012	477.718	288.301	453.233	286.807	458.357	554.272	475.289	551.325	480.556	
18.2334	-57.6167	282.601	-35.4352	-380.833	-51.7556	-116.278	-29.5511	20.5025	-62.6336	285.901	-40.664	-379.338	-56.8794	-113.331	-34.8185	4.61847	-14.865	-644.932	71.7973	-9.21011	-646.925	4.36309	-15.0478	-652.726	72.3636	-9.32277	-654.703	5.21434	-16.2173	-647.545	73.006	-10.5997	-650.222	0.158247	-0.217417	0.963165	0.136551	-0.271473	0.95271	0.158247	0.0392764	0.986618	0.136551	-0.0156429	0.99051	0.158247	0.0392764	0.986618	0.136551	-0.0156429	0.99051	9.11225	2.25095	7.84928	-0.896309	9.11225	2.25095	7.84928	-0.896309	225.21	100.758	279.968	71.8934	1256.4	562.11	1561.88	401.079	1420.17	466.902	1	1	1
"
 tid_14176_time_14:3:14:443 DPETW@ "GAZE_LOG_CALI: 620.821	450.263	618.605	455.383	886.218	472.07	882.859	477.402	288.261	452.876	286.664	457.875	554.079	474.964	551.279	480.188	
18.1468	-57.7638	282.449	-35.7513	-380.976	-52.2376	-116.324	-29.9194	20.3629	-62.8848	285.809	-41.0836	-379.379	-57.2365	-113.524	-35.1437	4.59677	-14.9426	-644.827	71.7783	-9.29977	-647.102	4.34108	-15.1263	-652.62	72.3444	-9.41349	-654.88	5.18012	-16.299	-647.71	72.9633	-10.6922	-650.045	0.163946	-0.229141	0.959488	0.122823	-0.253746	0.959441	0.163946	0.0270006	0.9861	0.122823	0.0032219	0.992423	0.163946	0.0270006	0.9861	0.122823	0.0032219	0.992423	9.43946	1.54721	7.05512	0.184602	9.43946	1.54721	7.05512	0.184602	228.735	93.1449	271.341	83.4089	1276.07	519.637	1513.76	465.322	1403.72	480.585	1	1	1
"
 tid_14176_time_14:3:14:465 DPETW@ "GAZE_LOG_CALI: 620.74	450.121	618.538	455.235	886.137	471.905	882.797	477.27	288.176	452.691	286.612	457.635	554.068	474.75	551.254	479.897	
18.0799	-57.9121	282.386	-35.8831	-381.028	-52.4776	-116.349	-30.2105	20.2812	-63.0267	285.728	-41.2486	-379.463	-57.4219	-113.536	-35.3572	4.57954	-14.9926	-644.859	71.7695	-9.35461	-647.167	4.32366	-15.1769	-652.653	72.3353	-9.46899	-654.946	5.15948	-16.3405	-647.702	72.9559	-10.7427	-650.172	0.162166	-0.225752	0.960593	0.124629	-0.255768	0.958671	0.162166	0.0305599	0.98629	0.124629	0.00106896	0.992203	0.162166	0.0305599	0.98629	0.124629	0.00106896	0.992203	9.33702	1.75123	7.15935	0.0612472	9.33702	1.75123	7.15935	0.0612472	227.603	95.2802	272.469	82.0109	1269.75	531.549	1520.05	457.523	1403.53	482.926	1	1	1
"
 tid_14176_time_14:3:14:487 DPETW@ "GAZE_LOG_CALI: 620.643	450.755	618.386	455.789	886.045	472.394	882.594	477.616	287.988	453.333	286.473	458.39	553.897	475.215	550.995	480.479	
17.9279	-57.3584	282.183	-35.537	-381.167	-51.7224	-116.609	-29.6288	20.1842	-62.392	285.636	-40.7601	-379.651	-56.7795	-113.707	-34.8924	4.54112	-14.8269	-644.877	71.7073	-9.23517	-647.078	4.28477	-15.0092	-652.671	72.2725	-9.34811	-654.857	5.13342	-16.1741	-647.552	72.9177	-10.6187	-650.044	0.159582	-0.219046	0.962576	0.128538	-0.253119	0.958858	0.159582	0.0375505	0.98647	0.128538	0.00367621	0.991698	0.159582	0.0375505	0.98647	0.128538	0.00367621	0.991698	9.18914	2.15199	7.38514	0.210632	9.18914	2.15199	7.38514	0.210632	225.962	99.7472	274.85	83.7599	1260.6	556.47	1533.33	467.28	1404.26	502.397	1	1	1
"
 tid_14176_time_14:3:14:509 DPETW@ "GAZE_LOG_CALI: 620.323	451.13	618.194	456.264	885.727	472.85	882.368	478.081	287.483	453.706	286.186	458.714	553.56	475.645	550.534	480.771	
17.7356	-56.8834	281.957	-35.0721	-381.454	-51.398	-117.069	-29.3361	19.8651	-62.0169	285.318	-40.3037	-380.157	-56.4073	-114.043	-34.4627	4.49153	-14.7219	-644.715	71.6057	-9.13313	-646.668	4.23451	-14.9029	-652.509	72.17	-9.24489	-654.447	5.04974	-16.0713	-647.242	72.8322	-10.5046	-649.995	0.149425	-0.214156	0.965303	0.141718	-0.26957	0.952496	0.149425	0.0429802	0.987839	0.141718	-0.0138602	0.98981	0.149425	0.0429802	0.987839	0.141718	-0.0138602	0.98981	8.60161	2.46334	8.14807	-0.794158	8.60161	2.46334	8.14807	-0.794158	219.501	103.198	282.995	73.1333	1224.55	575.722	1578.77	407.996	1411.1	479.286	3	1	1
"