
 tid_4852_time_14:56:15:820 DPETW@ "GAZE_LOG_CALI: 667.547	540.441	668.515	545.172	923.681	517.57	923.694	522.635	339.589	531.228	341.259	535.996	593.04	510.552	593.751	515.617	
54.4206	20.7808	309.806	-1.75832	-334.484	31.2782	-81.7854	10.8799	53.452	16.0494	309.793	-6.82612	-336.157	26.5074	-82.496	5.81449	13.7466	4.43238	-644.489	78.0936	-0.746455	-643.53	13.6064	4.48654	-652.288	78.7373	-0.75556	-651.303	13.5596	3.24015	-647.247	78.4253	-2.03826	-646.292	-0.00901286	-0.240015	0.970727	-0.0602159	-0.247515	0.967011	-0.00901286	0.0194063	0.999771	-0.0602159	0.0112001	0.998123	-0.00901286	0.0194063	0.999771	-0.0602159	0.0112001	0.998123	-0.516503	1.11197	-3.45242	0.641734	-0.516503	1.11197	-3.45242	0.641734	130.068	104.839	163.36	94.901	725.626	584.876	911.355	529.434	818.49	557.155	1	0	0
"
 tid_4852_time_14:56:15:842 DPETW@ "GAZE_LOG_CALI: 668.036	540.503	668.917	545.182	924.167	517.652	924.042	522.687	340.103	531.269	341.688	535.997	593.436	510.655	594.058	515.74	
54.8224	20.7904	310.155	-1.70659	-334.055	31.2786	-81.4781	11.0027	53.9415	16.1115	310.28	-6.7449	-335.643	26.5485	-82.1005	5.91804	13.8486	4.43453	-644.549	78.174	-0.723993	-643.475	13.7097	4.48871	-652.347	78.8187	-0.732824	-651.249	13.6847	3.25404	-647.292	78.5307	-2.01398	-646.147	-0.00479111	-0.237245	0.971438	-0.0546584	-0.243209	0.968433	-0.00479111	0.022266	0.999741	-0.0546584	0.0157267	0.998381	-0.00479111	0.022266	0.999741	-0.0546584	0.0157267	0.998381	-0.27458	1.27585	-3.13365	0.901109	-0.27458	1.27585	-3.13365	0.901109	132.803	106.61	166.91	97.7495	740.881	594.756	931.158	545.325	836.019	570.04	1	0	0
"
 tid_4852_time_14:56:15:864 DPETW@ "GAZE_LOG_CALI: 668.151	540.416	668.977	545.247	924.218	517.757	924.058	522.741	340.143	531.287	341.777	536.04	593.56	510.72	594.169	515.819	
54.883	20.8555	310.17	-1.65181	-333.966	31.3219	-81.3669	11.0821	54.0569	16.0239	310.331	-6.63918	-335.602	26.5657	-81.9767	5.98274	13.8657	4.44859	-644.583	78.1971	-0.706993	-643.634	13.727	4.50294	-652.382	78.842	-0.715615	-651.407	13.7115	3.24448	-647.165	78.5582	-1.99254	-646.265	-0.00287402	-0.234511	0.972109	-0.0534854	-0.240666	0.969133	-0.00287402	0.0250797	0.999681	-0.0534854	0.0183651	0.9984	-0.00287402	0.0250797	0.999681	-0.0534854	0.0183651	0.9984	-0.164721	1.43711	-3.06647	1.0523	-0.164721	1.43711	-3.06647	1.0523	134.015	108.371	167.655	99.3683	747.643	604.579	935.314	554.356	841.479	579.467	1	0	0
"
 tid_4852_time_14:56:15:887 DPETW@ "GAZE_LOG_CALI: 668.192	540.443	669.102	545.182	924.353	517.678	924.185	522.728	340.276	531.261	341.891	536.002	593.642	510.657	594.33	515.746	
55.0071	20.791	310.298	-1.66531	-333.851	31.2843	-81.2065	11.0087	54.0974	16.0519	310.467	-6.71877	-335.468	26.5405	-81.8944	5.91975	13.8963	4.43574	-644.577	78.2357	-0.717892	-643.678	13.7579	4.48993	-652.375	78.8809	-0.726646	-651.451	13.7254	3.24577	-647.316	78.582	-2.01032	-646.176	-0.00624987	-0.238792	0.971051	-0.054985	-0.236097	0.970173	-0.00624987	0.0206707	0.999767	-0.054985	0.0230468	0.998221	-0.00624987	0.0206707	0.999767	-0.054985	0.0230468	0.998221	-0.35817	1.18443	-3.15284	1.3206	-0.35817	1.18443	-3.15284	1.3206	131.942	105.61	166.753	102.262	736.076	589.175	930.281	570.498	833.179	579.837	1	0	0
"
 tid_4852_time_14:56:15:909 DPETW@ "GAZE_LOG_CALI: 668.283	540.434	669.255	545.131	924.442	517.694	924.389	522.713	340.448	531.262	342.05	535.977	593.79	510.698	594.505	515.773	
55.1607	20.74	310.502	-1.68045	-333.692	31.2586	-81.0308	11.0362	54.1887	16.0422	310.556	-6.70252	-335.296	26.541	-81.7464	5.96058	13.935	4.42632	-644.594	78.2818	-0.716099	-643.636	13.7971	4.4804	-652.393	78.9277	-0.724831	-651.409	13.751	3.24557	-647.459	78.6163	-2.00316	-646.273	-0.00906679	-0.242792	0.970036	-0.0587156	-0.241098	0.968723	-0.00906679	0.0165451	0.999822	-0.0587156	0.017841	0.998115	-0.00906679	0.0165451	0.999822	-0.0587156	0.017841	0.998115	-0.519567	0.948005	-3.36663	1.02227	-0.519567	0.948005	-3.36663	1.02227	130.225	103.024	164.477	99.0362	726.499	574.748	917.586	552.503	822.042	563.625	1	0	0
"
 tid_4852_time_14:56:15:931 DPETW@ "GAZE_LOG_CALI: 668.444	540.387	669.419	545.127	924.624	517.684	924.623	522.748	340.585	531.193	342.239	535.978	594.053	510.671	594.754	515.735	
55.3248	20.7356	310.737	-1.64558	-333.503	31.2601	-80.7825	10.9977	54.3499	15.9958	310.738	-6.71291	-335.159	26.4724	-81.4838	5.93394	13.9775	4.42644	-644.635	78.3445	-0.716361	-643.67	13.8402	4.48052	-652.433	78.9911	-0.725096	-651.443	13.7909	3.23088	-647.424	78.6792	-2.00798	-646.414	-0.00953146	-0.242011	0.970227	-0.0599899	-0.246742	0.967223	-0.00953146	0.0173485	0.999804	-0.0599899	0.0120015	0.998127	-0.00953146	0.0173485	0.999804	-0.0599899	0.0120015	0.998127	-0.546203	0.994046	-3.43948	0.687654	-0.546203	0.994046	-3.43948	0.687654	129.978	103.515	163.746	95.3945	725.12	577.489	913.508	532.187	819.314	554.838	1	0	0
"
 tid_4852_time_14:56:15:954 DPETW@ "GAZE_LOG_CALI: 668.697	540.422	669.695	545.172	924.87	517.751	924.857	522.765	340.755	531.199	342.487	536.006	594.291	510.825	594.922	515.841	
55.6006	20.7808	310.971	-1.62775	-333.255	31.2882	-80.6145	11.1043	54.6026	16.0299	310.985	-6.64536	-334.99	26.4785	-81.245	6.08748	14.0461	4.43569	-644.595	78.3899	-0.700328	-643.553	13.9096	4.48987	-652.394	79.0372	-0.708869	-651.327	13.8521	3.23542	-647.29	78.7403	-1.97957	-646.403	-0.010932	-0.238667	0.97104	-0.0582832	-0.249454	0.966631	-0.010932	0.0207893	0.999724	-0.0582832	0.00922857	0.998257	-0.010932	0.0207893	0.999724	-0.0582832	0.00922857	0.998257	-0.626507	1.19122	-3.34142	0.528766	-0.626507	1.19122	-3.34142	0.528766	129.174	105.68	164.865	93.7132	720.635	589.566	919.751	522.807	820.193	556.187	1	0	0
"
 tid_4852_time_14:56:15:976 DPETW@ "GAZE_LOG_CALI: 668.899	540.479	669.82	545.206	925.074	517.824	924.973	522.876	340.951	531.223	342.556	536.056	594.501	510.867	595.112	515.952	
55.7259	20.8146	311.088	-1.51702	-333.186	31.338	-80.424	11.2153	54.8042	16.0872	311.189	-6.57244	-334.793	26.5023	-81.0355	6.12965	14.0756	4.4457	-644.505	78.4342	-0.672157	-643.675	13.9394	4.50002	-652.304	79.0819	-0.680354	-651.448	13.9033	3.24587	-647.28	78.7933	-1.96477	-646.415	-0.00695697	-0.242188	0.970204	-0.0554667	-0.246865	0.967461	-0.00695697	0.0171717	0.999828	-0.0554667	0.0119441	0.998389	-0.00695697	0.0171717	0.999828	-0.0554667	0.0119441	0.998389	-0.398667	0.983912	-3.17987	0.68436	-0.398667	0.983912	-3.17987	0.68436	131.683	103.455	166.66	95.3988	734.633	577.153	929.76	532.211	832.197	554.682	1	0	0
"
 tid_4852_time_14:56:15:999 DPETW@ "GAZE_LOG_CALI: 670.156	540.352	670.593	545.2	926.157	517.866	925.639	523.057	342.181	531.21	343.403	535.985	595.665	510.911	595.855	516.01	
56.4986	20.8088	311.755	-1.33562	-332.337	31.2669	-79.6813	11.2727	56.062	15.9602	312.274	-6.53063	-333.561	26.4885	-79.8707	6.17369	14.2739	4.4378	-644.64	78.6186	-0.641298	-643.807	14.1401	4.49201	-652.438	79.2683	-0.649116	-651.579	14.2216	3.22913	-647.253	79.0857	-1.95304	-646.559	0.0152676	-0.236606	0.971486	-0.0351894	-0.251238	0.967286	0.0152676	0.0228956	0.999621	-0.0351894	0.00767511	0.999351	0.0152676	0.0228956	0.999621	-0.0351894	0.00767511	0.999351	0.87503	1.31193	-2.01668	0.439756	0.87503	1.31193	-2.01668	0.439756	145.74	106.986	179.476	92.736	813.057	596.853	1001.26	517.355	907.158	557.104	1	0	0
"
 tid_4852_time_14:56:16:21 DPETW@ "GAZE_LOG_CALI: 670.287	540.282	670.684	545.177	926.355	517.876	925.745	523.049	342.307	531.148	343.492	535.967	595.828	510.928	595.973	515.999	
56.5896	20.7851	311.861	-1.34417	-332.248	31.2493	-79.5629	11.2619	56.1929	15.8906	312.472	-6.52062	-333.435	26.4268	-79.7076	6.19041	14.2971	4.43258	-644.631	78.648	-0.643646	-643.827	14.1637	4.48673	-652.43	79.2981	-0.651493	-651.6	14.2543	3.21256	-647.254	79.1289	-1.94932	-646.5	0.0170002	-0.238997	0.970871	-0.0321297	-0.246461	0.96862	0.0170002	0.0204268	0.999647	-0.0321297	0.0126338	0.999404	0.0170002	0.0204268	0.999647	-0.0321297	0.0126338	0.999404	0.974289	1.17045	-1.84136	0.723885	0.974289	1.17045	-1.84136	0.723885	146.844	105.443	181.408	95.8103	819.213	588.245	1012.04	534.507	915.625	561.376	1	0	0
"
 tid_4852_time_14:56:16:43 DPETW@ "GAZE_LOG_CALI: 668.128	540.132	669.663	544.948	923.794	517.855	924.357	522.875	340.348	531.014	342.651	535.761	593.313	510.814	594.768	515.89	
55.5689	20.557	310.47	-1.51793	-333.09	31.0423	-80.7682	11.1523	54.0338	15.7401	309.907	-6.54175	-335.397	26.2932	-82.2232	6.07686	14.0455	4.37872	-644.922	78.3329	-0.680879	-644.123	13.909	4.43218	-652.72	78.9789	-0.689176	-651.896	13.7134	3.17601	-647.554	78.4859	-1.96921	-646.557	-0.0367679	-0.2361	0.971033	-0.0894404	-0.232215	0.968543	-0.0367679	0.0232671	0.999053	-0.0894404	0.0263745	0.995643	-0.0367679	0.0232671	0.999053	-0.0894404	0.0263745	0.995643	-2.10769	1.33323	-5.1332	1.51132	-2.10769	1.33323	-5.1332	1.51132	113.039	107.101	145.232	104.307	630.624	597.495	810.218	581.91	720.421	589.702	1	0	0
"
 tid_4852_time_14:56:16:65 DPETW@ "GAZE_LOG_CALI: 666.873	539.967	669.241	544.819	922.04	517.685	923.549	522.754	339.335	530.917	342.411	535.577	591.754	510.772	593.949	515.811	
55.1461	20.4279	309.661	-1.63873	-333.33	30.8588	-81.5876	11.0738	52.7784	15.5756	308.149	-6.7115	-336.411	26.1961	-83.783	6.03479	13.9454	4.34095	-645.22	78.1258	-0.706925	-644.099	13.8078	4.39392	-653.019	78.7693	-0.71554	-651.872	13.4031	3.14375	-647.94	78.0778	-1.99848	-646.864	-0.0771438	-0.23831	0.96812	-0.132572	-0.245951	0.960173	-0.0771438	0.0203778	0.996812	-0.132572	0.0109403	0.991113	-0.0771438	0.0203778	0.996812	-0.132572	0.0109403	0.991113	-4.42533	1.16764	-7.61873	0.626848	-4.42533	1.16764	-7.61873	0.626848	87.6064	105.218	117.725	94.6851	488.739	586.988	656.766	528.229	572.726	557.573	1	0	0
"
 tid_4852_time_14:56:16:88 DPETW@ "GAZE_LOG_CALI: 666.754	539.841	669.197	544.697	922.317	517.504	923.847	522.731	339.209	530.776	342.372	535.487	592.002	510.623	594.241	515.74	
55.1024	20.3054	309.959	-1.66256	-333.369	30.7685	-81.2954	11.0029	52.6595	15.4494	308.427	-6.89248	-336.537	26.0548	-83.5348	5.88558	13.9346	4.31399	-645.227	78.2005	-0.718643	-644.097	13.7969	4.36663	-653.026	78.8449	-0.727401	-651.871	13.3727	3.10949	-647.927	78.1428	-2.04007	-646.818	-0.0804959	-0.238611	0.967773	-0.133295	-0.249195	0.959236	-0.0804959	0.0199981	0.996554	-0.133295	0.00756499	0.991048	-0.0804958	0.0199981	0.996554	-0.133295	0.00756499	0.991048	-4.61799	1.14588	-7.66024	0.433446	-4.61799	1.14588	-7.66024	0.433446	85.4846	104.955	117.343	92.5579	476.902	585.523	654.635	516.362	564.804	549.648	1	0	0
"
 tid_4852_time_14:56:16:110 DPETW@ "GAZE_LOG_CALI: 666.826	539.805	669.246	544.622	922.464	517.392	923.969	522.626	339.337	530.706	342.393	535.443	592.15	510.492	594.368	515.571	
55.1516	20.2304	310.082	-1.76675	-333.349	30.7248	-81.1683	10.8337	52.731	15.4135	308.574	-7.0051	-336.41	25.9851	-83.3861	5.75459	13.946	4.29864	-645.18	78.2326	-0.753162	-644.103	13.8084	4.3511	-652.979	78.8774	-0.76234	-651.877	13.3927	3.09667	-648.024	78.1808	-2.07092	-646.824	-0.0810519	-0.244611	0.966228	-0.132281	-0.248507	0.959555	-0.0810519	0.0138016	0.996614	-0.132281	0.00831224	0.991177	-0.0810519	0.0138016	0.996614	-0.132281	0.00831224	0.991177	-4.64947	0.790801	-7.60172	0.476262	-4.64947	0.790801	-7.60172	0.476262	85.1552	101.072	118.022	92.9904	475.064	563.86	658.423	518.775	565.076	539.034	1	0	0
"
 tid_4852_time_14:56:16:133 DPETW@ "GAZE_LOG_CALI: 666.972	539.642	669.363	544.493	922.664	517.286	924.171	522.534	339.348	530.547	342.435	535.309	592.382	510.393	594.582	515.453	
55.2681	20.1015	310.284	-1.85953	-333.307	30.5903	-80.9546	10.716	52.8777	15.2504	308.775	-7.1104	-336.399	25.8257	-83.1548	5.65562	13.9728	4.26444	-645.062	78.2865	-0.779613	-644.13	13.8354	4.31649	-652.861	78.9319	-0.789113	-651.903	13.4255	3.05443	-647.8	78.2383	-2.0968	-646.878	-0.0783424	-0.241207	0.967306	-0.132429	-0.249651	0.959237	-0.0783424	0.0173689	0.996775	-0.132429	0.00712411	0.991167	-0.0783424	0.0173689	0.996775	-0.132429	0.00712411	0.991167	-4.49397	0.995213	-7.6102	0.408185	-4.49397	0.995213	-7.6102	0.408185	86.8958	103.298	117.981	92.2131	484.774	576.279	658.191	514.439	570.424	543.902	1	0	0
"
 tid_4852_time_14:56:16:155 DPETW@ "GAZE_LOG_CALI: 667.08	539.515	669.391	544.416	922.658	517.205	924.295	522.495	339.434	530.46	342.521	535.219	592.478	510.31	594.68	515.426	
55.2969	20.0242	310.409	-1.89819	-333.22	30.5007	-80.8563	10.6884	52.9852	15.123	308.769	-7.19218	-336.313	25.7383	-83.0587	5.57239	13.9824	4.244	-645.154	78.3126	-0.787868	-644.082	13.8452	4.2958	-652.953	78.9584	-0.797469	-651.855	13.4519	3.02702	-647.77	78.2571	-2.11815	-647.043	-0.0735058	-0.237114	0.968697	-0.139177	-0.262094	0.954954	-0.0735058	0.0216822	0.997059	-0.139177	-0.00600366	0.990249	-0.0735058	0.0216822	0.997059	-0.139177	-0.00600366	0.990249	-4.21637	1.2424	-8.00034	-0.343987	-4.21637	1.2424	-8.00034	-0.343987	89.9388	105.951	113.703	83.9832	501.751	591.079	634.325	468.526	565.536	526.29	1	0	0
"
 tid_4852_time_14:56:16:177 DPETW@ "GAZE_LOG_CALI: 667.082	539.489	669.455	544.346	922.822	517.185	924.374	522.438	339.502	530.449	342.52	535.189	592.458	510.235	594.738	515.345	
55.3603	19.9542	310.487	-1.95573	-333.221	30.4706	-80.798	10.6074	52.9874	15.0969	308.933	-7.21204	-336.245	25.7281	-83.0784	5.49713	13.996	4.23061	-645.05	78.3288	-0.805337	-644.055	13.859	4.28225	-652.849	78.9748	-0.815151	-651.828	13.4544	3.02307	-647.885	78.2624	-2.12945	-646.745	-0.0787402	-0.245105	0.966294	-0.134482	-0.248094	0.959356	-0.0787402	0.0133425	0.996806	-0.134482	0.00865942	0.990878	-0.0787402	0.0133425	0.996806	-0.134482	0.00865942	0.990878	-4.51656	0.764489	-7.72898	0.496155	-4.51656	0.764489	-7.72898	0.496155	86.6735	100.748	116.723	93.1709	483.534	562.053	651.172	519.782	565.692	538.637	1	0	0
"
 tid_4852_time_14:56:16:200 DPETW@ "GAZE_LOG_CALI: 667.039	539.509	669.434	544.379	922.842	517.188	924.39	522.43	339.402	530.51	342.436	535.272	592.441	510.258	594.658	515.362	
55.3397	19.9879	310.504	-1.96385	-333.306	30.5532	-80.8782	10.6247	52.9442	15.1174	308.953	-7.20929	-336.344	25.7883	-83.0951	5.52094	13.9882	4.24456	-644.948	78.3134	-0.804115	-643.893	13.851	4.29638	-652.746	78.9594	-0.813917	-651.667	13.4415	3.03278	-647.79	78.2603	-2.12592	-646.689	-0.0798137	-0.246269	0.96591	-0.13458	-0.252552	0.958178	-0.0798137	0.0121183	0.996736	-0.13458	0.004048	0.990894	-0.0798137	0.0121183	0.996736	-0.13458	0.00404801	0.990894	-4.5782	0.694342	-7.73441	0.231934	-4.5782	0.694342	-7.73441	0.231934	85.998	100.022	116.668	90.3213	479.766	558.001	650.869	503.885	562.733	527.348	1	0	0
"
 tid_4852_time_14:56:16:221 DPETW@ "GAZE_LOG_CALI: 666.699	539.591	669.311	544.44	922.433	517.287	924.206	522.476	339.058	530.475	342.329	535.024	592.031	510.375	594.47	515.397	
55.2166	20.0489	310.319	-1.91773	-333.413	30.3052	-81.0662	10.66	52.6039	15.1996	308.543	-7.10991	-336.689	25.7534	-83.5056	5.63801	13.9582	4.22074	-644.968	78.266	-0.794007	-643.889	13.8206	4.27227	-652.766	78.9114	-0.803686	-651.663	13.3554	3.03829	-647.769	78.1557	-2.09882	-646.687	-0.0900235	-0.238779	0.966892	-0.145415	-0.24922	0.957467	-0.0900235	0.0196071	0.995747	-0.145415	0.00708313	0.989345	-0.0900235	0.0196071	0.995747	-0.145415	0.00708313	0.989345	-5.16595	1.12348	-8.36153	0.405837	-5.16595	1.12348	-8.36153	0.405837	79.5231	104.691	109.685	92.242	443.643	584.049	611.912	514.6	524.058	544.758	1	0	0
"
 tid_4852_time_14:56:16:244 DPETW@ "GAZE_LOG_CALI: 666.721	539.754	669.326	544.524	922.558	517.444	924.304	522.581	339.013	530.613	342.275	535.115	592.116	510.482	594.514	515.496	
55.2314	20.1328	310.418	-1.81177	-333.467	30.3966	-81.0218	10.7584	52.6267	15.3624	308.668	-6.95258	-336.734	25.8918	-83.4204	5.74434	13.9595	4.24207	-644.849	78.28	-0.768036	-643.801	13.822	4.29387	-652.648	78.9256	-0.7774	-651.574	13.3587	3.076	-647.658	78.1788	-2.06501	-646.605	-0.089818	-0.23615	0.967557	-0.143971	-0.248214	0.957947	-0.089818	0.0223192	0.995708	-0.143971	0.00817855	0.989548	-0.0898181	0.0223192	0.995708	-0.143971	0.00817855	0.989548	-5.15443	1.2789	-8.27795	0.468601	-5.15443	1.2789	-8.27795	0.468601	79.6607	106.439	110.636	92.9763	444.411	593.801	617.219	518.696	527.903	552.695	1	0	0
"
 tid_4852_time_14:56:16:266 DPETW@ "GAZE_LOG_CALI: 666.766	539.887	669.364	544.596	922.575	517.517	924.428	522.648	339.017	530.727	342.287	535.233	592.206	510.574	594.617	515.638	
55.2692	20.2041	310.541	-1.74532	-333.455	30.5149	-80.9189	10.9012	52.6714	15.4951	308.685	-6.87929	-336.73	26.0057	-83.3301	5.83641	13.9675	4.2659	-644.816	78.3067	-0.74139	-643.76	13.8301	4.318	-652.615	78.9527	-0.75043	-651.533	13.3689	3.107	-647.584	78.1979	-2.04423	-646.73	-0.0887569	-0.233085	0.968397	-0.150024	-0.257141	0.954658	-0.0887569	0.0254965	0.995727	-0.150024	-0.0012951	0.988681	-0.0887569	0.0254965	0.995727	-0.150024	-0.0012951	0.988681	-5.09376	1.461	-8.62834	-0.0742041	-5.09376	1.461	-8.62834	-0.0742041	80.3366	108.459	106.786	87.0658	448.182	605.073	595.738	485.723	517.454	539.899	1	0	0
"
 tid_4852_time_14:56:16:288 DPETW@ "GAZE_LOG_CALI: 666.83	539.842	669.393	544.595	922.66	517.538	924.496	522.664	339.014	530.716	342.292	535.233	592.211	510.586	594.639	515.642	
55.2983	20.2036	310.61	-1.72926	-333.45	30.5147	-80.8969	10.9043	52.7355	15.4504	308.771	-6.85871	-336.733	25.995	-83.3251	5.8485	13.9742	4.26552	-644.772	78.3143	-0.738882	-643.676	13.8368	4.31761	-652.57	78.9605	-0.747892	-651.449	13.3829	3.09939	-647.474	78.2037	-2.03973	-646.603	-0.0863129	-0.231638	0.968965	-0.149195	-0.254676	0.955448	-0.0863129	0.0270413	0.995901	-0.149195	0.00128987	0.988807	-0.0863129	0.0270413	0.995901	-0.149195	0.00128987	0.988807	-4.95334	1.54954	-8.58029	0.0739044	-4.95334	1.54954	-8.58029	0.0739044	81.8868	109.434	107.339	88.7137	456.83	610.508	598.821	494.916	524.393	548.524	1	0	0
"
 tid_4852_time_14:56:16:310 DPETW@ "GAZE_LOG_CALI: 666.878	539.887	669.447	544.668	922.813	517.654	924.664	522.808	339.047	530.836	342.309	535.333	592.334	510.796	594.707	515.756	
55.3523	20.2769	310.778	-1.58524	-333.433	30.6147	-80.8293	11.0185	52.7834	15.4958	308.924	-6.74261	-336.7	26.1148	-83.2029	6.05813	13.9867	4.28704	-644.707	78.3368	-0.706064	-643.518	13.8494	4.3394	-652.506	78.9834	-0.714676	-651.291	13.3941	3.12038	-647.455	78.2361	-1.99802	-646.548	-0.0873117	-0.233739	0.968371	-0.150362	-0.25821	0.954316	-0.0873117	0.024858	0.995871	-0.150362	-0.00241615	0.988628	-0.0873117	0.024858	0.995871	-0.150362	-0.00241615	0.988628	-5.01052	1.4244	-8.64792	-0.138435	-5.01052	1.4244	-8.64792	-0.138435	81.2775	108.104	106.634	86.4592	453.431	603.089	594.889	482.339	519.602	537.095	1	0	0
"
 tid_4852_time_14:56:16:332 DPETW@ "GAZE_LOG_CALI: 666.938	539.96	669.492	544.709	922.845	517.691	924.755	522.799	339.102	530.925	342.364	535.416	592.419	510.771	594.788	515.858	
55.3977	20.3175	310.869	-1.59458	-333.378	30.698	-80.7482	11.1208	52.8433	15.5683	308.956	-6.70566	-336.645	26.2042	-83.1175	6.03356	13.9985	4.30292	-644.723	78.3578	-0.694153	-643.502	13.8614	4.35548	-652.521	79.0047	-0.70262	-651.276	13.4094	3.14097	-647.441	78.2549	-1.99661	-646.635	-0.0861957	-0.231629	0.968978	-0.153793	-0.265421	0.951787	-0.0861957	0.027054	0.995911	-0.153793	-0.0100364	0.988052	-0.0861957	0.027054	0.995911	-0.153793	-0.0100364	0.988052	-4.9466	1.55027	-8.84725	-0.575054	-4.9466	1.55027	-8.84725	-0.575054	81.9886	109.49	104.446	81.6857	457.398	610.821	582.682	455.708	514.345	526.188	1	0	0
"
 tid_4852_time_14:56:16:354 DPETW@ "GAZE_LOG_CALI: 667.026	539.894	669.623	544.644	923.012	517.704	924.874	522.838	339.219	530.879	342.427	535.355	592.507	510.762	594.885	515.825	
55.5285	20.2527	310.989	-1.55543	-333.314	30.6364	-80.6511	11.088	52.9314	15.502	309.123	-6.69235	-336.528	26.1579	-83.0297	6.02444	14.0289	4.28623	-644.616	78.3835	-0.693266	-643.465	13.8922	4.33859	-652.415	79.0308	-0.701723	-651.238	13.4328	3.12703	-647.492	78.2815	-1.99566	-646.504	-0.0902356	-0.23799	0.967067	-0.150936	-0.26063	0.953567	-0.0902356	0.0204151	0.995711	-0.150936	-0.00494754	0.988531	-0.0902356	0.0204151	0.995711	-0.150936	-0.00494754	0.988531	-5.17824	1.16978	-8.68127	-0.283475	-5.17824	1.16978	-8.68127	-0.283475	79.489	105.346	106.319	84.8956	443.453	587.703	593.131	473.616	512.23	523.12	1	0	0
"
 tid_4852_time_14:56:16:376 DPETW@ "GAZE_LOG_CALI: 667.098	539.784	669.743	544.536	923.194	517.656	924.956	522.814	339.195	530.641	342.471	535.213	592.535	510.805	594.996	515.765	
55.6487	20.1447	311.07	-1.57925	-333.27	30.4941	-80.5407	11.028	53.0036	15.3922	309.306	-6.74091	-336.552	25.9197	-83.0019	6.06759	14.0569	4.25363	-644.487	78.4104	-0.703807	-643.52	13.9204	4.3056	-652.286	79.0579	-0.712391	-651.293	13.4478	3.08185	-647.336	78.297	-1.99562	-646.253	-0.0922808	-0.238951	0.966637	-0.144757	-0.24413	0.958877	-0.0922808	0.0193748	0.995544	-0.144757	0.0123638	0.98939	-0.0922808	0.0193748	0.995544	-0.144757	0.0123638	0.98939	-5.29583	1.11016	-8.32383	0.708412	-5.29583	1.11016	-8.32383	0.708412	78.2397	104.695	110.298	95.737	436.484	584.075	615.33	534.098	522.86	555.43	1	0	0
"
 tid_4852_time_14:56:16:398 DPETW@ "GAZE_LOG_CALI: 667.15	539.643	669.818	544.46	923.289	517.539	925.026	522.731	339.296	530.554	342.564	535.146	592.614	510.725	595.078	515.676	
55.7234	20.0684	311.141	-1.66226	-333.178	30.4269	-80.4586	10.9389	53.0554	15.2509	309.401	-6.85787	-336.451	25.8329	-82.9224	5.98739	14.0759	4.23584	-644.528	78.4306	-0.72551	-643.538	13.9397	4.28759	-652.327	79.0784	-0.734359	-651.311	13.4627	3.0534	-647.42	78.3186	-2.02052	-646.236	-0.0938603	-0.242861	0.96551	-0.143625	-0.24312	0.959304	-0.0938603	0.015307	0.995468	-0.143625	0.0134504	0.989541	-0.0938603	0.015307	0.995468	-0.143625	0.0134504	0.989541	-5.38636	0.87706	-8.25842	0.770677	-5.38636	0.87706	-8.25842	0.770677	77.2625	102.123	111.041	96.3919	431.032	569.722	619.473	537.751	521.708	549.446	1	0	0
"
 tid_4852_time_14:56:16:421 DPETW@ "GAZE_LOG_CALI: 667.191	539.598	669.837	544.42	923.346	517.55	925.054	522.705	339.358	530.53	342.581	535.1	592.69	510.718	595.132	515.679	
55.743	20.0289	311.169	-1.68785	-333.16	30.3814	-80.4046	10.9422	53.0959	15.2068	309.457	-6.84682	-336.388	25.8086	-82.8463	5.98037	14.0811	4.22503	-644.519	78.4427	-0.72828	-643.578	13.9449	4.27665	-652.318	79.0906	-0.737162	-651.351	13.4739	3.04494	-647.455	78.3365	-2.02	-646.26	-0.0935022	-0.244468	0.965139	-0.142194	-0.241872	0.959833	-0.0935022	0.0136582	0.995525	-0.142194	0.0147925	0.989728	-0.0935022	0.0136582	0.995525	-0.142194	0.0147925	0.989728	-5.36562	0.78258	-8.1757	0.84758	-5.36562	0.78258	-8.1757	0.84758	77.4964	101.082	111.963	97.2198	432.337	563.914	624.617	542.37	525.13	549.056	1	0	0
"
 tid_4852_time_14:56:16:443 DPETW@ "GAZE_LOG_CALI: 667.163	539.675	669.816	544.444	923.309	517.544	925.031	522.727	339.368	530.621	342.526	535.118	592.669	510.708	595.085	515.653	
55.7215	20.0521	311.145	-1.66574	-333.215	30.3992	-80.4515	10.9162	53.0683	15.2838	309.42	-6.85262	-336.379	25.8995	-82.8677	5.97023	14.0745	4.22976	-644.463	78.4323	-0.728827	-643.543	13.9382	4.28144	-652.262	79.0801	-0.737716	-651.316	13.4675	3.06669	-647.525	78.3302	-2.02212	-646.285	-0.0958145	-0.247279	0.964195	-0.142936	-0.244823	0.958974	-0.0958145	0.0106986	0.995342	-0.142936	0.0117198	0.989662	-0.0958145	0.0106986	0.995342	-0.142936	0.0117198	0.989663	-5.49852	0.612999	-8.21836	0.671509	-5.49852	0.612999	-8.21836	0.671509	76.0363	99.2488	111.485	95.3007	424.191	553.689	621.953	531.664	518.424	536.961	1	0	0
"
 tid_4852_time_14:56:16:465 DPETW@ "GAZE_LOG_CALI: 667.088	539.61	669.738	544.434	923.149	517.579	924.931	522.752	339.286	530.52	342.539	535.125	592.609	510.745	595.043	515.678	
55.6441	20.0427	311.045	-1.64119	-333.203	30.4062	-80.4928	10.9411	52.9937	15.2188	309.261	-6.81792	-336.461	25.7991	-82.928	6.00735	14.058	4.23054	-644.615	78.4188	-0.722677	-643.641	13.9216	4.28222	-652.414	79.0664	-0.73149	-651.414	13.4489	3.04543	-647.504	78.3097	-2.0135	-646.453	-0.0929528	-0.243223	0.965506	-0.146112	-0.247551	0.957794	-0.0929528	0.0149562	0.995558	-0.146112	0.00877976	0.989229	-0.0929528	0.0149562	0.995558	-0.146112	0.00877976	0.989229	-5.3341	0.856957	-8.40202	0.50305	-5.3341	0.856957	-8.40202	0.50305	77.81	101.876	109.424	93.4402	434.087	568.344	610.457	521.284	517.741	539.275	1	0	0
"
 tid_4852_time_14:56:16:487 DPETW@ "GAZE_LOG_CALI: 666.956	539.633	669.567	544.474	922.975	517.629	924.827	522.745	339.203	530.586	342.463	535.167	592.547	510.637	594.948	515.705	
55.4727	20.0821	310.941	-1.6479	-333.278	30.4489	-80.5886	10.9681	52.8612	15.241	309.086	-6.76765	-336.544	25.8646	-82.9896	5.89977	14.0187	4.24191	-644.762	78.3938	-0.720191	-643.645	13.8818	4.29371	-652.561	79.041	-0.728974	-651.418	13.4167	3.05695	-647.588	78.2878	-2.0214	-646.634	-0.0904001	-0.240365	0.966464	-0.15024	-0.2578	0.954446	-0.0904001	0.0179644	0.995744	-0.15024	-0.00198658	0.988648	-0.0904001	0.0179644	0.995744	-0.15024	-0.00198658	0.988648	-5.18746	1.02934	-8.64086	-0.113823	-5.18746	1.02934	-8.64086	-0.113823	79.3658	103.733	106.751	86.682	442.766	578.703	595.545	483.582	513.206	523.736	1	0	0
"
 tid_4852_time_14:56:16:510 DPETW@ "GAZE_LOG_CALI: 666.831	539.666	669.445	544.491	922.813	517.588	924.647	522.734	339.117	530.59	342.447	535.186	592.458	510.693	594.843	515.707	
55.3511	20.0999	310.761	-1.65963	-333.294	30.4676	-80.6936	10.9696	52.7366	15.2744	308.924	-6.80869	-336.63	25.8685	-83.0786	5.95553	13.9913	4.24782	-644.945	78.3634	-0.721664	-643.77	13.8541	4.29968	-652.744	79.0101	-0.730463	-651.544	13.3864	3.06193	-647.651	78.2614	-2.01991	-646.76	-0.0888783	-0.235211	0.967872	-0.149416	-0.257324	0.954704	-0.0888783	0.0233078	0.99577	-0.149416	-0.00146031	0.988773	-0.0888783	0.0233078	0.99577	-0.149416	-0.00146031	0.988773	-5.10047	1.33556	-8.59308	-0.0836699	-5.10047	1.33556	-8.59308	-0.0836699	80.2763	107.04	107.232	86.9787	447.846	597.155	598.227	485.237	518.26	535.307	1	0	0
"
 tid_4852_time_14:56:16:533 DPETW@ "GAZE_LOG_CALI: 666.645	539.685	669.275	544.505	922.63	517.562	924.432	522.67	339.026	530.636	342.25	535.226	592.286	510.615	594.661	515.665	
55.1802	20.1132	310.546	-1.7229	-333.492	30.5071	-80.8749	10.928	52.5508	15.2936	308.74	-6.83501	-336.721	25.9152	-83.2501	5.87746	13.9472	4.25396	-644.896	78.3157	-0.735159	-643.825	13.8095	4.3059	-652.695	78.9618	-0.744122	-651.598	13.3426	3.07103	-647.802	78.217	-2.03343	-646.778	-0.0921421	-0.243687	0.965467	-0.147612	-0.255538	0.955464	-0.0921421	0.0144972	0.99564	-0.147612	0.000461102	0.989045	-0.0921421	0.0144972	0.99564	-0.147612	0.000461102	0.989045	-5.28741	0.830658	-8.48854	0.0264192	-5.28741	0.830658	-8.48854	0.0264192	78.1847	101.542	108.335	88.1583	436.177	566.482	604.381	491.817	514.251	521.598	1	0	0
"
 tid_4852_time_14:56:16:555 DPETW@ "GAZE_LOG_CALI: 666.492	539.762	669.128	544.497	922.519	517.456	924.247	522.695	338.924	530.705	342.091	535.242	592.117	510.584	594.565	515.658	
55.0338	20.106	310.361	-1.69829	-333.651	30.5235	-80.9716	10.9206	52.3972	15.3707	308.629	-6.94018	-336.823	25.9835	-83.4191	5.84697	13.9093	4.25489	-644.882	78.2869	-0.733185	-643.975	13.7711	4.30684	-652.68	78.9324	-0.742122	-651.748	13.3051	3.08989	-647.889	78.1768	-2.05053	-646.672	-0.0938622	-0.245103	0.964943	-0.142679	-0.247063	0.958438	-0.0938622	0.0129947	0.9955	-0.142679	0.00941773	0.989724	-0.0938622	0.0129947	0.9955	-0.142679	0.00941773	0.989724	-5.38629	0.744563	-8.20327	0.539604	-5.38629	0.744563	-8.20327	0.539604	77.062	100.607	111.444	93.7439	429.914	561.264	621.725	522.979	521.342	536.574	1	0	0
"
 tid_4852_time_14:56:16:578 DPETW@ "GAZE_LOG_CALI: 666.249	539.819	668.894	544.56	922.252	517.572	923.988	522.702	338.711	530.772	341.902	535.356	591.882	510.701	594.297	515.654	
54.7997	20.1685	310.101	-1.6909	-333.841	30.6375	-81.2393	10.9165	52.1541	15.4276	308.362	-6.82492	-337.036	26.0513	-83.6548	5.96362	13.8522	4.27749	-644.941	78.2193	-0.733041	-643.956	13.7133	4.32972	-652.739	78.864	-0.741977	-651.729	13.2445	3.10579	-647.932	78.1153	-2.02144	-646.728	-0.0940899	-0.245644	0.964783	-0.143552	-0.245292	0.958762	-0.0940899	0.0124307	0.995486	-0.143552	0.0112118	0.989579	-0.0940899	0.0124307	0.995486	-0.143552	0.0112118	0.989579	-5.39936	0.712247	-8.25397	0.642403	-5.39936	0.712247	-8.25397	0.642403	76.8549	100.261	110.817	94.8761	428.758	559.336	618.227	529.295	519.017	538.823	1	0	0
"
 tid_4852_time_14:56:16:600 DPETW@ "GAZE_LOG_CALI: 666.074	539.933	668.647	544.657	921.976	517.619	923.867	522.735	338.489	530.868	341.68	535.443	591.673	510.738	594.08	515.686	
54.5525	20.2657	309.98	-1.65785	-334.063	30.7248	-81.4563	10.9485	51.9794	15.5418	308.085	-6.77746	-337.259	26.1467	-83.8638	6.00073	13.7899	4.30101	-644.99	78.169	-0.724917	-643.792	13.6504	4.35352	-652.789	78.8133	-0.733755	-651.565	13.1987	3.13178	-647.845	78.058	-2.01118	-646.832	-0.0883511	-0.238977	0.966997	-0.152284	-0.257552	0.954189	-0.0883511	0.0194434	0.9959	-0.152284	-0.00181375	0.988335	-0.0883511	0.0194434	0.9959	-0.152284	-0.00181375	0.988335	-5.06972	1.11409	-8.75932	-0.103921	-5.06972	1.11409	-8.75932	-0.103921	80.4049	104.66	105.188	86.7475	448.563	583.877	586.824	483.947	511.861	526.711	1	0	0
"
 tid_4852_time_14:56:16:623 DPETW@ "GAZE_LOG_CALI: 665.809	540.021	668.392	544.805	921.696	517.667	923.567	522.794	338.284	530.982	341.484	535.553	591.471	510.719	593.868	515.791	
54.298	20.4139	309.678	-1.5991	-334.259	30.8351	-81.668	11.0533	51.7139	15.6296	307.805	-6.7292	-337.464	26.2607	-84.0653	5.98163	13.7281	4.33415	-645.072	78.1109	-0.704509	-643.945	13.5878	4.38705	-652.87	78.7544	-0.713097	-651.718	13.1325	3.15787	-647.956	78.0022	-2.00804	-646.956	-0.0895282	-0.241663	0.966221	-0.150666	-0.259407	0.953943	-0.0895282	0.0166483	0.995845	-0.150666	-0.00366947	0.988578	-0.0895282	0.0166483	0.995845	-0.150666	-0.00366947	0.988578	-5.13718	0.953922	-8.66556	-0.210246	-5.13718	0.953922	-8.66556	-0.210246	79.5943	102.923	106.146	85.5614	444.041	574.187	592.168	477.33	511.604	517.605	1	0	0
"
 tid_4852_time_14:56:16:645 DPETW@ "GAZE_LOG_CALI: 665.509	540.097	668.174	544.898	921.43	517.773	923.288	522.876	338.013	531.059	341.241	535.703	591.202	510.864	593.6	515.916	
54.0794	20.5067	309.399	-1.51725	-334.502	30.9844	-81.936	11.1787	51.4139	15.7051	307.538	-6.62335	-337.736	26.3377	-84.3346	6.12623	13.6716	4.36435	-645.033	78.0416	-0.678536	-643.948	13.5306	4.41763	-652.831	78.6842	-0.686807	-651.721	13.0573	3.17723	-647.995	77.9338	-1.97644	-646.953	-0.094366	-0.247316	0.964329	-0.150194	-0.258111	0.954369	-0.094366	0.0106981	0.99548	-0.150194	-0.0023075	0.988654	-0.094366	0.0106981	0.99548	-0.150194	-0.0023075	0.988654	-5.41514	0.612967	-8.63822	-0.13221	-5.41514	0.612967	-8.63822	-0.13221	76.4882	99.238	106.378	86.4421	426.712	553.629	593.461	482.243	502.218	508.106	1	0	0
"
 tid_4852_time_14:56:16:669 DPETW@ "GAZE_LOG_CALI: 665.359	540.208	667.997	545.029	921.365	517.83	923.078	522.976	337.821	531.161	341.068	535.758	591.041	510.933	593.479	515.95	
53.9029	20.6377	309.189	-1.4169	-334.676	31.0396	-82.0575	11.2133	51.2644	15.816	307.473	-6.56619	-337.928	26.4407	-84.4955	6.19602	13.6276	4.38767	-645.024	78.0061	-0.661696	-644.093	13.4861	4.44124	-652.822	78.6482	-0.66976	-651.866	13.0184	3.20381	-647.911	77.898	-1.96004	-646.793	-0.0919527	-0.243303	0.965582	-0.141853	-0.243981	0.959349	-0.0919527	0.014898	0.995652	-0.141853	0.0126304	0.989807	-0.0919527	0.014898	0.995652	-0.141853	0.0126304	0.989807	-5.27654	0.853623	-8.15572	0.723687	-5.27654	0.853623	-8.15572	0.723687	77.9658	101.893	111.667	95.801	434.956	568.44	622.969	534.454	525.511	547.215	1	0	0
"
 tid_4852_time_14:56:16:691 DPETW@ "GAZE_LOG_CALI: 665.081	540.401	667.725	545.169	921.026	517.955	922.826	523.146	337.608	531.298	340.781	535.855	590.72	511.017	593.186	516.027	
53.6305	20.7775	308.937	-1.24711	-334.963	31.1374	-82.3509	11.2899	50.9862	16.0089	307.133	-6.44109	-338.142	26.5774	-84.8168	6.27974	13.5577	4.41732	-645.003	77.9337	-0.630798	-644.02	13.4153	4.47125	-652.802	78.575	-0.638487	-651.794	12.9498	3.2461	-648.014	77.8148	-1.9339	-646.814	-0.0937684	-0.246814	0.964516	-0.14614	-0.249041	0.957404	-0.0937684	0.0112311	0.995531	-0.14614	0.00723965	0.989237	-0.0937684	0.0112311	0.995531	-0.14614	0.00723966	0.989237	-5.38078	0.64351	-8.40351	0.414805	-5.38078	0.64351	-8.40351	0.414805	76.7516	99.6309	108.859	92.4676	428.182	555.821	607.301	515.858	512.079	528.872	1	0	0
"
 tid_4852_time_14:56:16:713 DPETW@ "GAZE_LOG_CALI: 664.788	540.459	667.419	545.24	920.655	517.948	922.564	523.213	337.244	531.432	340.529	535.958	590.453	511.062	592.877	516.081	
53.3245	20.8487	308.674	-1.18017	-335.216	31.2401	-82.6598	11.3433	50.6935	16.0671	306.762	-6.44829	-338.506	26.7117	-85.0835	6.32445	13.4822	4.43975	-645.086	77.8576	-0.615845	-643.939	13.3389	4.49394	-652.885	78.498	-0.623353	-651.713	12.8723	3.26967	-647.903	77.741	-1.92981	-646.986	-0.0905932	-0.237673	0.967111	-0.152555	-0.26329	0.952578	-0.0905932	0.0207321	0.995672	-0.152555	-0.00777307	0.988264	-0.0905932	0.0207321	0.995672	-0.152555	-0.00777307	0.988264	-5.19885	1.18795	-8.77531	-0.445369	-5.19885	1.18795	-8.77531	-0.445369	78.6648	105.583	104.669	83.0689	438.855	589.029	583.927	463.425	504.361	517.549	1	0	0
"
 tid_4852_time_14:56:16:736 DPETW@ "GAZE_LOG_CALI: 664.56	540.436	667.198	545.274	920.425	517.966	922.274	523.159	337.072	531.399	340.397	535.964	590.242	511.054	592.623	516.103	
53.1036	20.8827	308.384	-1.23343	-335.348	31.2463	-82.9135	11.3659	50.465	16.0445	306.531	-6.42996	-338.679	26.6788	-85.2953	6.31618	13.4296	4.44574	-645.228	77.7916	-0.619984	-644.003	13.2857	4.5	-653.026	78.4312	-0.627541	-651.777	12.8169	3.26284	-647.979	77.6858	-1.92882	-647.009	-0.0898413	-0.237093	0.967324	-0.14913	-0.26033	0.953933	-0.0898413	0.0213481	0.995727	-0.14913	-0.00456311	0.988807	-0.0898413	0.0213481	0.995727	-0.14913	-0.00456311	0.988807	-5.15566	1.22325	-8.5766	-0.261448	-5.15566	1.22325	-8.5766	-0.261448	79.0732	105.941	106.798	85.0676	441.133	591.022	595.804	474.575	512.605	525.531	1	0	0
"
 tid_4852_time_14:56:16:759 DPETW@ "GAZE_LOG_CALI: 664.274	540.435	666.932	545.278	920.258	517.891	921.993	523.109	336.825	531.386	340.116	535.941	589.989	511.018	592.43	516.022	
52.8376	20.8865	308.102	-1.28412	-335.63	31.2227	-83.1063	11.285	50.1789	16.0429	306.364	-6.50502	-338.926	26.6656	-85.5479	6.28072	13.3618	4.44271	-645.197	77.7379	-0.636932	-644.145	13.2171	4.49693	-652.996	78.3767	-0.644694	-651.918	12.7453	3.26105	-648.044	77.6267	-1.94278	-646.875	-0.0920458	-0.241129	0.966118	-0.142545	-0.246722	0.958545	-0.0920458	0.0171375	0.995607	-0.142545	0.00977422	0.98974	-0.0920458	0.0171375	0.995607	-0.142545	0.00977422	0.98974	-5.28209	0.981957	-8.19556	0.560031	-5.28209	0.981957	-8.19556	0.560031	77.6191	103.308	110.947	94.0195	433.022	576.336	618.948	524.516	522.22	545.831	1	0	0
"
 tid_4852_time_14:56:16:781 DPETW@ "GAZE_LOG_CALI: 664.103	540.429	666.772	545.295	920.027	517.908	921.875	523.085	336.723	531.409	339.911	535.925	589.804	510.998	592.245	516.02	
52.6774	20.9039	307.983	-1.30782	-335.835	31.2073	-83.2911	11.2824	50.0079	16.0373	306.133	-6.48846	-339.028	26.6884	-85.7326	6.26107	13.3201	4.44213	-645.116	77.6943	-0.640382	-644.027	13.1748	4.49635	-652.915	78.3326	-0.648188	-651.801	12.7038	3.2638	-648.162	77.5768	-1.94355	-646.944	-0.0954966	-0.249881	0.963556	-0.1487	-0.254835	0.955483	-0.0954966	0.0080197	0.995397	-0.1487	0.00114553	0.988882	-0.0954965	0.0080197	0.995397	-0.1487	0.00114553	0.988882	-5.48008	0.4595	-8.55161	0.0656339	-5.48008	0.4595	-8.55161	0.0656339	75.4094	97.6156	106.974	88.6287	420.694	544.578	596.786	494.442	500.891	509.761	1	0	0
"
 tid_4852_time_14:56:16:804 DPETW@ "GAZE_LOG_CALI: 663.983	540.353	666.542	545.183	919.727	517.815	921.656	522.934	336.552	531.372	339.677	535.925	589.592	510.92	592.016	515.896	
52.4474	20.7914	307.764	-1.45873	-336.069	31.2074	-83.5203	11.1591	49.8884	15.9617	305.832	-6.58135	-339.199	26.6513	-85.9451	6.18215	13.2614	4.42765	-645.112	77.6369	-0.675309	-644.011	13.1154	4.48169	-652.91	78.2746	-0.683541	-651.785	12.6721	3.24876	-648.069	77.5179	-1.96599	-647.09	-0.0883836	-0.245809	0.965281	-0.153634	-0.260354	0.953212	-0.0883836	0.0124002	0.996009	-0.153634	-0.00477372	0.988116	-0.0883836	0.0124002	0.996009	-0.153634	-0.00477372	0.988116	-5.07102	0.710497	-8.83768	-0.273515	-5.07102	0.710497	-8.83768	-0.273515	79.8423	100.343	103.745	84.877	445.424	559.793	578.771	473.512	504.292	506.835	1	0	0
"
 tid_4852_time_14:56:16:826 DPETW@ "GAZE_LOG_CALI: 663.787	540.334	666.448	545.117	919.592	517.75	921.467	522.852	336.335	531.252	339.573	535.873	589.474	510.76	591.911	515.826	
52.353	20.7257	307.575	-1.541	-336.174	31.1549	-83.6254	11.0885	49.6918	15.9422	305.697	-6.64646	-339.417	26.531	-86.0628	6.02287	13.2371	4.41246	-645.096	77.6061	-0.694846	-644.155	13.0908	4.46632	-652.895	78.2432	-0.703314	-651.928	12.6218	3.23047	-648.029	77.4868	-1.99475	-647.112	-0.0930172	-0.245105	0.965024	-0.149983	-0.256053	0.954957	-0.0930172	0.0130134	0.995579	-0.149983	-0.000167012	0.988689	-0.0930172	0.0130134	0.995579	-0.149983	-0.000167012	0.988689	-5.33766	0.745635	-8.62595	-0.0095691	-5.33766	0.745635	-8.62595	-0.0095691	76.8923	100.719	106.043	87.7176	428.967	561.893	591.595	489.359	503.103	516.778	1	0	0
"
 tid_4852_time_14:56:16:848 DPETW@ "GAZE_LOG_CALI: 663.589	540.331	666.181	545.092	919.465	517.696	921.153	522.795	336.151	531.27	339.456	535.898	589.241	510.773	591.643	515.798	
52.0862	20.7003	307.261	-1.59798	-336.291	31.1799	-83.894	11.0613	49.4939	15.939	305.569	-6.70032	-339.601	26.5498	-86.2961	6.03517	13.1744	4.41414	-645.348	77.5354	-0.705814	-644.225	13.0274	4.468	-653.147	78.1717	-0.714414	-651.999	12.5717	3.23243	-648.053	77.4336	-1.99981	-646.942	-0.0866248	-0.234861	0.968161	-0.14006	-0.243916	0.959629	-0.0866248	0.0237203	0.995959	-0.14006	0.0127657	0.990061	-0.0866248	0.0237203	0.995959	-0.14006	0.0127657	0.990061	-4.97086	1.3592	-8.05198	0.73144	-4.97086	1.3592	-8.05198	0.73144	80.8335	107.364	112.322	95.808	450.954	598.963	626.623	534.494	537.317	564.935	1	0	0
"
 tid_4852_time_14:56:16:871 DPETW@ "GAZE_LOG_CALI: 663.363	540.353	665.963	545.195	919.283	517.679	920.95	522.777	335.923	531.322	339.223	535.888	589.009	510.785	591.452	515.808	
51.8683	20.8033	307.057	-1.61612	-336.525	31.1702	-84.0846	11.0709	49.2681	15.9612	305.388	-6.71724	-339.83	26.6015	-86.5284	6.0475	13.1189	4.42547	-645.317	77.4863	-0.70709	-644.243	12.9712	4.47947	-653.115	78.1219	-0.715706	-652.017	12.514	3.24158	-648.048	77.3772	-2.00039	-646.855	-0.0873018	-0.236401	0.967726	-0.138651	-0.239166	0.961028	-0.0873018	0.0221196	0.995936	-0.138651	0.0177163	0.990183	-0.0873018	0.0221196	0.995936	-0.138651	0.0177163	0.990183	-5.00963	1.26746	-7.97107	1.01512	-5.00963	1.26746	-7.97107	1.01512	80.3543	106.38	113.165	98.909	448.28	593.474	631.327	551.794	538.882	571.52	1	0	0
"
 tid_4852_time_14:56:16:893 DPETW@ "GAZE_LOG_CALI: 663.076	540.411	665.72	545.249	918.927	517.741	920.753	522.769	335.714	531.457	338.914	535.99	588.72	510.779	591.12	515.788	
51.6253	20.8577	306.859	-1.62455	-336.834	31.2728	-84.4168	11.0509	48.9806	16.0194	305.031	-6.65517	-340.038	26.7366	-86.8175	6.04161	13.0555	4.44418	-645.195	77.4091	-0.710893	-644.013	12.907	4.49842	-652.994	78.044	-0.719558	-651.787	12.4435	3.26672	-648.173	77.2997	-1.99385	-646.961	-0.0927537	-0.246483	0.964698	-0.147491	-0.252491	0.956292	-0.0927537	0.0115975	0.995622	-0.147491	0.00361919	0.989057	-0.0927537	0.0115975	0.995622	-0.147491	0.00361919	0.989057	-5.3224	0.664504	-8.48161	0.207365	-5.3224	0.664504	-8.48161	0.207365	76.8665	99.8386	107.466	90.1171	428.823	556.98	599.532	502.745	507.702	521.871	1	0	0
"
 tid_4852_time_14:56:16:916 DPETW@ "GAZE_LOG_CALI: 662.988	540.569	665.513	545.364	918.714	517.781	920.517	522.822	335.463	531.461	338.65	536.043	588.514	510.869	590.972	515.806	
51.4184	20.9725	306.624	-1.57062	-337.098	31.3249	-84.5651	11.0691	48.8933	16.1772	304.817	-6.61535	-340.29	26.7409	-87.0229	6.13149	13.001	4.46434	-645.1	77.367	-0.702024	-644.163	12.8518	4.51884	-652.898	78.0013	-0.710579	-651.937	12.4161	3.2855	-647.896	77.2468	-1.97757	-646.973	-0.0842712	-0.238554	0.967466	-0.145708	-0.244689	0.958591	-0.0842712	0.019973	0.996243	-0.145708	0.01175	0.989258	-0.0842712	0.019973	0.996243	-0.145708	0.01175	0.989258	-4.83509	1.14444	-8.37884	0.673242	-4.83509	1.14444	-8.37884	0.673242	82.1667	105.122	108.541	95.1954	458.392	586.453	605.527	531.076	529.341	555.576	2	0	0
"
 tid_4852_time_14:56:16:939 DPETW@ "GAZE_LOG_CALI: 662.764	540.645	665.366	545.464	918.541	517.799	920.316	522.865	335.253	531.512	338.515	536.097	588.353	510.878	590.742	515.863	
51.2712	21.0726	306.422	-1.52768	-337.234	31.3792	-84.7946	11.1256	48.6688	16.2528	304.644	-6.59769	-340.501	26.7914	-87.1844	6.14071	12.9646	4.48383	-645.108	77.3102	-0.689621	-644.114	12.815	4.53856	-652.906	77.9438	-0.698026	-651.888	12.3601	3.3014	-647.907	77.205	-1.97438	-646.992	-0.0880098	-0.239323	0.966943	-0.144498	-0.249637	0.957497	-0.0880098	0.0190948	0.995937	-0.144498	0.00668745	0.989482	-0.0880098	0.0190948	0.995937	-0.144498	0.00668745	0.989482	-5.05005	1.09412	-8.30841	0.383165	-5.05005	1.09412	-8.30841	0.383165	79.771	104.593	109.27	92.0384	445.027	583.502	609.596	513.464	523.486	543.783	1	1	1
"
 tid_4852_time_14:56:16:961 DPETW@ "GAZE_LOG_CALI: 662.722	540.742	665.308	545.506	918.631	517.789	920.297	522.889	335.196	531.57	338.514	536.104	588.259	510.842	590.685	515.869	
51.2129	21.115	306.403	-1.5041	-337.234	31.3868	-84.8521	11.1314	48.6274	16.3498	304.734	-6.60728	-340.557	26.8501	-87.2777	6.10421	12.9518	4.49085	-645.204	77.2975	-0.685936	-644.044	12.802	4.54566	-653.002	77.9311	-0.694296	-651.819	12.3487	3.32103	-647.887	77.1915	-1.97955	-646.684	-0.0858757	-0.231968	0.968925	-0.138385	-0.240499	0.960734	-0.0858757	0.0267121	0.995948	-0.138385	0.0163525	0.990243	-0.0858757	0.0267121	0.995948	-0.138385	0.0163525	0.990243	-4.92815	1.53067	-7.95549	0.936972	-4.92815	1.53067	-7.95549	0.936972	81.0872	109.348	113.173	98.1212	452.369	610.031	631.368	547.398	541.578	578.366	1	1	1
"
 tid_4852_time_14:56:16:984 DPETW@ "GAZE_LOG_CALI: 662.782	540.656	665.33	545.452	918.507	517.792	920.322	522.828	335.225	531.512	338.509	536.138	588.324	510.829	590.7	515.82	
51.235	21.0608	306.428	-1.56518	-337.239	31.4199	-84.837	11.0827	48.6871	16.2643	304.61	-6.60453	-340.529	26.7915	-87.2131	6.09197	12.9563	4.48791	-645.161	77.3022	-0.6998	-644.035	12.8066	4.54269	-652.96	77.9358	-0.70833	-651.809	12.3627	3.30246	-647.84	77.1973	-1.98151	-646.998	-0.0839569	-0.234577	0.968465	-0.146755	-0.253018	0.956266	-0.0839569	0.0240737	0.996179	-0.146755	0.00310303	0.989168	-0.0839569	0.0240737	0.996179	-0.146755	0.00310303	0.989168	-4.81745	1.37946	-8.43896	0.177791	-4.81745	1.37946	-8.43896	0.177791	82.3094	107.699	107.827	89.7979	459.188	600.83	601.546	500.964	526.976	546.722	1	1	1
"
 tid_4852_time_14:56:17:6 DPETW@ "GAZE_LOG_CALI: 662.874	540.646	665.435	545.418	918.613	517.747	920.421	522.837	335.282	531.486	338.508	536.062	588.413	510.82	590.787	515.816	
51.3401	21.0265	306.527	-1.55614	-337.24	31.3441	-84.7494	11.079	48.7794	16.2544	304.716	-6.64955	-340.471	26.7655	-87.1238	6.08221	12.9794	4.47262	-644.985	77.3247	-0.699028	-644.011	12.83	4.52722	-652.784	77.9587	-0.707549	-651.785	12.3854	3.29758	-647.777	77.221	-1.9883	-646.971	-0.0859176	-0.237641	0.967546	-0.146471	-0.254317	0.955965	-0.0859176	0.0208754	0.996083	-0.146471	0.0017709	0.989213	-0.0859176	0.0208754	0.996084	-0.146471	0.0017709	0.989213	-4.92987	1.19616	-8.42249	0.101465	-4.92987	1.19616	-8.42249	0.101465	81.1148	105.724	108.036	88.968	452.523	589.814	602.711	496.335	523.361	537.789	1	1	1
"
 tid_4852_time_14:56:17:28 DPETW@ "GAZE_LOG_CALI: 662.959	540.648	665.48	545.427	918.715	517.713	920.526	522.836	335.381	531.63	338.572	536.072	588.472	510.821	590.864	515.792	
51.3853	21.0357	306.632	-1.55736	-337.177	31.3544	-84.6731	11.0543	48.864	16.2567	304.819	-6.68296	-340.373	26.9093	-87.065	6.08392	12.9917	4.47536	-645.013	77.3458	-0.70221	-643.966	12.8424	4.52999	-652.811	77.98	-0.71077	-651.74	12.4068	3.31653	-647.808	77.2384	-1.99206	-646.898	-0.0843	-0.234873	0.968364	-0.146451	-0.253037	0.956308	-0.0843	0.0237609	0.996157	-0.146451	0.0030956	0.989213	-0.0843	0.0237609	0.996157	-0.146451	0.0030956	0.989213	-4.83714	1.36153	-8.42136	0.177365	-4.83714	1.36153	-8.42136	0.177365	82.1416	107.526	108.076	89.8084	458.252	599.866	602.936	501.023	527.183	546.238	1	1	1
"
 tid_4852_time_14:56:17:52 DPETW@ "GAZE_LOG_CALI: 663.065	540.665	665.586	545.398	918.892	517.7	920.71	522.814	335.497	531.489	338.61	536.057	588.496	510.817	590.964	515.747	
51.491	21.0062	306.816	-1.57923	-337.138	31.3394	-84.5724	11.0099	48.9706	16.2736	304.995	-6.69628	-340.256	26.7684	-87.0414	6.07915	13.0156	4.46902	-644.912	77.3759	-0.710424	-643.831	12.8666	4.52358	-652.71	78.0106	-0.719086	-651.605	12.4345	3.30087	-647.822	77.2531	-1.99367	-646.645	-0.0854416	-0.241791	0.966559	-0.146329	-0.246204	0.958108	-0.0854416	0.0166122	0.996205	-0.146329	0.0101621	0.989184	-0.0854416	0.0166122	0.996205	-0.146329	0.0101621	0.989184	-4.9021	0.95185	-8.41468	0.582257	-4.9021	0.95185	-8.41468	0.582257	81.4622	103.068	108.201	94.2726	454.461	574.996	603.63	525.928	525.518	546.128	1	1	1
"
 tid_4852_time_14:56:17:75 DPETW@ "GAZE_LOG_CALI: 663.224	540.559	665.772	545.36	919.155	517.751	920.883	522.806	335.656	531.469	338.824	536.001	588.731	510.875	591.119	515.835	
51.6773	20.9684	306.99	-1.58662	-336.923	31.2833	-84.4176	11.0979	49.1294	16.1676	305.259	-6.64571	-340.097	26.7484	-86.8056	6.13747	13.0637	4.45769	-644.962	77.4162	-0.700007	-643.802	12.9153	4.51212	-652.76	78.0514	-0.708543	-651.576	12.4753	3.285	-647.818	77.315	-1.9795	-646.61	-0.0860876	-0.240084	0.966927	-0.142205	-0.245442	0.958924	-0.0860876	0.0183559	0.996119	-0.142205	0.0111088	0.989775	-0.0860876	0.0183559	0.996118	-0.142205	0.0111088	0.989775	-4.9394	1.05178	-8.17595	0.636501	-4.9394	1.05178	-8.17595	0.636501	81.0979	104.137	110.888	94.8804	452.429	580.961	618.624	529.319	532.871	551.857	1	1	1
"
 tid_4852_time_14:56:17:103 DPETW@ "GAZE_LOG_CALI: 663.506	540.361	666.001	545.208	919.488	517.763	921.131	522.847	335.91	531.402	339.113	535.902	589.059	510.899	591.457	515.897	
51.9064	20.8168	307.238	-1.54558	-336.635	31.1839	-84.0799	11.1598	49.4114	15.9696	305.592	-6.6332	-339.842	26.6815	-86.4781	6.16125	13.124	4.42691	-645.06	77.4969	-0.686709	-643.954	12.9764	4.48095	-652.858	78.133	-0.69508	-651.728	12.5455	3.25142	-647.787	77.3987	-1.97452	-646.603	-0.082282	-0.234831	0.968547	-0.137698	-0.239925	0.960976	-0.082282	0.0238495	0.996324	-0.137698	0.016969	0.990329	-0.082282	0.0238495	0.996324	-0.137698	0.016969	0.990329	-4.7211	1.36661	-7.91581	0.972298	-4.7211	1.36661	-7.91581	0.972298	83.545	107.52	113.826	98.5283	466.081	599.834	635.01	549.67	550.512	574.71	1	1	1
"
 tid_4852_time_14:56:17:125 DPETW@ "GAZE_LOG_CALI: 663.675	540.372	666.282	545.15	919.628	517.735	921.397	522.838	336.066	531.325	339.329	535.847	589.335	510.907	591.709	515.847	
52.1869	20.7589	307.505	-1.55517	-336.418	31.1293	-83.8279	11.1103	49.5802	15.9804	305.733	-6.66179	-339.686	26.6048	-86.2022	6.16994	13.1927	4.41214	-644.959	77.5618	-0.693938	-643.935	13.0458	4.466	-652.758	78.1987	-0.702398	-651.709	12.5879	3.24307	-647.771	77.461	-1.97731	-646.822	-0.0888256	-0.237224	0.967386	-0.14452	-0.249771	0.95746	-0.0888256	0.0212372	0.995821	-0.14452	0.00654893	0.98948	-0.0888256	0.0212372	0.995821	-0.14452	0.00654893	0.98948	-5.0972	1.21689	-8.30964	0.375229	-5.0972	1.21689	-8.30964	0.375229	79.4989	105.901	109.537	91.9924	443.508	590.801	611.084	513.207	523.764	547.694	1	1	1
"
 tid_4852_time_14:56:17:150 DPETW@ "GAZE_LOG_CALI: 663.925	540.377	666.523	545.119	920.052	517.761	921.802	522.827	336.386	531.307	339.568	535.878	589.572	510.839	591.982	515.846	
52.4282	20.7279	307.911	-1.5661	-336.179	31.1598	-83.5542	11.1086	49.8301	15.9854	306.158	-6.63499	-339.366	26.586	-85.9645	6.1013	13.2535	4.41236	-644.96	77.6382	-0.695122	-643.719	13.1074	4.46623	-652.759	78.2762	-0.703599	-651.493	12.6539	3.24228	-647.888	77.5322	-1.98164	-646.516	-0.0899385	-0.242711	0.965921	-0.143323	-0.246184	0.958568	-0.0899385	0.015558	0.995826	-0.143323	0.0103	0.989622	-0.0899385	0.015558	0.995826	-0.143323	0.0103	0.989622	-5.1607	0.891442	-8.24063	0.590156	-5.1607	0.891442	-8.24063	0.590156	78.8637	102.344	110.409	94.3993	439.965	570.958	615.949	526.635	524.207	544.186	1	1	1
"
 tid_4852_time_14:56:17:172 DPETW@ "GAZE_LOG_CALI: 664.107	540.414	666.734	545.11	920.211	517.853	921.905	522.866	336.487	531.275	339.702	535.797	589.775	510.896	592.135	515.888	
52.639	20.7184	308.014	-1.52671	-336.044	31.0786	-83.4017	11.1509	50.0122	16.0225	306.317	-6.54368	-339.265	26.5548	-85.7624	6.15892	13.304	4.40009	-644.84	77.674	-0.684675	-643.797	13.1584	4.45382	-652.639	78.3124	-0.693023	-651.571	12.6973	3.24239	-647.759	77.5812	-1.96271	-646.589	-0.0913351	-0.23993	0.966484	-0.140798	-0.244495	0.959374	-0.0913351	0.0183897	0.99565	-0.140798	0.0121399	0.989964	-0.0913351	0.0183897	0.99565	-0.140798	0.0121399	0.989964	-5.24131	1.05371	-8.09464	0.69558	-5.24131	1.05371	-8.09464	0.69558	78.041	104.137	112.049	95.5422	435.375	580.957	625.098	533.011	527.343	553.462	1	1	1
"
 tid_4852_time_14:56:17:196 DPETW@ "GAZE_LOG_CALI: 665.332	540.304	667.486	545.018	921.711	517.739	922.71	522.87	337.701	531.184	340.501	535.904	591.293	510.706	592.979	515.895	
53.3917	20.6269	308.82	-1.52317	-335.244	31.1862	-82.5575	11.1578	51.237	15.9127	307.82	-6.65744	-338.048	26.4628	-84.2434	5.96826	13.4959	4.40369	-644.929	77.8864	-0.682527	-643.874	13.3528	4.45746	-652.727	78.5272	-0.690847	-651.648	13.0087	3.21791	-647.75	77.9675	-2	-646.636	-0.0669286	-0.24112	0.968185	-0.107421	-0.251281	0.961935	-0.0669286	0.0176808	0.997601	-0.107421	0.00624833	0.994194	-0.0669286	0.0176808	0.997601	-0.107421	0.00624833	0.994194	-3.83819	1.01309	-6.16679	0.358005	-3.83819	1.01309	-6.16679	0.358005	93.5957	103.653	133.485	91.8116	522.152	578.26	744.685	512.198	633.418	545.229	1	1	1
"
 tid_4852_time_14:56:17:219 DPETW@ "GAZE_LOG_CALI: 673.245	539.87	671.607	544.975	928.441	517.712	925.753	522.882	345.492	530.803	344.51	535.79	598.234	510.622	596.242	515.939	
57.5125	20.5837	311.869	-1.51128	-331.228	31.0716	-79.2944	11.2015	59.1509	15.4779	314.562	-6.6843	-330.244	26.0815	-77.3014	5.88499	14.534	4.3869	-644.809	78.7033	-0.672363	-644.266	14.4034	4.44047	-652.608	79.3536	-0.680554	-652.039	15.0139	3.12174	-647.687	79.7264	-2.00798	-647.054	0.118979	-0.257024	0.959053	0.0720827	-0.256652	0.963812	0.118979	-4.5225e-05	0.992897	0.0720827	0.00154662	0.997397	0.118979	-4.5225e-05	0.992897	0.0720827	0.00154662	0.997397	6.83319	-0.0025912	4.13362	0.0886149	6.83319	-0.0025912	4.13362	0.0886149	211.195	92.5869	246.357	88.78	1178.22	516.524	1374.38	495.286	1276.73	505.121	1	1	1
"
 tid_4852_time_14:56:17:241 DPETW@ "GAZE_LOG_CALI: 674.25	540.075	672.012	545.006	929.471	517.823	926.156	522.99	346.484	530.946	344.998	535.816	599.151	510.749	596.663	516.013	
57.9179	20.6146	312.273	-1.40263	-330.739	31.0975	-78.8728	11.2755	60.1557	15.6833	315.594	-6.5734	-329.25	26.2242	-76.3845	6.01118	14.6395	4.39566	-644.954	78.8096	-0.648839	-644.306	14.5103	4.44933	-652.753	79.4612	-0.656743	-652.078	15.2691	3.16695	-647.668	79.9657	-1.97641	-646.875	0.143219	-0.242018	0.959643	0.0935736	-0.244742	0.965062	0.143219	0.0146021	0.989583	0.0935736	0.0133734	0.995523	0.143219	0.0146021	0.989583	0.0935736	0.0133734	0.995523	8.23503	0.836666	5.36971	0.766264	8.23503	0.836666	5.36971	0.766264	226.845	101.788	259.973	96.1798	1265.52	567.857	1450.34	536.568	1359.02	550.762	1	1	1
"
 tid_4852_time_14:56:17:264 DPETW@ "GAZE_LOG_CALI: 674.193	540.17	671.96	545.112	929.599	517.921	926.321	523.12	346.395	531.047	344.96	535.954	599.283	510.822	596.818	516.073	
57.8653	20.721	312.438	-1.27333	-330.777	31.2357	-78.718	11.3357	60.099	15.7786	315.722	-6.47562	-329.34	26.3253	-76.2523	6.08409	14.6268	4.42679	-644.975	78.8493	-0.624707	-644.29	14.4974	4.48084	-652.773	79.5013	-0.632317	-652.062	15.2533	3.19157	-647.615	79.9993	-1.95461	-646.886	0.140743	-0.240072	0.960498	0.0927987	-0.246437	0.964706	0.140743	0.0167035	0.989905	0.0927987	0.0116445	0.995617	0.140743	0.0167035	0.989905	0.0927987	0.0116445	0.995617	8.09196	0.957086	5.325	0.667195	8.09196	0.957086	5.325	0.667195	225.247	103.135	259.523	95.1271	1256.61	575.369	1447.83	530.695	1352.89	552.122	1	1	1
"
 tid_4852_time_14:56:17:287 DPETW@ "GAZE_LOG_CALI: 674.159	540.33	671.908	545.234	929.639	517.962	926.389	523.126	346.359	531.148	344.923	536.02	599.286	510.871	596.881	516.109	
57.8136	20.8426	312.506	-1.26661	-330.814	31.3021	-78.6553	11.3723	60.0647	15.9383	315.763	-6.43427	-329.376	26.4266	-76.2498	6.13402	14.6144	4.45071	-644.995	78.8654	-0.619135	-644.28	14.4849	4.50505	-652.794	79.5176	-0.626677	-652.053	15.2446	3.22468	-647.605	80.0015	-1.94282	-646.818	0.140754	-0.237195	0.961211	0.0892909	-0.24287	0.965941	0.140754	0.0196675	0.989849	0.0892909	0.0154089	0.995886	0.140754	0.0196675	0.989849	0.0892909	0.0154089	0.995886	8.09304	1.12694	5.12342	0.882902	8.09304	1.12694	5.12342	0.882902	225.25	105.021	257.333	97.4828	1256.62	585.894	1435.61	543.837	1346.12	564.865	1	1	1
"
 tid_4852_time_14:56:17:308 DPETW@ "GAZE_LOG_CALI: 674.075	540.459	671.842	545.365	929.625	518.011	926.442	523.227	346.304	531.296	344.826	536.155	599.314	510.932	596.875	516.171	
57.7482	20.9734	312.56	-1.16608	-330.912	31.4365	-78.6614	11.4341	59.981	16.0671	315.749	-6.38572	-329.431	26.5748	-76.2217	6.19408	14.5968	4.48378	-644.936	78.8664	-0.598548	-644.174	14.467	4.53853	-652.735	79.5188	-0.60584	-651.947	15.2248	3.26011	-647.646	80.0064	-1.92915	-646.885	0.142949	-0.241175	0.959896	0.0927954	-0.251834	0.963311	0.142949	0.0154817	0.989609	0.0927954	0.00607009	0.995667	0.142949	0.0154817	0.989609	0.0927954	0.00607009	0.995667	8.21951	0.887073	5.32454	0.347793	8.21951	0.887073	5.32454	0.347793	226.63	102.433	259.526	91.7012	1264.32	571.456	1447.84	511.583	1357.91	539.034	1	1	1
"
 tid_4852_time_14:56:17:331 DPETW@ "GAZE_LOG_CALI: 673.998	540.439	671.786	545.424	929.591	518.073	926.387	523.363	346.185	531.378	344.774	536.295	599.276	511.063	596.849	516.28	
57.692	21.0324	312.504	-1.02933	-330.964	31.5771	-78.6868	11.5429	59.904	16.0471	315.714	-6.32299	-329.55	26.6571	-76.2592	6.32522	14.5825	4.50916	-644.946	78.8582	-0.567509	-644.221	14.4525	4.56422	-652.744	79.5105	-0.574423	-651.994	15.2027	3.26765	-647.589	79.9967	-1.90448	-646.875	0.139738	-0.241508	0.960285	0.091552	-0.25044	0.963794	0.139738	0.0152608	0.990071	0.091552	0.00754204	0.995772	0.139738	0.0152608	0.990071	0.091552	0.00754204	0.995772	8.03364	0.874413	5.25305	0.432131	8.03364	0.874413	5.25305	0.432131	224.553	102.312	258.74	92.6382	1252.74	570.78	1443.46	516.81	1349.25	542.197	1	1	1
"
 tid_4852_time_14:56:17:354 DPETW@ "GAZE_LOG_CALI: 673.998	540.563	671.791	545.527	929.623	518.199	926.476	523.445	346.148	531.484	344.714	536.38	599.278	511.139	596.87	516.409	
57.6971	21.1361	312.594	-0.947301	-331.024	31.662	-78.666	11.6714	59.9041	16.1711	315.747	-6.19748	-329.587	26.7629	-76.258	6.40167	14.5811	4.53219	-644.838	78.867	-0.540768	-644.112	14.4512	4.58753	-652.636	79.5195	-0.547357	-651.885	15.2014	3.29649	-647.522	79.9987	-1.87871	-646.83	0.140821	-0.242323	0.959921	0.0912926	-0.253619	0.962986	0.140821	0.0143803	0.989931	0.0912926	0.00426216	0.995815	0.140821	0.0143803	0.989931	0.0912926	0.00426216	0.995815	8.0962	0.823957	5.23802	0.244205	8.0962	0.823957	5.23802	0.244205	225.233	101.808	258.576	90.6446	1256.53	567.966	1442.54	505.688	1351.33	534.327	1	1	1
"
 tid_4852_time_14:56:17:376 DPETW@ "GAZE_LOG_CALI: 674.422	540.795	671.995	545.655	930.115	518.298	926.638	523.503	346.468	531.628	344.869	536.475	599.676	511.232	597.125	516.423	
57.9006	21.2636	312.755	-0.889401	-330.869	31.7573	-78.4108	11.6859	60.3279	16.403	316.239	-6.09805	-329.267	26.9067	-75.8597	6.49432	14.6306	4.55999	-644.76	78.9269	-0.531419	-644.266	14.5012	4.61568	-652.559	79.58	-0.537893	-652.039	15.3052	3.34364	-647.349	80.1046	-1.85351	-646.676	0.148258	-0.234568	0.960728	0.0945869	-0.23719	0.966848	0.148258	0.0220792	0.988702	0.0945869	0.0211305	0.995292	0.148258	0.0220792	0.988702	0.0945869	0.0211305	0.995292	8.52808	1.26515	5.42876	1.21078	8.52808	1.26515	5.42876	1.21078	230.073	106.72	260.737	101.152	1283.53	595.372	1454.6	564.305	1369.07	579.838	1	1	1
"
 tid_4852_time_14:56:17:398 DPETW@ "GAZE_LOG_CALI: 674.34	540.858	671.957	545.711	930.026	518.377	926.624	523.566	346.598	531.654	344.855	536.546	599.602	511.238	597.089	516.508	
57.8625	21.3194	312.741	-0.82637	-330.883	31.8278	-78.4471	11.7703	60.2463	16.4666	316.15	-6.01914	-329.136	26.9324	-75.9341	6.5003	14.6216	4.57631	-644.804	78.9188	-0.512761	-644.23	14.4921	4.6322	-652.603	79.5717	-0.519008	-652.002	15.293	3.35708	-647.697	80.0848	-1.84287	-646.694	0.156083	-0.248498	0.955974	0.0933692	-0.240937	0.966039	0.156083	0.00739339	0.987716	0.0933692	0.017302	0.995481	0.156083	0.00739339	0.987716	0.0933692	0.017302	0.995481	8.97985	0.423614	5.35827	0.991379	8.97985	0.423614	5.35827	0.991379	235.104	97.4692	259.955	98.7855	1311.6	543.761	1450.23	551.104	1383.95	543.595	1	1	1
"
 tid_4852_time_14:56:17:420 DPETW@ "GAZE_LOG_CALI: 674.31	540.802	671.874	545.766	930.054	518.376	926.606	523.535	346.498	531.676	344.789	536.584	599.525	511.262	597.043	516.51	
57.7794	21.3749	312.723	-0.857213	-330.949	31.8659	-78.4926	11.7732	60.2159	16.4109	316.178	-6.01975	-329.236	26.9551	-76.0107	6.52423	14.6015	4.58827	-644.825	78.9086	-0.51632	-644.184	14.4718	4.6443	-652.624	79.5615	-0.52261	-651.957	15.2823	3.35217	-647.585	80.0706	-1.83958	-646.527	0.153951	-0.245431	0.957112	0.0907395	-0.234733	0.967816	0.153951	0.0106504	0.988021	0.0907395	0.0237547	0.995591	0.153951	0.0106504	0.988021	0.0907395	0.0237547	0.995591	8.85646	0.610237	5.20763	1.36117	8.85646	0.610237	5.20763	1.36117	233.712	99.5296	258.292	102.82	1303.83	555.256	1440.96	573.614	1373.45	563.119	1	1	1
"
 tid_4852_time_14:56:17:443 DPETW@ "GAZE_LOG_CALI: 674.232	540.826	671.778	545.712	929.878	518.328	926.5	523.505	346.309	531.706	344.665	536.557	599.44	511.235	596.942	516.483	
57.684	21.321	312.617	-0.887324	-331.073	31.8393	-78.5936	11.7458	60.1377	16.4347	316.002	-6.06824	-329.426	26.9851	-76.0954	6.4978	14.5763	4.5776	-644.778	78.8829	-0.523708	-644.194	14.4462	4.6335	-652.577	79.5354	-0.530089	-651.967	15.2578	3.3578	-647.402	80.0445	-1.84954	-646.677	0.150539	-0.236619	0.95987	0.0929761	-0.240964	0.96607	0.150539	0.0198764	0.988404	0.0929761	0.0172844	0.995518	0.150539	0.0198764	0.988404	0.0929761	0.0172844	0.995518	8.65987	1.13891	5.33564	0.990371	8.65987	1.13891	5.33564	0.990371	231.488	105.348	259.667	98.772	1291.43	587.716	1448.63	551.029	1370.53	568.75	1	1	1
"
 tid_4852_time_14:56:17:466 DPETW@ "GAZE_LOG_CALI: 674.084	540.742	671.595	545.715	929.733	518.271	926.375	523.496	346.185	531.643	344.495	536.538	599.353	511.198	596.782	516.47	
57.5011	21.3234	312.492	-0.897035	-331.243	31.8201	-78.7538	11.7328	59.9897	16.3508	315.856	-6.12577	-329.55	26.922	-76.1823	6.46075	14.5305	4.57543	-644.798	78.8441	-0.526721	-644.135	14.3999	4.63131	-652.597	79.4962	-0.533139	-651.908	15.221	3.33923	-647.446	80.0195	-1.86187	-646.773	0.15281	-0.240467	0.958554	0.0981793	-0.249287	0.96344	0.15281	0.0158187	0.988129	0.0981793	0.00856401	0.995132	0.15281	0.0158187	0.988129	0.0981793	0.00856401	0.995132	8.79089	0.906383	5.63454	0.490688	8.79089	0.906383	5.63454	0.490688	232.904	102.784	262.895	93.3411	1299.33	573.413	1466.64	520.731	1386.2	543.023	1	1	1
"
 tid_4852_time_14:56:17:488 DPETW@ "GAZE_LOG_CALI: 673.92	540.747	671.345	545.681	929.563	518.206	926.221	523.479	346.023	531.592	344.251	536.504	599.203	511.15	596.605	516.426	
57.2505	21.2895	312.338	-0.913769	-331.487	31.7862	-78.9309	11.6887	59.8255	16.3555	315.686	-6.19002	-329.712	26.8706	-76.3325	6.4129	14.4675	4.56662	-644.803	78.7999	-0.534605	-644.089	14.3361	4.62239	-652.602	79.4516	-0.54112	-651.861	15.18	3.33302	-647.436	79.9805	-1.87635	-646.807	0.156545	-0.239177	0.958273	0.100649	-0.254129	0.961919	0.156545	0.0169918	0.987525	0.100649	0.00349353	0.994916	0.156545	0.0169918	0.987525	0.100649	0.00349353	0.994916	9.00772	0.973605	5.77656	0.200165	9.00772	0.973605	5.77656	0.200165	235.258	103.521	264.401	90.1789	1312.46	577.524	1475.04	503.09	1398.35	534.587	1	1	1
"
 tid_4852_time_14:56:17:510 DPETW@ "GAZE_LOG_CALI: 673.799	540.693	671.259	545.668	929.431	518.218	926.137	523.432	345.881	531.584	344.087	536.481	599.054	511.093	596.481	516.389	
57.1645	21.2765	312.254	-0.960798	-331.652	31.7626	-79.055	11.6521	59.7054	16.3015	315.553	-6.17811	-329.854	26.8624	-76.4817	6.35577	14.4429	4.5608	-644.67	78.7705	-0.545285	-644.021	14.3112	4.61651	-652.468	79.4219	-0.55193	-651.794	15.148	3.32483	-647.411	79.9433	-1.88221	-646.777	0.158281	-0.244319	0.95669	0.0999463	-0.255011	0.961759	0.158281	0.0116151	0.987326	0.0999463	0.00260028	0.994989	0.158281	0.0116151	0.987326	0.0999463	0.00260028	0.994989	9.10775	0.665514	5.7361	0.148985	9.10775	0.665514	5.7361	0.148985	236.329	100.155	263.922	89.6277	1318.43	558.746	1472.37	500.015	1401.05	522.227	1	1	1
"
 tid_4852_time_14:56:17:532 DPETW@ "GAZE_LOG_CALI: 673.635	540.653	671.117	545.656	929.316	518.142	925.99	523.401	345.684	531.556	343.937	536.462	598.834	511.05	596.319	516.347	
57.0231	21.2647	312.107	-0.992069	-331.802	31.7442	-79.2175	11.6098	59.5405	16.2618	315.439	-6.25464	-330.052	26.8349	-76.7015	6.31256	14.4063	4.55678	-644.663	78.7301	-0.554767	-643.994	14.2741	4.61244	-652.462	79.3811	-0.561528	-651.767	15.1049	3.31577	-647.353	79.8926	-1.89721	-646.6	0.1557	-0.243014	0.957446	0.0954042	-0.249135	0.963758	0.1557	0.0130718	0.987718	0.0954042	0.00879353	0.9954	0.1557	0.0130718	0.987718	0.0954042	0.00879353	0.9954	8.95815	0.748981	5.4748	0.503839	8.95815	0.748981	5.4748	0.503839	234.622	101.069	261.017	93.4907	1308.91	563.845	1456.16	521.566	1386.08	538.201	1	1	1
"
 tid_4852_time_14:56:17:555 DPETW@ "GAZE_LOG_CALI: 673.43	540.705	670.896	545.668	929.116	518.146	925.733	523.381	345.523	531.553	343.788	536.511	598.647	511.04	596.154	516.32	
56.8018	21.2769	311.849	-1.01204	-331.952	31.7931	-79.3826	11.5825	59.3358	16.3139	315.238	-6.2503	-330.213	26.8318	-76.8886	6.30261	14.3537	4.56517	-644.768	78.6836	-0.560983	-644.145	14.2209	4.62093	-652.566	79.3338	-0.567818	-651.918	15.0549	3.32219	-647.42	79.8442	-1.89817	-646.619	0.155203	-0.241713	0.957855	0.0929992	-0.242424	0.965703	0.155203	0.0144342	0.987777	0.0929992	0.0157789	0.995541	0.155203	0.0144342	0.987777	0.0929992	0.0157789	0.995541	8.92953	0.827049	5.33684	0.9041	8.92953	0.827049	5.33684	0.9041	234.266	101.911	259.473	97.8069	1306.92	568.543	1447.55	545.645	1379.21	554.615	1	1	1
"
 tid_4852_time_14:56:17:578 DPETW@ "GAZE_LOG_CALI: 673.205	540.797	670.667	545.741	928.89	518.151	925.484	523.375	345.228	531.598	343.563	536.592	598.423	511.098	595.886	516.351	
56.5722	21.3498	311.6	-1.01723	-332.177	31.8744	-79.6504	11.6143	59.1109	16.4058	315.011	-6.24571	-330.509	26.877	-77.1133	6.36072	14.2954	4.58456	-644.778	78.6163	-0.557862	-644.107	14.1619	4.64055	-652.577	79.2658	-0.56466	-651.88	14.9953	3.33859	-647.292	79.7866	-1.8904	-646.615	0.151345	-0.236427	0.95979	0.0954969	-0.243103	0.965288	0.151345	0.0200409	0.988278	0.0954969	0.0150151	0.995317	0.151345	0.0200409	0.988278	0.0954969	0.0150151	0.995317	8.70663	1.14834	5.48054	0.860337	8.70663	1.14834	5.48054	0.860337	231.725	105.46	260.975	97.3448	1292.75	588.342	1455.93	543.067	1375.42	564.363	1	1	1
"
 tid_4852_time_14:56:17:601 DPETW@ "GAZE_LOG_CALI: 672.994	540.869	670.392	545.89	928.633	518.185	925.326	523.453	344.996	531.815	343.266	536.696	598.208	511.12	595.626	516.396	
56.2981	21.4986	311.441	-0.939846	-332.474	31.978	-79.9099	11.6587	58.8998	16.4773	314.754	-6.21132	-330.741	27.0938	-77.3283	6.38282	14.2255	4.61585	-644.729	78.5557	-0.542658	-643.941	14.0912	4.67222	-652.528	79.2046	-0.549272	-651.714	14.9404	3.37492	-647.261	79.7301	-1.88364	-646.693	0.15466	-0.236265	0.959301	0.100648	-0.255552	0.961542	0.15466	0.0200708	0.987764	0.100648	0.00202113	0.99492	0.15466	0.0200708	0.987764	0.100648	0.00202113	0.99492	8.89889	1.15005	5.77652	0.115803	8.89889	1.15005	5.77652	0.115803	233.791	105.528	264.139	89.2891	1304.27	588.721	1473.58	498.126	1392.89	538.468	1	1	1
"
 tid_4852_time_14:56:17:623 DPETW@ "GAZE_LOG_CALI: 672.742	540.996	670.176	546.046	928.393	518.237	925.112	523.52	344.76	531.928	342.939	536.836	597.863	511.174	595.348	516.495	
56.0821	21.6549	311.226	-0.873028	-332.802	32.1185	-80.1883	11.7583	58.6473	16.6044	314.514	-6.15976	-330.977	27.2068	-77.6725	6.43641	14.167	4.65161	-644.534	78.4885	-0.521824	-643.838	14.0319	4.70844	-652.332	79.1367	-0.528186	-651.611	14.877	3.40533	-647.282	79.6474	-1.87019	-646.513	0.15993	-0.246611	0.955827	0.0964309	-0.253381	0.962548	0.15993	0.00917786	0.987086	0.0964309	0.00437902	0.99533	0.15993	0.00917786	0.987086	0.0964309	0.00437902	0.99533	9.20322	0.52586	5.53373	0.2509	9.20322	0.52586	5.53373	0.2509	237.098	98.7407	261.404	90.8072	1322.72	550.855	1458.32	506.595	1395.84	521.908	1	1	1
"
 tid_4852_time_14:56:17:645 DPETW@ "GAZE_LOG_CALI: 672.628	541.111	670.069	546.171	928.328	518.256	925.039	523.577	344.633	531.982	342.809	536.973	597.721	511.244	595.266	516.479	
55.9743	21.78	311.154	-0.815677	-332.932	32.2551	-80.2705	11.742	58.5341	16.7199	314.449	-6.14052	-331.105	27.2616	-77.8144	6.50691	14.139	4.68432	-644.491	78.4679	-0.51674	-643.816	14.0036	4.74156	-652.29	79.1159	-0.523039	-651.589	14.8477	3.42671	-647.257	79.615	-1.85859	-646.384	0.160156	-0.249482	0.955044	0.0924908	-0.247476	0.964469	0.160156	0.00620255	0.987072	0.0924908	0.0105797	0.995657	0.160156	0.00620255	0.987072	0.0924908	0.0105797	0.995657	9.21615	0.355382	5.30722	0.606181	9.21615	0.355382	5.30722	0.606181	237.209	96.9048	258.903	94.6855	1323.34	540.612	1444.37	528.232	1388.18	528.847	1	1	1
"
 tid_4852_time_14:56:17:669 DPETW@ "GAZE_LOG_CALI: 672.559	541.219	669.978	546.295	928.287	518.435	924.932	523.681	344.546	532.095	342.729	537.091	597.726	511.369	595.233	516.604	
55.8841	21.9037	311.046	-0.711235	-333.013	32.3732	-80.3032	11.867	58.4645	16.8277	314.408	-5.96163	-331.192	27.3741	-77.8096	6.63203	14.1161	4.71504	-644.513	78.4556	-0.487769	-643.939	13.9804	4.77265	-652.311	79.1033	-0.493715	-651.712	14.83	3.45437	-647.212	79.6136	-1.82015	-646.454	0.159241	-0.247092	0.955818	0.0936729	-0.243504	0.965366	0.159241	0.00871104	0.987201	0.0936729	0.0146481	0.995495	0.159241	0.00871104	0.987201	0.0936729	0.014648	0.995495	9.16322	0.499112	5.37552	0.839302	9.16322	0.499112	5.37552	0.839302	236.599	98.5127	259.649	97.2236	1319.94	549.583	1448.53	542.391	1387.63	541.713	1	1	1
"
 tid_4852_time_14:56:17:691 DPETW@ "GAZE_LOG_CALI: 672.533	541.343	669.986	546.385	928.267	518.575	924.965	523.812	344.517	532.157	342.682	537.146	597.671	511.451	595.249	516.725	
55.8918	21.9932	311.08	-0.580471	-333.059	32.4289	-80.2877	11.9874	58.439	16.9516	314.388	-5.82109	-331.221	27.4368	-77.8649	6.71346	14.1163	4.73262	-644.418	78.4602	-0.455954	-643.906	13.9806	4.79045	-652.216	79.108	-0.461512	-651.679	14.8232	3.47804	-647.209	79.6014	-1.7919	-646.401	0.160656	-0.250219	0.954767	0.0902819	-0.243422	0.965709	0.160656	0.00541899	0.986995	0.0902819	0.014816	0.995806	0.160656	0.00541899	0.986996	0.0902819	0.014816	0.995806	9.24514	0.310487	5.18039	0.848928	9.24514	0.310487	5.18039	0.848928	237.5	96.4763	257.518	97.365	1324.96	538.222	1436.64	543.18	1384.38	536.111	1	1	1
"
 tid_4852_time_14:56:17:713 DPETW@ "GAZE_LOG_CALI: 672.528	541.355	669.976	546.408	928.249	518.619	924.991	523.822	344.524	532.185	342.686	537.184	597.703	511.504	595.245	516.725	
55.8813	22.017	311.106	-0.570088	-333.056	32.4671	-80.2909	11.9878	58.4333	16.9634	314.37	-5.77668	-331.214	27.4641	-77.8331	6.76623	14.1138	4.74071	-644.447	78.461	-0.454583	-643.86	13.9781	4.79864	-652.245	79.1088	-0.460125	-651.633	14.8221	3.48317	-647.231	79.6066	-1.77969	-646.474	0.160704	-0.250457	0.954697	0.0930588	-0.246723	0.964607	0.160704	0.0051709	0.986989	0.0930588	0.0113422	0.995596	0.160704	0.0051709	0.986989	0.0930589	0.0113422	0.995596	9.24791	0.296272	5.33995	0.649876	9.24791	0.296272	5.33995	0.649876	237.533	96.3203	259.259	95.2117	1325.15	537.351	1446.36	531.167	1390.24	528.506	1	1	1
"
 tid_4852_time_14:56:17:735 DPETW@ "GAZE_LOG_CALI: 672.426	541.449	669.962	546.421	928.232	518.613	924.949	523.812	344.498	532.161	342.705	537.214	597.639	511.505	595.229	516.709	
55.8681	22.0299	311.063	-0.580532	-333.037	32.497	-80.3077	11.9718	58.3314	17.0575	314.353	-5.78322	-331.24	27.4406	-77.8969	6.76714	14.112	4.74652	-644.493	78.4554	-0.457959	-643.902	13.9763	4.80451	-652.291	79.1031	-0.463541	-651.675	14.8	3.4927	-647.339	79.5928	-1.7803	-646.401	0.158755	-0.252805	0.954404	0.0897179	-0.241239	0.96631	0.158755	0.0028275	0.987314	0.0897179	0.0170806	0.995821	0.158755	0.0028275	0.987314	0.0897179	0.0170806	0.995821	9.1347	0.162004	5.14813	0.978693	9.1347	0.162004	5.14813	0.978693	236.275	94.8338	257.16	98.7767	1318.13	529.059	1434.64	551.056	1379.7	535.758	1	1	1
"
 tid_4852_time_14:56:17:758 DPETW@ "GAZE_LOG_CALI: 672.414	541.506	669.949	546.452	928.197	518.591	924.913	523.772	344.398	532.223	342.683	537.215	597.641	511.529	595.218	516.709	
55.8543	22.0602	311.028	-0.620415	-333.058	32.4975	-80.318	11.9719	58.3197	17.1146	314.317	-5.80545	-331.34	27.5025	-77.8951	6.79128	14.1082	4.7503	-644.481	78.4515	-0.462993	-643.942	13.9724	4.80834	-652.28	79.0991	-0.468637	-651.715	14.793	3.50696	-647.206	79.5916	-1.78018	-646.467	0.154772	-0.245457	0.956972	0.0906785	-0.241469	0.966163	0.154772	0.010589	0.987893	0.0906785	0.0168203	0.995738	0.154772	0.010589	0.987893	0.0906785	0.0168203	0.995738	8.90407	0.606715	5.20338	0.963778	8.90407	0.606715	5.20338	0.963778	233.698	99.7361	257.763	98.6006	1303.75	556.408	1438.01	550.073	1372.73	550.863	1	1	1
"
 tid_4852_time_14:56:17:781 DPETW@ "GAZE_LOG_CALI: 672.388	541.418	669.943	546.492	928.175	518.638	924.887	523.811	344.351	532.242	342.688	537.284	597.616	511.52	595.204	516.739	
55.8484	22.1005	311.001	-0.58157	-333.053	32.5671	-80.3322	12.002	58.2937	17.0267	314.295	-5.75818	-331.387	27.5218	-77.9202	6.78286	14.1071	4.76437	-644.498	78.4472	-0.454291	-643.962	13.9713	4.82258	-652.296	79.0947	-0.459828	-651.735	14.7853	3.49805	-647.175	79.5852	-1.77527	-646.457	0.152081	-0.247459	0.956888	0.0897878	-0.240822	0.966407	0.152081	0.00863352	0.98833	0.0897878	0.017508	0.995807	0.152081	0.00863352	0.98833	0.0897878	0.017508	0.995807	8.74785	0.494671	5.15219	1.00319	8.74785	0.494671	5.15219	1.00319	231.959	98.5096	257.201	99.0326	1294.05	549.565	1434.87	552.483	1366.07	548.923	1	1	1
"
 tid_4852_time_14:56:17:804 DPETW@ "GAZE_LOG_CALI: 672.448	541.458	669.941	546.429	928.262	518.629	924.982	523.853	344.375	532.196	342.692	537.232	597.709	511.555	595.257	516.765	
55.8469	22.0377	311.097	-0.539305	-333.049	32.5147	-80.2797	12.0282	58.3534	17.0662	314.382	-5.76679	-331.363	27.4753	-77.827	6.81722	14.1069	4.74988	-644.509	78.4624	-0.445562	-643.884	13.9711	4.80791	-652.307	79.1102	-0.450994	-651.657	14.7995	3.49676	-647.109	79.6087	-1.77192	-646.471	0.152711	-0.241694	0.958261	0.0927619	-0.245779	0.964877	0.152711	0.0145578	0.988164	0.0927619	0.0123241	0.995612	0.152711	0.0145578	0.988164	0.0927619	0.0123241	0.995612	8.78501	0.834128	5.32292	0.706137	8.78501	0.834128	5.32292	0.706137	232.374	102.23	259.077	95.8273	1296.37	570.323	1445.34	534.601	1372.77	550.002	1	1	1
"
 tid_4852_time_14:56:17:826 DPETW@ "GAZE_LOG_CALI: 672.518	541.322	670.113	546.323	928.369	518.603	925.111	523.772	344.631	532.077	342.836	537.125	597.797	511.483	595.357	516.729	
56.019	21.932	311.226	-0.620598	-332.906	32.4081	-80.1797	11.9917	58.4238	16.9304	314.489	-5.79342	-331.107	27.3562	-77.7389	6.74553	14.1494	4.72277	-644.464	78.4898	-0.460348	-643.851	14.0141	4.78047	-652.262	79.138	-0.46596	-651.624	14.8241	3.46646	-647.428	79.6322	-1.78427	-646.441	0.159606	-0.258914	0.952622	0.0920291	-0.245497	0.965019	0.159606	-0.00353485	0.987174	0.0920291	0.0126331	0.995676	0.159606	-0.00353485	0.987174	0.0920291	0.0126331	0.995676	9.18411	-0.202533	5.28077	0.723842	9.18411	-0.202533	5.28077	0.723842	236.859	90.8015	258.64	96.0133	1321.39	506.563	1442.9	535.639	1387.46	514.058	1	1	1
"
 tid_4852_time_14:56:17:848 DPETW@ "GAZE_LOG_CALI: 672.782	541.122	670.263	546.23	928.568	518.51	925.203	523.659	344.768	531.974	342.994	537.035	597.987	511.402	595.477	516.681	
56.1691	21.8387	311.318	-0.733468	-332.747	32.3175	-80.0592	11.9441	58.6882	16.7304	314.689	-5.88596	-330.97	27.2533	-77.549	6.66441	14.1876	4.69978	-644.482	78.5188	-0.480509	-643.894	14.0527	4.75721	-652.28	79.1673	-0.486367	-651.667	14.8863	3.42692	-647.223	79.6809	-1.80609	-646.421	0.157398	-0.251206	0.95505	0.0945105	-0.24286	0.965446	0.157398	0.00453846	0.987525	0.0945105	0.0152912	0.995406	0.157398	0.00453846	0.987525	0.0945105	0.0152912	0.995406	9.056	0.260036	5.42379	0.876154	9.056	0.260036	5.42379	0.876154	235.47	95.8703	260.237	97.644	1313.64	534.841	1451.81	544.736	1386.52	534.934	1	1	1
"
 tid_4852_time_14:56:17:870 DPETW@ "GAZE_LOG_CALI: 672.969	541.072	670.453	546.183	928.703	518.378	925.372	523.618	344.953	531.988	343.255	536.925	598.226	511.377	595.675	516.627	
56.3587	21.7915	311.488	-0.774634	-332.486	32.2073	-79.8609	11.8899	58.8748	16.6809	314.824	-6.0177	-330.784	27.2667	-77.3094	6.63932	14.2384	4.68099	-644.6	78.5679	-0.492399	-643.948	14.1042	4.73817	-652.399	79.2169	-0.498401	-651.721	14.9335	3.42256	-647.225	79.7369	-1.82615	-646.601	0.153504	-0.243532	0.957668	0.0978238	-0.249822	0.963338	0.153504	0.0126293	0.988067	0.0978238	0.00802097	0.995171	0.153504	0.0126293	0.988067	0.0978238	0.00802097	0.995171	8.83073	0.723624	5.61405	0.459573	8.83073	0.723624	5.61405	0.459573	233.027	100.925	262.374	93.0822	1300.01	563.038	1463.73	519.287	1385.49	536.537	1	1	1
"
 tid_4852_time_14:56:17:893 DPETW@ "GAZE_LOG_CALI: 673.077	541.01	670.594	546.16	928.867	518.403	925.498	523.67	345.067	531.908	343.347	536.906	598.373	511.392	595.842	516.617	
56.5001	21.769	311.614	-0.722109	-332.393	32.1887	-79.6937	11.8801	58.9824	16.6189	314.988	-5.99279	-330.67	27.1873	-77.1625	6.65416	14.2721	4.67531	-644.527	78.6083	-0.486873	-644.018	14.1383	4.73243	-652.325	79.2577	-0.492806	-651.791	14.9615	3.40472	-647.232	79.7748	-1.82087	-646.567	0.154507	-0.249194	0.956049	0.0954804	-0.245234	0.964751	0.154507	0.00674108	0.987969	0.0954804	0.0128182	0.995349	0.154507	0.00674108	0.987969	0.0954804	0.0128182	0.995349	8.8884	0.386238	5.47942	0.734448	8.8884	0.386238	5.47942	0.734448	233.693	97.2232	260.948	96.0641	1303.72	542.389	1455.78	535.923	1383.38	534.475	1	1	1
"
 tid_4852_time_14:56:17:915 DPETW@ "GAZE_LOG_CALI: 673.189	540.985	670.712	546.042	928.977	518.339	925.633	523.587	345.142	531.812	343.44	536.835	598.477	511.369	596.019	516.565	
56.6182	21.6504	311.749	-0.805906	-332.3	32.1173	-79.5168	11.8281	59.0947	16.5934	315.099	-6.05686	-330.595	27.0915	-77.0584	6.63114	14.3012	4.65103	-644.484	78.6509	-0.503882	-644.084	14.1678	4.70785	-652.282	79.3008	-0.510022	-651.857	14.9881	3.38904	-647.18	79.8019	-1.8318	-646.563	0.153808	-0.247278	0.956659	0.0914611	-0.241224	0.96615	0.153808	0.00874898	0.988062	0.0914611	0.0170538	0.995663	0.153808	0.00874898	0.988062	0.091461	0.0170538	0.995663	8.84801	0.501286	5.24843	0.97716	8.84801	0.501286	5.24843	0.97716	233.264	98.4764	258.469	98.6725	1301.34	549.38	1441.95	550.474	1373.82	547.126	1	1	1
"
 tid_4852_time_14:56:17:937 DPETW@ "GAZE_LOG_CALI: 673.181	540.894	670.726	545.979	928.979	518.29	925.642	523.564	345.199	531.777	343.45	536.776	598.492	511.329	596.017	516.532	
56.6314	21.588	311.758	-0.828627	-332.29	32.0583	-79.519	11.7946	59.0872	16.5028	315.101	-6.10621	-330.538	27.0564	-77.044	6.59116	14.3045	4.63563	-644.479	78.6511	-0.511011	-644.07	14.1711	4.69227	-652.278	79.301	-0.517239	-651.843	14.9891	3.37368	-647.279	79.8048	-1.84317	-646.578	0.156307	-0.251943	0.955036	0.0923954	-0.243187	0.965569	0.156307	0.00382347	0.987701	0.0923954	0.0150065	0.995609	0.156307	0.00382347	0.987701	0.0923954	0.0150065	0.995609	8.99268	0.219069	5.30203	0.859842	8.99268	0.219069	5.30203	0.859842	234.879	95.3565	259.054	97.3916	1310.34	531.975	1445.21	543.329	1381.39	532.96	1	1	1
"
 tid_4852_time_14:56:17:959 DPETW@ "GAZE_LOG_CALI: 673.18	540.912	670.719	545.951	928.978	518.264	925.604	523.513	345.215	531.743	343.473	536.76	598.517	511.275	596.011	516.514	
56.6251	21.5601	311.719	-0.879686	-332.267	32.0428	-79.5251	11.7766	59.0856	16.5206	315.1	-6.13199	-330.522	27.0223	-77.0191	6.53733	14.3036	4.63059	-644.536	78.6477	-0.519763	-644.118	14.1702	4.68716	-652.335	79.2975	-0.526096	-651.891	14.9892	3.3718	-647.312	79.8103	-1.85341	-646.63	0.155828	-0.250243	0.955561	0.094098	-0.243547	0.965314	0.155828	0.00560147	0.987768	0.094098	0.0145928	0.995456	0.155828	0.00560147	0.987768	0.094098	0.0145928	0.995456	8.96494	0.320942	5.39998	0.836137	8.96494	0.320942	5.39998	0.836137	234.577	96.4587	260.127	97.1143	1308.66	538.124	1451.19	541.782	1383.51	535.349	1	1	1
"
 tid_4852_time_14:56:17:982 DPETW@ "GAZE_LOG_CALI: 673.156	540.901	670.738	545.97	928.964	518.252	925.604	523.525	345.192	531.749	343.499	536.791	598.446	511.28	596.019	516.497	
56.6433	21.5786	311.72	-0.867349	-332.241	32.0731	-79.5176	11.7603	59.062	16.5097	315.086	-6.14463	-330.545	27.0277	-77.0896	6.54255	14.3086	4.63689	-644.547	78.6493	-0.520266	-644.13	14.1752	4.69354	-652.345	79.2991	-0.526605	-651.903	14.9834	3.37107	-647.312	79.7951	-1.85418	-646.533	0.153444	-0.2511	0.955721	0.0892904	-0.239034	0.966897	0.153444	0.00481468	0.988146	0.0892904	0.0193618	0.995817	0.153444	0.00481468	0.988146	0.0892904	0.0193618	0.995817	8.82665	0.275862	5.12375	1.10942	8.82665	0.275862	5.12375	1.10942	233.043	95.9647	257.107	100.084	1300.1	535.368	1434.35	558.349	1369.35	544.076	1	1	1
"
 tid_4852_time_14:56:18:4 DPETW@ "GAZE_LOG_CALI: 673.202	540.971	670.733	546.011	928.96	518.262	925.617	523.583	345.231	531.835	343.501	536.843	598.468	511.31	596.056	516.504	
56.6388	21.6196	311.733	-0.809571	-332.239	32.125	-79.4797	11.7673	59.1079	16.5794	315.082	-6.13443	-330.506	27.1142	-77.0675	6.57243	14.3074	4.64877	-644.561	78.6577	-0.512067	-644.172	14.1741	4.70556	-652.359	79.3075	-0.518306	-651.945	14.9946	3.39094	-647.302	79.7995	-1.84917	-646.58	0.155124	-0.248528	0.956123	0.0886535	-0.239839	0.966756	0.155124	0.00740348	0.987867	0.0886535	0.0185481	0.99589	0.155124	0.00740348	0.987867	0.0886535	0.0185481	0.99589	8.92423	0.424192	5.08703	1.06279	8.92423	0.424192	5.08703	1.06279	234.132	97.607	256.718	99.5734	1306.17	544.53	1432.18	555.5	1371.18	547.423	1	1	1
"
 tid_4852_time_14:56:18:27 DPETW@ "GAZE_LOG_CALI: 673.238	541.098	670.766	546.206	928.983	518.378	925.642	523.652	345.249	531.966	343.54	536.942	598.522	511.405	596.048	516.574	
56.6713	21.8142	311.758	-0.740982	-332.2	32.2245	-79.488	11.8367	59.1434	16.7068	315.104	-6.01844	-330.488	27.2454	-77.0135	6.66792	14.3167	4.686	-644.555	78.6573	-0.49458	-644.121	14.1835	4.74324	-652.353	79.3072	-0.500606	-651.894	15.0029	3.42369	-647.271	79.8114	-1.82236	-646.629	0.154186	-0.248295	0.956335	0.0924865	-0.242461	0.965743	0.154186	0.0076827	0.988012	0.0924865	0.0157533	0.995589	0.154186	0.0076827	0.988012	0.0924865	0.0157533	0.995589	8.86983	0.44019	5.30733	0.902637	8.86983	0.44019	5.30733	0.902637	233.535	97.8205	259.123	97.8617	1302.85	545.721	1445.6	545.951	1376.91	542.37	1	1	1
"
 tid_4852_time_14:56:18:49 DPETW@ "GAZE_LOG_CALI: 673.269	541.164	670.8	546.216	929.052	518.475	925.717	523.753	345.309	531.997	343.567	537.017	598.553	511.42	596.178	516.655	
56.7057	21.8242	311.833	-0.639167	-332.173	32.2996	-79.3581	11.9175	59.1747	16.7725	315.174	-5.92072	-330.427	27.276	-76.9826	6.68269	14.3244	4.69683	-644.556	78.6876	-0.471358	-644.217	14.1912	4.75421	-652.355	79.3378	-0.477101	-651.989	15.0119	3.43628	-647.322	79.8211	-1.80792	-646.566	0.155813	-0.25024	0.955564	0.0862333	-0.237419	0.967572	0.155813	0.0056048	0.987771	0.0862333	0.021097	0.996052	0.155813	0.0056048	0.987771	0.0862333	0.021097	0.996052	8.96411	0.321133	4.94805	1.20886	8.96411	0.321133	4.94805	1.20886	234.595	96.5207	255.234	101.191	1308.76	538.47	1423.9	564.527	1368.02	549.299	1	1	1
"
 tid_4852_time_14:56:18:71 DPETW@ "GAZE_LOG_CALI: 673.306	541.199	670.891	546.257	929.128	518.546	925.851	523.806	345.322	532.019	343.625	537.016	598.646	511.494	596.227	516.733	
56.7971	21.8652	311.967	-0.586092	-332.115	32.2981	-79.3094	11.9957	59.2116	16.8071	315.25	-5.85018	-330.414	27.298	-76.8896	6.75703	14.3464	4.70142	-644.498	78.7041	-0.45464	-644.073	14.2135	4.75886	-652.296	79.3546	-0.46018	-651.846	15.0206	3.44322	-647.276	79.8438	-1.78946	-646.591	0.153676	-0.2505	0.955842	0.089888	-0.244274	0.965531	0.153676	0.00542553	0.988106	0.089888	0.0139477	0.995854	0.153676	0.00542553	0.988106	0.089888	0.0139477	0.995854	8.84016	0.310861	5.15767	0.79917	8.84016	0.310861	5.15767	0.79917	233.227	96.4257	257.53	96.7832	1301.13	537.94	1436.71	539.934	1371.8	535.121	1	1	1
"
 tid_4852_time_14:56:18:93 DPETW@ "GAZE_LOG_CALI: 673.387	541.273	670.91	546.28	929.146	518.646	925.924	523.871	345.384	532.11	343.651	537.065	598.662	511.584	596.273	516.822	
56.8155	21.8883	312.041	-0.521351	-332.089	32.3478	-79.263	12.0845	59.2931	16.8819	315.268	-5.74958	-330.352	27.3894	-76.8742	6.8463	14.3515	4.71076	-644.507	78.7171	-0.435131	-644.027	14.2187	4.76832	-652.306	79.3678	-0.440434	-651.8	15.0402	3.4643	-647.25	79.8476	-1.7653	-646.583	0.155422	-0.246698	0.956548	0.0887822	-0.245163	0.965408	0.155422	0.00928093	0.987804	0.0887822	0.013057	0.995965	0.155422	0.00928094	0.987805	0.0887822	0.013057	0.995966	8.94167	0.531766	5.09399	0.748131	8.94167	0.531766	5.09399	0.748131	234.365	98.8661	256.844	96.2567	1307.48	551.554	1432.88	536.997	1372.71	540.965	1	1	1
"
 tid_4852_time_14:56:18:115 DPETW@ "GAZE_LOG_CALI: 673.397	541.364	670.95	546.339	929.211	518.695	925.938	523.942	345.396	532.163	343.704	537.162	598.695	511.66	596.274	516.965	
56.8553	21.9475	312.054	-0.450624	-332.036	32.4443	-79.2623	12.2278	59.3027	16.9729	315.334	-5.70079	-330.34	27.4418	-76.8411	6.92287	14.3615	4.7308	-644.538	78.7173	-0.408003	-643.996	14.2288	4.7886	-652.337	79.3681	-0.412975	-651.769	15.0427	3.48255	-647.255	79.8578	-1.74921	-646.535	0.153256	-0.245942	0.957092	0.0902839	-0.24636	0.964964	0.153256	0.0101516	0.988134	0.0902839	0.0117853	0.995846	0.153256	0.0101516	0.988134	0.0902839	0.0117853	0.995846	8.81612	0.581653	5.1803	0.675262	8.81612	0.581653	5.1803	0.675262	232.982	99.4252	257.786	95.4985	1299.76	554.673	1438.14	532.767	1371.44	540.447	1	1	1
"
 tid_4852_time_14:56:18:138 DPETW@ "GAZE_LOG_CALI: 673.376	541.425	670.923	546.432	929.223	518.75	925.923	523.965	345.386	532.244	343.702	537.202	598.647	511.672	596.258	516.936	
56.8284	22.0406	312.04	-0.427109	-332.038	32.4845	-79.2785	12.1993	59.2823	17.0337	315.346	-5.6463	-330.35	27.5236	-76.8883	6.93465	14.356	4.74793	-644.572	78.7137	-0.408676	-644.001	14.2232	4.80593	-652.37	79.3644	-0.413657	-651.774	15.0381	3.50076	-647.266	79.8487	-1.74064	-646.436	0.152845	-0.244803	0.95745	0.0877041	-0.240314	0.966725	0.152845	0.0113447	0.988185	0.0877041	0.018081	0.995982	0.152845	0.0113447	0.988185	0.0877041	0.018081	0.995982	8.79243	0.650015	5.03236	1.03602	8.79243	0.650015	5.03236	1.03602	232.718	100.186	256.165	99.4235	1298.29	558.918	1429.09	554.664	1364.78	555.373	1	1	1
"
 tid_4852_time_14:56:18:160 DPETW@ "GAZE_LOG_CALI: 673.297	541.406	670.838	546.426	929.171	518.763	925.776	523.977	345.343	532.23	343.621	537.228	598.618	511.701	596.168	516.93	
56.7434	22.0351	311.892	-0.415138	-332.118	32.5107	-79.3684	12.1928	59.203	17.0149	315.293	-5.63256	-330.394	27.5095	-76.9179	6.96355	14.335	4.75048	-644.57	78.6878	-0.408102	-644.091	14.202	4.80851	-652.369	79.3381	-0.413075	-651.864	15.0195	3.49686	-647.321	79.84	-1.73533	-646.476	0.154846	-0.248436	0.956191	0.0900943	-0.237354	0.967236	0.154846	0.00750935	0.98791	0.0900943	0.0210727	0.99571	0.154846	0.00750935	0.98791	0.0900943	0.0210727	0.99571	8.90815	0.430258	5.17018	1.20747	8.90815	0.430258	5.17018	1.20747	233.986	97.7708	257.654	101.273	1305.36	545.444	1437.4	564.982	1373.11	553.007	1	1	1
"
 tid_4852_time_14:56:18:182 DPETW@ "GAZE_LOG_CALI: 673.222	541.359	670.752	546.423	929.063	518.739	925.721	523.97	345.244	532.206	343.587	537.197	598.518	511.664	596.095	516.948	
56.6579	22.0312	311.837	-0.422528	-332.153	32.48	-79.4409	12.2104	59.1279	16.9677	315.185	-5.65693	-330.492	27.4848	-77.0177	6.92635	14.3152	4.7467	-644.656	78.6703	-0.406863	-644.064	14.182	4.80469	-652.455	79.3204	-0.411821	-651.837	14.9994	3.48741	-647.284	79.8142	-1.74329	-646.486	0.15144	-0.24404	0.957868	0.0891901	-0.240514	0.966539	0.15144	0.0121898	0.988391	0.0891901	0.0178405	0.995855	0.15144	0.0121898	0.988391	0.0891901	0.0178406	0.995855	8.71104	0.698443	5.11783	1.02224	8.71104	0.698443	5.11783	1.02224	231.783	100.695	257.061	99.2616	1293.07	561.76	1434.09	553.76	1364.59	556.453	1	1	1
"
 tid_4852_time_14:56:18:204 DPETW@ "GAZE_LOG_CALI: 673.125	541.268	670.635	546.315	928.947	518.649	925.591	523.887	345.173	532.128	343.467	537.103	598.458	511.678	595.932	516.853	
56.5406	21.9231	311.707	-0.505409	-332.273	32.3857	-79.6045	12.116	59.0311	16.8765	315.069	-5.74665	-330.564	27.4075	-77.0775	6.94097	14.2849	4.72101	-644.664	78.6308	-0.429465	-644.01	14.1513	4.77867	-652.462	79.2805	-0.434699	-651.783	14.9755	3.46618	-647.332	79.7962	-1.75306	-646.58	0.153784	-0.244887	0.957278	0.0956313	-0.244483	0.964926	0.153784	0.0112189	0.988041	0.0956313	0.0135893	0.995324	0.153784	0.0112189	0.988041	0.0956313	0.0135893	0.995324	8.84687	0.642809	5.48816	0.778631	8.84687	0.642809	5.48816	0.778631	233.265	100.059	261.067	96.604	1301.34	558.207	1456.44	538.935	1381.68	545.027	1	1	1
"
 tid_4852_time_14:56:18:226 DPETW@ "GAZE_LOG_CALI: 673.07	541.16	670.59	546.284	928.874	518.57	925.517	523.838	345.107	532.06	343.4	537.001	598.405	511.52	595.877	516.694	
56.4959	21.8929	311.633	-0.554026	-332.341	32.2831	-79.6588	11.9572	58.9756	16.7686	314.996	-5.82587	-330.63	27.3387	-77.1304	6.78237	14.2733	4.70371	-644.616	78.6159	-0.455838	-644.038	14.1395	4.76117	-652.415	79.2654	-0.461394	-651.811	14.9615	3.4435	-647.307	79.7818	-1.78345	-646.613	0.153959	-0.246803	0.956758	0.0958401	-0.245363	0.964682	0.153959	0.00923413	0.988034	0.0958401	0.012676	0.995316	0.153959	0.00923413	0.988034	0.0958401	0.012676	0.995316	8.85683	0.529084	5.50012	0.726298	8.85683	0.529084	5.50012	0.726298	233.357	98.8011	261.185	96.0012	1301.85	551.191	1457.1	535.572	1382.74	539.207	1	1	1
"
 tid_4852_time_14:56:18:248 DPETW@ "GAZE_LOG_CALI: 672.98	541.063	670.473	546.185	928.73	518.521	925.408	523.707	345.046	531.978	343.338	536.985	598.301	511.443	595.744	516.67	
56.3789	21.7939	311.523	-0.685951	-332.402	32.2675	-79.7919	11.9327	58.8854	16.6717	314.852	-5.87466	-330.691	27.2568	-77.2345	6.70607	14.2456	4.68988	-644.711	78.5835	-0.475722	-644	14.1115	4.74716	-652.509	79.2327	-0.48152	-651.773	14.9395	3.421	-647.359	79.7536	-1.79963	-646.682	0.153858	-0.246418	0.956873	0.0985881	-0.24943	0.963361	0.153858	0.00963531	0.988046	0.0985881	0.00840566	0.995093	0.153858	0.00963532	0.988046	0.0985881	0.00840566	0.995093	8.851	0.552071	5.65807	0.481614	8.851	0.552071	5.65807	0.481614	233.277	99.0171	262.877	93.3261	1301.41	552.396	1466.54	520.648	1388.14	531.184	1	1	1
"
 tid_4852_time_14:56:18:270 DPETW@ "GAZE_LOG_CALI: 672.857	541.071	670.388	546.142	928.612	518.466	925.309	523.68	344.946	531.971	343.255	536.985	598.194	511.373	595.583	516.667	
56.2936	21.7506	311.424	-0.712763	-332.486	32.2678	-79.9533	11.9297	58.7631	16.6791	314.733	-5.93061	-330.791	27.2502	-77.3423	6.63551	14.2237	4.68445	-644.72	78.5456	-0.47962	-643.894	14.0894	4.74167	-652.518	79.1944	-0.485467	-651.667	14.9095	3.42118	-647.391	79.7257	-1.81587	-646.699	0.153084	-0.246466	0.956985	0.102756	-0.257327	0.960845	0.153084	0.00961779	0.988166	0.102756	0.000126302	0.994707	0.153084	0.00961779	0.988166	0.102756	0.000126302	0.994707	8.80609	0.551067	5.8979	0.00723659	8.80609	0.551067	5.8979	0.00723659	232.756	98.9976	265.456	88.1797	1298.5	552.288	1480.93	491.937	1395.53	514.554	1	1	1
"
 tid_4852_time_14:56:18:292 DPETW@ "GAZE_LOG_CALI: 672.667	541.099	670.202	546.186	928.41	518.452	925.148	523.699	344.746	531.994	343.124	537.016	597.977	511.347	595.48	516.672	
56.1076	21.7943	311.263	-0.693035	-332.617	32.2981	-80.0565	11.9352	58.5733	16.7075	314.531	-5.94398	-330.992	27.2728	-77.5587	6.6093	14.1789	4.69434	-644.804	78.5164	-0.476565	-643.986	14.0441	4.75167	-652.602	79.1647	-0.482373	-651.759	14.8606	3.42737	-647.376	79.671	-1.82106	-646.667	0.149749	-0.242857	0.958434	0.0957255	-0.25311	0.96269	0.149749	0.0134795	0.988632	0.0957255	0.00467744	0.995397	0.149749	0.0134795	0.988632	0.0957255	0.00467744	0.995397	8.61317	0.772345	5.49314	0.267999	8.61317	0.772345	5.49314	0.267999	230.575	101.419	261.002	90.9999	1286.33	565.797	1456.08	507.67	1374.43	532.477	1	1	1
"
 tid_4852_time_14:56:18:316 DPETW@ "GAZE_LOG_CALI: 672.587	541.127	670.118	546.241	928.299	518.447	925.028	523.69	344.646	532.017	342.932	537.013	597.857	511.338	595.341	516.655	
56.0239	21.8496	311.142	-0.70299	-332.809	32.2953	-80.1952	11.9175	58.4932	16.7352	314.419	-5.94941	-331.091	27.2964	-77.6784	6.60029	14.154	4.69932	-644.617	78.4822	-0.480203	-643.957	14.0188	4.75672	-652.416	79.1302	-0.486056	-651.73	14.8396	3.4336	-647.341	79.6411	-1.82299	-646.655	0.154617	-0.249256	0.956015	0.0968992	-0.253581	0.962448	0.154617	0.00667249	0.987952	0.0968992	0.00415918	0.995285	0.154617	0.00667249	0.987952	0.0968992	0.00415918	0.995286	8.89478	0.382308	5.56069	0.238304	8.89478	0.382308	5.56069	0.238304	233.659	97.1806	261.704	90.6805	1303.54	542.151	1460	505.889	1386.81	517.368	3	1	1
"