
 tid_11384_time_14:20:39:58 DPETW@ "GAZE_LOG_CALI: 618.748	230.005	617.705	237.845	949.46	242.302	946.759	250.469	180.059	233.861	180.145	241.572	513.974	246.23	512.165	254.268	
17.2493	-275.346	346.412	-262.762	-487.555	-268.589	-155.447	-255.855	18.2925	-283.19	349.116	-270.934	-487.642	-276.302	-153.638	-263.894	3.4342	-55.0648	-506.868	69.5471	-52.9484	-511.201	3.08986	-55.9248	-514.613	70.2255	-53.7665	-518.928	3.66156	-56.9177	-509.563	70.4878	-54.8894	-514.105	0.110396	-0.191737	0.975218	0.0528899	-0.226446	0.972587	0.110396	0.0672008	0.991613	0.0528899	0.0329937	0.998055	0.110396	0.0672008	0.991613	0.0528899	0.0329937	0.998055	6.35254	3.85323	3.03343	1.89075	6.35254	3.85323	3.03343	1.89075	178.055	104.274	218.348	89.2772	993.334	581.723	1218.12	498.059	1105.73	539.891	1	0	0
"
 tid_11384_time_14:20:39:80 DPETW@ "GAZE_LOG_CALI: 618.129	229.96	617.021	237.759	948.846	242.369	945.939	250.638	179.373	233.752	179.419	241.5	513.362	246.292	511.54	254.406	
16.5651	-275.432	345.592	-262.593	-488.281	-268.661	-156.071	-255.716	17.6732	-283.235	348.502	-270.866	-488.329	-276.412	-154.25	-263.832	3.29757	-55.0759	-506.824	69.4096	-52.9378	-511.397	2.95108	-55.9361	-514.569	70.0856	-53.7554	-519.125	3.5368	-56.9257	-509.496	70.3636	-54.8759	-514.1	0.112593	-0.190226	0.975263	0.0539229	-0.217355	0.974602	0.112593	0.0686727	0.991265	0.0539229	0.0422967	0.997649	0.112593	0.0686727	0.991265	0.0539229	0.0422967	0.997649	6.48019	3.93776	3.09383	2.42415	6.48019	3.93776	3.09383	2.42415	178.959	104.972	218.714	93.6263	998.376	585.617	1220.16	522.322	1109.27	553.97	1	0	0
"
 tid_11384_time_14:20:39:102 DPETW@ "GAZE_LOG_CALI: 617.638	229.974	616.577	237.825	948.421	242.459	945.576	250.736	178.967	233.834	179.057	241.536	512.911	246.377	511.154	254.431	
16.1207	-275.366	345.227	-262.495	-488.644	-268.625	-156.458	-255.692	17.1827	-283.221	348.076	-270.777	-488.735	-276.329	-154.701	-263.747	3.20952	-55.0749	-506.909	69.3333	-52.9234	-511.376	2.86172	-55.935	-514.654	70.0082	-53.7408	-519.104	3.43896	-56.9258	-509.583	70.2738	-54.8554	-514.073	0.111034	-0.190579	0.975372	0.0514848	-0.216011	0.975033	0.111034	0.0683596	0.991463	0.0514848	0.0437068	0.997717	0.111034	0.0683596	0.991463	0.0514848	0.0437068	0.997717	6.38992	3.91977	2.95399	2.50501	6.38992	3.91977	2.95399	2.50501	178.138	104.804	217.487	94.307	993.796	584.679	1213.32	526.12	1103.56	555.399	1	0	0
"
 tid_11384_time_14:20:39:123 DPETW@ "GAZE_LOG_CALI: 616.935	229.933	615.847	237.762	947.684	242.373	944.793	250.611	178.378	233.733	178.359	241.505	512.229	246.314	510.429	254.358	
15.3907	-275.429	344.444	-262.62	-489.342	-268.656	-157.182	-255.765	16.4788	-283.262	347.339	-270.862	-489.324	-276.431	-155.382	-263.81	3.06469	-55.0871	-506.935	69.1838	-52.9493	-511.434	2.71466	-55.9474	-514.68	69.8563	-53.767	-519.162	3.29884	-56.9531	-509.699	70.1325	-54.8764	-514.129	0.114216	-0.196644	0.9738	0.0535175	-0.214959	0.975156	0.114216	0.0620939	0.991513	0.0535175	0.0447543	0.997563	0.114216	0.0620939	0.991513	0.0535175	0.0447543	0.997563	6.57115	3.56001	3.07087	2.56509	6.57115	3.56001	3.07087	2.56509	179.481	101.85	218.298	94.7649	1001.29	568.199	1217.84	528.675	1109.57	548.437	1	0	0
"
 tid_11384_time_14:20:39:145 DPETW@ "GAZE_LOG_CALI: 616.599	229.766	615.574	237.594	947.295	242.227	944.434	250.396	178.028	233.596	178.141	241.379	511.929	246.115	510.187	254.19	
15.1182	-275.598	344.085	-262.834	-489.56	-268.782	-157.424	-255.933	16.1432	-283.429	346.95	-271.009	-489.674	-276.568	-155.683	-264.009	3.0106	-55.1227	-506.992	69.128	-53.0002	-511.554	2.65978	-55.9834	-514.737	69.7996	-53.8185	-519.282	3.23177	-56.9816	-509.681	70.0665	-54.9212	-514.22	0.110313	-0.192505	0.975076	0.0514739	-0.212597	0.975783	0.110313	0.0664226	0.991675	0.0514739	0.0471981	0.997558	0.110313	0.0664226	0.991675	0.0514739	0.0471981	0.997558	6.34743	3.80854	2.95384	2.70526	6.34743	3.80854	2.95384	2.70526	177.595	103.826	217.285	95.839	990.765	579.224	1212.19	534.667	1101.48	556.945	1	0	0
"
 tid_11384_time_14:20:39:167 DPETW@ "GAZE_LOG_CALI: 616.311	229.483	615.26	237.14	947.019	241.846	944.073	250.041	177.79	233.263	177.87	241.021	511.662	245.78	509.898	253.815	
14.8037	-276.052	343.724	-263.19	-489.83	-269.141	-157.714	-256.308	15.8549	-283.712	346.673	-271.39	-489.912	-276.9	-155.95	-264.344	2.94831	-55.2085	-507.035	69.0656	-53.0818	-511.631	2.59656	-56.0704	-514.779	69.7361	-53.9013	-519.358	3.17446	-57.0491	-509.732	70.0118	-54.9947	-514.23	0.111703	-0.189167	0.975571	0.0525146	-0.208228	0.976669	0.111703	0.069775	0.991289	0.0525146	0.0516474	0.997284	0.111703	0.069775	0.991289	0.0525146	0.0516474	0.997284	6.42921	4.00106	3.01428	2.96049	6.42921	4.00106	3.01428	2.96049	178.205	105.315	217.721	97.8427	994.17	587.533	1214.62	545.845	1104.4	566.689	1	0	0
"
 tid_11384_time_14:20:39:189 DPETW@ "GAZE_LOG_CALI: 615.904	228.92	614.901	236.759	946.617	241.387	943.751	249.676	177.515	232.758	177.539	240.474	511.283	245.384	509.528	253.405	
14.4448	-276.433	343.402	-263.555	-490.162	-269.688	-158.084	-256.718	15.4484	-284.276	346.272	-271.849	-490.187	-277.406	-156.329	-264.74	2.87721	-55.3042	-507.063	68.9939	-53.1542	-511.576	2.52438	-56.1675	-514.807	69.6633	-53.9748	-519.303	3.09375	-57.1715	-509.867	69.9339	-55.0841	-514.255	0.112238	-0.197907	0.973774	0.0522783	-0.214321	0.975363	0.112238	0.0608678	0.991815	0.0522783	0.045424	0.997599	0.112238	0.0608678	0.991815	0.0522783	0.045424	0.997599	6.45638	3.48962	2.99979	2.6035	6.45638	3.48962	2.99979	2.6035	178.356	101.025	217.526	94.8457	995.013	563.599	1213.53	529.125	1104.27	546.362	1	0	0
"
 tid_11384_time_14:20:39:211 DPETW@ "GAZE_LOG_CALI: 615.715	228.622	614.633	236.401	946.191	241.115	943.351	249.322	177.344	232.429	177.372	240.216	511.052	245.047	509.308	253.125	
14.1765	-276.791	343.002	-263.909	-490.33	-269.945	-158.304	-256.998	15.2594	-284.573	345.845	-272.12	-490.358	-277.735	-156.56	-265.077	2.82388	-55.3773	-507.17	68.9389	-53.2377	-511.766	2.47031	-56.2416	-514.914	69.6073	-54.0594	-519.493	3.05619	-57.2363	-509.883	69.8753	-55.167	-514.454	0.113512	-0.19271	0.974668	0.0518735	-0.21437	0.975374	0.113512	0.0661191	0.991334	0.0518735	0.0453797	0.997622	0.113512	0.0661191	0.991334	0.0518735	0.0453797	0.997622	6.53214	3.79111	2.97654	2.60096	6.53214	3.79111	2.97654	2.60096	178.934	103.406	217.287	94.7008	998.236	576.882	1212.2	528.317	1105.22	552.599	1	0	0
"
 tid_11384_time_14:20:39:233 DPETW@ "GAZE_LOG_CALI: 615.375	228.361	614.279	236.144	945.885	240.95	943	249.132	177.047	232.241	177.156	240.01	510.82	244.864	509.037	252.871	
13.8223	-277.048	342.651	-264.099	-490.545	-270.152	-158.574	-257.252	14.9191	-284.835	345.539	-272.286	-490.655	-277.923	-156.792	-265.26	2.75401	-55.4392	-507.313	68.8796	-53.2914	-511.851	2.39945	-56.3042	-515.056	69.5469	-54.1137	-519.579	2.98833	-57.286	-509.925	69.8238	-55.2104	-514.53	0.112017	-0.186769	0.975997	0.0535187	-0.211982	0.975807	0.112017	0.0722019	0.99108	0.0535187	0.0477982	0.997422	0.112017	0.0722019	0.99108	0.0535187	0.0477982	0.997422	6.4485	4.14047	3.07138	2.73968	6.4485	4.14047	3.07138	2.73968	178.19	106.177	218.01	95.7725	994.085	592.342	1216.23	534.296	1105.16	563.319	1	0	0
"
 tid_11384_time_14:20:39:256 DPETW@ "GAZE_LOG_CALI: 614.868	228.491	613.819	236.275	945.312	240.946	942.527	249.068	176.595	232.286	176.684	240.053	510.36	244.9	508.503	252.886	
13.3625	-276.917	342.178	-264.163	-491.017	-270.108	-159.109	-257.237	14.4116	-284.705	344.966	-272.289	-491.108	-277.878	-157.252	-265.224	2.66254	-55.4201	-507.297	68.7754	-53.2894	-511.783	2.30656	-56.2848	-515.041	69.4413	-54.1119	-519.511	2.88715	-57.2747	-509.98	69.7236	-55.2196	-514.647	0.111882	-0.190739	0.975244	0.0565124	-0.22171	0.973474	0.111882	0.0681725	0.99138	0.0565124	0.037798	0.997686	0.111882	0.0681725	0.99138	0.0565124	0.037798	0.997686	6.43884	3.90903	3.24197	2.16618	6.43884	3.90903	3.24197	2.16618	178.016	104.3	219.303	91.0754	993.117	581.87	1223.45	508.092	1108.28	544.981	1	0	0
"
 tid_11384_time_14:20:39:277 DPETW@ "GAZE_LOG_CALI: 610.436	229.043	611.652	236.72	940.945	241.233	940.037	249.285	172.44	232.846	174.695	240.948	506.077	245.171	506.21	253.235	
11.1951	-276.472	339.686	-263.945	-493.007	-269.214	-161.402	-256.889	9.9793	-284.152	340.596	-272.001	-495.265	-277.319	-161.536	-264.953	2.2315	-55.305	-507.467	68.3008	-53.2531	-511.981	1.86893	-56.1676	-515.21	68.9592	-54.0747	-519.709	2.00016	-57.1939	-510.251	68.85	-55.1713	-514.719	0.0259028	-0.202582	0.978923	-0.0213581	-0.214569	0.976475	0.0259028	0.0576851	0.997999	-0.0213581	0.0454729	0.998737	0.0259028	0.0576851	0.997999	-0.0213581	0.0454729	0.998737	1.48677	3.30695	-1.22509	2.60631	1.48677	3.30695	-1.22509	2.60631	137.197	99.2849	182.172	94.6595	765.392	553.891	1016.3	528.086	890.846	540.988	1	0	0
"
 tid_11384_time_14:20:39:299 DPETW@ "GAZE_LOG_CALI: 607.959	229.247	610.011	236.9	937.882	241.403	938.078	249.479	170.109	233.03	173.16	240.888	503.192	245.363	504.307	253.374	
9.55392	-276.291	337.726	-263.751	-494.543	-269.275	-163.305	-256.75	7.50164	-283.948	337.531	-271.831	-497.597	-277.135	-164.42	-264.762	1.90483	-55.3047	-507.572	67.9134	-53.2249	-512.03	1.53727	-56.1671	-515.316	68.5658	-54.0461	-519.76	1.50426	-57.1709	-510.391	68.2537	-55.1537	-514.894	-0.00656633	-0.199721	0.979831	-0.062425	-0.221536	0.973152	-0.00656633	0.0606831	0.998135	-0.062425	0.0378833	0.99733	-0.00656633	0.0606831	0.998136	-0.062425	0.0378833	0.99733	-0.37692	3.47902	-3.58159	2.17107	-0.37692	3.47902	-3.58159	2.17107	121.738	100.657	162.414	91.131	679.151	561.546	906.076	508.402	792.614	534.974	1	0	0
"
 tid_11384_time_14:20:39:321 DPETW@ "GAZE_LOG_CALI: 607.356	229.478	609.392	237.121	937.464	241.569	937.678	249.822	169.521	233.308	172.474	241.164	502.754	245.599	503.764	253.577	
8.93455	-276.071	337.326	-263.408	-495.229	-268.998	-163.849	-256.547	6.89826	-283.717	337.113	-271.665	-498.185	-276.857	-164.859	-264.525	1.78094	-55.2475	-507.502	67.8129	-53.1544	-511.881	1.4114	-56.1091	-515.246	68.4639	-53.9748	-519.61	1.38301	-57.1216	-510.407	68.1658	-55.1102	-514.87	-0.00574301	-0.204817	0.978783	-0.0610315	-0.232499	0.97068	-0.00574301	0.0554894	0.998443	-0.0610315	0.0266533	0.99778	-0.005743	0.0554894	0.998443	-0.0610315	0.0266533	0.99778	-0.32956	3.18094	-3.50027	1.5273	-0.32956	3.18094	-3.50027	1.5273	121.997	98.3006	162.99	85.9385	680.595	548.399	909.286	479.434	794.941	513.917	1	0	0
"
 tid_11384_time_14:20:39:343 DPETW@ "GAZE_LOG_CALI: 606.584	229.764	608.655	237.439	936.659	241.922	936.931	250.018	168.799	233.548	171.816	241.346	502.091	245.93	503.173	253.921	
8.19786	-275.752	336.579	-263.212	-495.888	-268.816	-164.439	-256.203	6.12677	-283.43	336.308	-271.311	-498.908	-276.617	-165.522	-264.194	1.63444	-55.2062	-507.581	67.6839	-53.1167	-512.042	1.26269	-56.067	-515.324	68.3327	-53.9363	-519.772	1.22877	-57.0738	-510.452	68.0223	-55.0564	-515.014	-0.00681787	-0.202362	0.979287	-0.0633852	-0.228697	0.971432	-0.00681787	0.0579914	0.998294	-0.0633852	0.0305202	0.997522	-0.00681787	0.0579914	0.998294	-0.0633852	0.0305202	0.997522	-0.391297	3.32453	-3.63584	1.74895	-0.391297	3.32453	-3.63584	1.74895	121.346	99.4952	161.732	87.7633	676.967	555.064	902.27	489.614	789.619	522.339	1	0	0
"
 tid_11384_time_14:20:39:365 DPETW@ "GAZE_LOG_CALI: 606.196	229.916	608.183	237.478	936.254	241.962	936.652	250.065	168.384	233.644	171.49	241.497	501.788	245.967	502.772	253.95	
7.72586	-275.713	336.299	-263.164	-496.214	-268.665	-164.841	-256.173	5.73803	-283.279	335.902	-271.271	-499.323	-276.521	-165.825	-264.158	1.54075	-55.2034	-507.73	67.6102	-53.0947	-511.904	1.16765	-56.0639	-515.473	68.2581	-53.9141	-519.634	1.15074	-57.0459	-510.424	67.9541	-55.0598	-515.119	-0.00328821	-0.190913	0.981601	-0.0651187	-0.245398	0.967233	-0.00328821	0.0696497	0.997566	-0.0651187	0.0133021	0.997789	-0.00328821	0.0696497	0.997566	-0.0651187	0.0133021	0.997789	-0.188859	3.99387	-3.734	0.762179	-0.188859	3.99387	-3.734	0.762179	122.894	104.925	160.857	79.7054	685.602	585.354	897.39	444.661	791.496	515.007	1	0	0
"
 tid_11384_time_14:20:39:387 DPETW@ "GAZE_LOG_CALI: 605.923	229.688	607.997	237.291	936.085	241.669	936.416	249.89	168.229	233.496	171.3	241.234	501.567	245.697	502.687	253.661	
7.53937	-275.9	336.063	-263.339	-496.404	-268.928	-164.926	-256.463	5.46491	-283.507	335.733	-271.565	-499.478	-276.669	-166.046	-264.428	1.50374	-55.2479	-507.725	67.5841	-53.1587	-512.069	1.13007	-56.1091	-515.468	68.2314	-53.9788	-519.799	1.09619	-57.0971	-510.545	67.9127	-55.1112	-515.064	-0.00674616	-0.196759	0.980429	-0.0653122	-0.232069	0.970504	-0.00674616	0.0636993	0.997946	-0.0653122	0.027024	0.997499	-0.00674616	0.0636994	0.997946	-0.0653122	0.027024	0.997499	-0.387316	3.65218	-3.74615	1.54855	-0.387316	3.65218	-3.74615	1.54855	121.245	102.095	160.721	86.0687	676.403	569.568	896.631	480.16	786.517	524.864	1	0	0
"
 tid_11384_time_14:20:39:408 DPETW@ "GAZE_LOG_CALI: 605.912	229.384	607.99	237.019	936.057	241.393	936.423	249.687	168.172	233.243	171.271	240.982	501.556	245.443	502.68	253.459	
7.53259	-276.173	336.07	-263.543	-496.433	-269.18	-164.932	-256.665	5.45411	-283.811	335.706	-271.84	-499.535	-276.923	-166.058	-264.682	1.50189	-55.2982	-507.706	67.5834	-53.1974	-512.049	1.12818	-56.1603	-515.449	68.2307	-54.0182	-519.779	1.09381	-57.148	-510.499	67.9095	-55.1672	-515.086	-0.00680793	-0.195639	0.980652	-0.0663441	-0.23729	0.969171	-0.00680793	0.0648383	0.997873	-0.0663441	0.0216354	0.997562	-0.00680793	0.0648383	0.997873	-0.0663441	0.0216354	0.997562	-0.390891	3.71757	-3.80492	1.23971	-0.390891	3.71757	-3.80492	1.23971	121.215	102.582	160.238	83.4959	676.231	572.282	893.937	465.807	785.084	519.044	1	0	0
"
 tid_11384_time_14:20:39:430 DPETW@ "GAZE_LOG_CALI: 605.507	229.346	607.666	236.888	935.844	241.262	936.153	249.402	167.794	233.191	171.04	240.85	501.286	245.218	502.469	253.333	
7.20893	-276.304	335.8	-263.827	-496.664	-269.313	-165.144	-256.79	5.04969	-283.849	335.492	-271.971	-499.913	-276.974	-166.327	-264.907	1.43807	-55.3344	-507.796	67.5372	-53.2457	-512.116	1.06344	-56.1968	-515.539	68.1836	-54.0671	-519.846	1.01283	-57.1598	-510.524	67.8585	-55.1967	-515.024	-0.0099099	-0.188548	0.982014	-0.0655103	-0.227608	0.971547	-0.0099099	0.0720402	0.997352	-0.0655103	0.0316021	0.997351	-0.0099099	0.0720402	0.997352	-0.0655103	0.0316021	0.997351	-0.569284	4.13118	-3.75804	1.81097	-0.569284	4.13118	-3.75804	1.81097	119.701	105.903	160.574	88.1311	667.785	590.814	895.81	491.666	781.797	541.24	1	0	0
"
 tid_11384_time_14:20:39:452 DPETW@ "GAZE_LOG_CALI: 603.315	229.357	606.772	237.246	933.52	241.229	934.91	249.377	165.667	233.186	170.091	240.978	498.937	245.113	501.345	253.258	
6.31407	-275.946	334.556	-263.853	-497.614	-269.184	-166.267	-256.866	2.85736	-283.838	333.167	-272.004	-502.041	-276.98	-168.677	-265.012	1.25944	-55.2797	-507.739	67.3029	-53.2684	-512.236	0.881997	-56.1414	-515.482	67.9457	-54.09	-519.966	0.573463	-57.166	-510.582	67.3835	-55.2066	-514.984	-0.0615139	-0.204297	0.976974	-0.109449	-0.217383	0.969931	-0.0615139	0.0555239	0.996561	-0.109449	0.0410607	0.993144	-0.0615139	0.0555239	0.996561	-0.109449	0.0410607	0.993144	-3.53217	3.18292	-6.28888	2.35327	-3.53217	3.18292	-6.28888	2.35327	95.4258	98.2854	139.401	92.6215	532.361	548.315	777.688	516.717	655.025	532.516	1	0	0
"
 tid_11384_time_14:20:39:474 DPETW@ "GAZE_LOG_CALI: 603.057	229.416	606.472	237.529	933.293	241.396	934.789	249.653	165.276	233.289	169.526	241.071	498.687	245.274	501.049	253.386	
6.0144	-275.663	334.435	-263.577	-498.179	-269.092	-166.564	-256.738	2.59871	-283.779	332.94	-271.837	-502.433	-276.877	-168.926	-264.851	1.1991	-55.2125	-507.465	67.2544	-53.2088	-512.052	0.820499	-56.0736	-515.208	67.8967	-54.0298	-519.782	0.521355	-57.1345	-510.445	67.3345	-55.1713	-514.964	-0.0611847	-0.216987	0.974255	-0.112805	-0.229048	0.966857	-0.0611847	0.0425626	0.997219	-0.112805	0.0289972	0.993194	-0.0611847	0.0425626	0.997219	-0.112805	0.0289972	0.993194	-3.511	2.43939	-6.47975	1.66165	-3.511	2.43939	-6.47975	1.66165	95.552	92.3475	137.784	87.0118	533.065	515.188	768.671	485.421	650.33	499.295	1	0	0
"
 tid_11384_time_14:20:39:496 DPETW@ "GAZE_LOG_CALI: 602.926	229.531	606.436	237.498	933.255	241.599	934.806	249.802	165.181	233.324	169.44	241.108	498.623	245.455	501.037	253.542	
5.97814	-275.694	334.452	-263.427	-498.265	-269.054	-166.576	-256.582	2.46813	-283.664	332.902	-271.634	-502.527	-276.842	-168.99	-264.67	1.19207	-55.2058	-507.409	67.2538	-53.1747	-512.02	0.81332	-56.0669	-515.152	67.8961	-53.9952	-519.75	0.495369	-57.1235	-510.48	67.3231	-55.1291	-514.933	-0.0662274	-0.220069	0.973234	-0.115018	-0.227626	0.966932	-0.0662274	0.0393215	0.997029	-0.115018	0.0303907	0.992898	-0.0662274	0.0393215	0.997029	-0.115018	0.0303907	0.992898	-3.80027	2.25354	-6.60772	1.74153	-3.80027	2.25354	-6.60772	1.74153	93.1912	90.8585	136.723	87.7164	519.895	506.881	762.75	489.353	640.252	496.163	1	0	0
"
 tid_11384_time_14:20:39:518 DPETW@ "GAZE_LOG_CALI: 602.878	229.639	606.405	237.775	933.248	241.747	934.823	249.984	165.126	233.43	169.353	241.214	498.549	245.649	501.076	253.744	
5.94725	-275.417	334.469	-263.245	-498.352	-268.949	-166.537	-256.379	2.41935	-283.556	332.895	-271.486	-502.582	-276.736	-169.064	-264.476	1.18588	-55.1615	-507.352	67.2602	-53.1383	-512.043	0.806989	-56.022	-515.095	67.9025	-53.9582	-519.773	0.485085	-57.1018	-510.479	67.3125	-55.0872	-514.865	-0.0677422	-0.227251	0.971477	-0.116351	-0.222619	0.967938	-0.0677422	0.0319289	0.997192	-0.116351	0.0354869	0.992574	-0.0677422	0.0319289	0.997192	-0.116351	0.0354869	0.992574	-3.8863	1.8297	-6.68579	2.03368	-3.8863	1.8297	-6.68579	2.03368	92.4866	87.4656	136.077	90.1646	515.964	487.953	759.145	503.01	636.139	492.916	1	0	0
"
 tid_11384_time_14:20:39:540 DPETW@ "GAZE_LOG_CALI: 602.892	229.846	606.377	238.023	933.332	242.17	934.877	250.296	165.106	233.674	169.32	241.725	498.599	246.03	501.089	254.226	
5.91959	-275.168	334.523	-262.933	-498.385	-268.438	-166.524	-255.897	2.43425	-283.349	332.979	-271.062	-502.602	-276.491	-169.015	-264.095	1.17992	-55.0851	-507.348	67.2651	-53.0536	-511.999	0.800919	-55.9444	-515.091	67.9076	-53.8723	-519.729	0.488266	-57.0521	-510.44	67.3248	-55.0019	-514.83	-0.0652489	-0.231155	0.970727	-0.115158	-0.223191	0.967949	-0.0652489	0.0279641	0.997477	-0.115158	0.0349378	0.992733	-0.0652489	0.0279641	0.997477	-0.115158	0.0349378	0.992733	-3.74261	1.60243	-6.61681	2.00219	-3.74261	1.60243	-6.61681	2.00219	93.6505	85.69	136.658	89.9957	522.457	478.047	762.385	502.068	640.834	487.109	1	0	0
"
 tid_11384_time_14:20:39:562 DPETW@ "GAZE_LOG_CALI: 602.875	230.109	606.424	238.215	933.407	242.52	934.919	250.733	165.114	233.859	169.312	241.844	498.681	246.384	501.11	254.491	
5.96599	-274.976	334.565	-262.496	-498.393	-268.319	-166.502	-255.633	2.41691	-283.086	333.054	-270.712	-502.594	-276.307	-168.932	-263.741	1.18895	-55.0482	-507.293	67.2708	-52.9804	-511.974	0.810047	-55.907	-515.037	67.9134	-53.798	-519.704	0.485161	-57.0097	-510.463	67.3408	-54.931	-514.835	-0.0688884	-0.233804	0.96984	-0.113773	-0.225154	0.967658	-0.0688884	0.0251762	0.997307	-0.113773	0.0329663	0.99296	-0.0688884	0.0251762	0.997307	-0.113773	0.0329663	0.99296	-3.9514	1.44264	-6.53641	1.88917	-3.9514	1.44264	-6.53641	1.88917	91.9608	84.4418	137.332	89.137	513.031	471.084	766.148	497.278	637.466	480.232	1	0	0
"
 tid_11384_time_14:20:39:584 DPETW@ "GAZE_LOG_CALI: 602.904	230.213	606.466	238.359	933.413	242.732	934.94	250.922	165.125	234.02	169.336	241.891	498.645	246.648	501.155	254.743	
6.00847	-274.832	334.587	-262.307	-498.369	-268.271	-166.457	-255.38	2.44615	-282.981	333.06	-270.5	-502.583	-276.146	-168.968	-263.477	1.19761	-55.0268	-507.272	67.2783	-52.9387	-512.001	0.818825	-55.8853	-515.015	67.921	-53.7556	-519.732	0.490891	-56.9811	-510.445	67.3362	-54.8782	-514.791	-0.0696088	-0.232582	0.970083	-0.114658	-0.22012	0.968711	-0.0696088	0.0264188	0.997225	-0.114658	0.0381014	0.992674	-0.0696088	0.0264188	0.997224	-0.114658	0.0381014	0.992674	-3.99292	1.51386	-6.58869	2.18358	-3.99292	1.51386	-6.58869	2.18358	91.6322	85.0481	136.901	91.6076	511.198	474.466	763.743	511.06	635.859	489.83	1	0	0
"
 tid_11384_time_14:20:39:606 DPETW@ "GAZE_LOG_CALI: 603.011	230.246	606.463	238.352	933.461	242.794	934.984	251.012	165.124	234.061	169.328	241.939	498.678	246.742	501.207	254.819	
6.00524	-274.839	334.63	-262.217	-498.377	-268.224	-166.406	-255.304	2.55304	-282.949	333.108	-270.438	-502.585	-276.104	-168.935	-263.383	1.19671	-55.0224	-507.27	67.2881	-52.9228	-512.009	0.817908	-55.8809	-515.013	67.931	-53.7395	-519.74	0.511902	-56.9615	-510.337	67.3438	-54.8607	-514.776	-0.0636265	-0.224675	0.972354	-0.114607	-0.218861	0.969002	-0.0636265	0.0346444	0.997372	-0.114607	0.0393923	0.99263	-0.0636265	0.0346444	0.997372	-0.114607	0.0393923	0.99263	-3.65019	1.98537	-6.58609	2.2576	-3.65019	1.98537	-6.58609	2.2576	94.4243	88.8846	136.931	92.2335	526.774	495.869	763.912	514.552	644.928	504.452	1	0	0
"
 tid_11384_time_14:20:39:628 DPETW@ "GAZE_LOG_CALI: 603.101	230.182	606.591	238.352	933.64	242.781	935.134	250.979	165.253	234.011	169.509	241.819	498.82	246.738	501.369	254.754	
6.13294	-274.839	334.78	-262.25	-498.195	-268.344	-166.243	-255.369	2.6429	-283.013	333.286	-270.451	-502.455	-276.154	-168.793	-263.387	1.223	-55.0397	-507.319	67.3203	-52.9344	-512.026	0.844646	-55.8984	-515.062	67.9636	-53.7513	-519.757	0.530205	-56.9772	-510.375	67.375	-54.8584	-514.738	-0.0652322	-0.223807	0.972448	-0.113776	-0.213992	0.970187	-0.0652322	0.0355069	0.997238	-0.113776	0.0444023	0.992514	-0.0652322	0.0355069	0.997238	-0.113776	0.0444023	0.992514	-3.74255	2.03482	-6.53951	2.5449	-3.74255	2.03482	-6.53951	2.5449	93.6958	89.2607	137.349	94.5927	522.71	497.968	766.245	527.714	644.477	512.841	1	0	0
"
 tid_11384_time_14:20:39:650 DPETW@ "GAZE_LOG_CALI: 603.19	230.155	606.684	238.313	933.764	242.688	935.281	250.925	165.362	233.906	169.68	241.858	498.959	246.6	501.456	254.701	
6.22665	-274.878	334.927	-262.304	-498.024	-268.304	-166.157	-255.423	2.73166	-283.04	333.411	-270.544	-502.346	-276.259	-168.654	-263.525	1.2414	-55.0488	-507.403	67.3414	-52.9384	-511.96	0.863398	-55.9075	-515.147	67.9852	-53.7554	-519.69	0.54818	-56.9928	-510.396	67.4023	-54.8835	-514.754	-0.0645448	-0.222222	0.972857	-0.114351	-0.221345	0.968468	-0.0645448	0.0371439	0.997223	-0.114351	0.036855	0.992757	-0.0645448	0.0371439	0.997223	-0.114351	0.036855	0.992757	-3.70328	2.12868	-6.57068	2.11212	-3.70328	2.12868	-6.57068	2.11212	94.0294	89.9965	137.119	91.0256	524.571	502.072	764.962	507.813	644.31	504.11	1	0	0
"
 tid_11384_time_14:20:39:672 DPETW@ "GAZE_LOG_CALI: 603.253	229.98	606.749	238.136	933.794	242.449	935.352	250.779	165.452	233.77	169.78	241.697	499.097	246.443	501.523	254.575	
6.29099	-275.055	334.999	-262.45	-497.925	-268.466	-166.09	-255.548	2.79515	-283.215	333.441	-270.784	-502.256	-276.396	-168.516	-263.682	1.25418	-55.0867	-507.441	67.3554	-52.9657	-511.96	0.876403	-55.9459	-515.184	67.9994	-53.7831	-519.69	0.560799	-57.0273	-510.424	67.4233	-54.9361	-514.87	-0.06452	-0.221064	0.973123	-0.115474	-0.231106	0.966052	-0.06452	0.038331	0.99718	-0.115474	0.0268012	0.992949	-0.06452	0.038331	0.99718	-0.115474	0.0268012	0.992949	-3.70202	2.19674	-6.63338	1.53578	-3.70202	2.19674	-6.63338	1.53578	94.0509	90.5049	136.613	86.2374	524.691	504.909	762.139	481.101	642.075	490.521	1	0	0
"
 tid_11384_time_14:20:39:694 DPETW@ "GAZE_LOG_CALI: 603.083	229.832	606.612	238.055	933.671	242.379	935.111	250.564	165.363	233.686	169.627	241.6	498.944	246.242	501.437	254.361	
6.15462	-275.136	334.757	-262.665	-498.078	-268.563	-166.175	-255.763	2.62465	-283.362	333.318	-270.854	-502.345	-276.479	-168.669	-263.883	1.22737	-55.1022	-507.42	67.3283	-53.0258	-512.123	0.849167	-55.9617	-515.163	67.9716	-53.8439	-519.853	0.526672	-57.0597	-510.507	67.3944	-54.9603	-514.839	-0.0672709	-0.229045	0.971089	-0.111669	-0.215997	0.969987	-0.0672709	0.0300957	0.997281	-0.111669	0.042414	0.99284	-0.0672709	0.0300957	0.997281	-0.111669	0.042414	0.99284	-3.859	1.72462	-6.41731	2.43087	-3.859	1.72462	-6.41731	2.43087	92.7458	86.653	138.365	93.5332	517.41	483.42	771.91	521.803	644.038	501.473	1	0	0
"
 tid_11384_time_14:20:39:716 DPETW@ "GAZE_LOG_CALI: 602.783	229.876	606.278	237.941	933.386	242.326	934.871	250.487	165.207	233.665	169.384	241.605	498.734	246.202	501.214	254.312	
5.82052	-275.25	334.517	-262.742	-498.321	-268.558	-166.399	-255.812	2.32492	-283.318	333.032	-270.906	-502.502	-276.5	-168.88	-263.923	1.16015	-55.124	-507.52	67.2821	-53.0401	-512.138	0.78098	-55.9836	-515.263	67.9247	-53.8584	-519.868	0.466911	-57.0736	-510.652	67.3467	-54.9777	-514.914	-0.0661402	-0.229544	0.971048	-0.113065	-0.218975	0.969157	-0.0661402	0.0296034	0.997371	-0.113065	0.0393225	0.992809	-0.0661402	0.0296034	0.997371	-0.113065	0.0393225	0.992809	-3.79399	1.6964	-6.49708	2.2536	-3.79399	1.6964	-6.49708	2.2536	93.2015	86.3777	137.654	92.0527	519.953	481.884	767.943	513.544	642.958	495.89	1	0	0
"
 tid_11384_time_14:20:39:737 DPETW@ "GAZE_LOG_CALI: 602.532	229.943	605.996	237.993	933.093	242.386	934.649	250.583	164.98	233.731	169.219	241.784	498.538	246.258	500.985	254.413	
5.53867	-275.198	334.295	-262.646	-498.486	-268.379	-166.628	-255.711	2.0742	-283.252	332.739	-270.847	-502.728	-276.434	-169.075	-263.867	1.10487	-55.1129	-507.632	67.2364	-53.0195	-512.13	0.724926	-55.9722	-515.375	67.8783	-53.8375	-519.861	0.416542	-57.0632	-510.678	67.3005	-54.9763	-515.011	-0.0638215	-0.225785	0.972084	-0.115223	-0.227111	0.967029	-0.0638215	0.033502	0.997399	-0.115223	0.0309129	0.992859	-0.0638215	0.033502	0.997399	-0.115223	0.0309129	0.992858	-3.66125	1.91988	-6.61967	1.77146	-3.66125	1.91988	-6.61967	1.77146	94.2203	88.181	136.589	88.0926	525.636	491.944	762.001	491.451	642.405	489.067	1	0	0
"
 tid_11384_time_14:20:39:760 DPETW@ "GAZE_LOG_CALI: 602.406	230.239	605.819	238.285	932.942	242.637	934.43	250.869	164.822	234.033	169.191	241.938	498.42	246.624	500.862	254.634	
5.36164	-274.906	334.075	-262.36	-498.514	-268.224	-166.75	-255.489	1.94747	-282.956	332.589	-270.595	-502.887	-276.133	-169.193	-263.5	1.07007	-55.0849	-507.785	67.2053	-52.9781	-512.225	0.689702	-55.9435	-515.528	67.8466	-53.7953	-519.955	0.390732	-56.9998	-510.648	67.2743	-54.9175	-515.047	-0.0597731	-0.21119	0.975616	-0.112938	-0.22146	0.968608	-0.0597731	0.0485142	0.997032	-0.112938	0.0367805	0.992921	-0.0597731	0.0485142	0.997032	-0.112938	0.0367805	0.992921	-3.43084	2.78075	-6.48911	2.10784	-3.43084	2.78075	-6.48911	2.10784	96.0536	95.1862	137.631	90.8893	535.864	531.025	767.814	507.053	651.839	519.039	1	0	0
"
 tid_11384_time_14:20:39:782 DPETW@ "GAZE_LOG_CALI: 602.356	230.493	605.796	238.454	932.812	242.893	934.342	251.015	164.836	234.25	169.161	242.057	498.309	246.852	500.844	254.956	
5.33783	-274.737	333.988	-262.214	-498.544	-268.106	-166.768	-255.167	1.89729	-282.701	332.458	-270.339	-502.873	-275.916	-169.304	-263.273	1.0649	-55.056	-507.782	67.1972	-52.939	-512.303	0.684446	-55.9141	-515.526	67.8383	-53.7555	-520.033	0.380913	-56.9595	-510.712	67.2506	-54.8706	-515.068	-0.0614999	-0.211812	0.975373	-0.114713	-0.21768	0.969256	-0.0614999	0.0478501	0.996959	-0.114713	0.0405993	0.992569	-0.0614999	0.0478501	0.996959	-0.114713	0.0405993	0.992569	-3.52996	2.74265	-6.59252	2.32681	-3.52996	2.74265	-6.59252	2.32681	95.2401	94.9071	136.753	92.7261	531.325	529.468	762.916	517.3	647.12	523.384	1	0	0
"
 tid_11384_time_14:20:39:804 DPETW@ "GAZE_LOG_CALI: 602.327	230.551	605.753	238.759	932.732	242.928	934.176	251.029	164.809	234.412	169.118	242.193	498.343	246.932	500.853	255	
5.29479	-274.431	333.822	-262.199	-498.587	-267.97	-166.759	-255.124	1.86878	-282.643	332.378	-270.304	-502.899	-275.754	-169.27	-263.192	1.05694	-55.0114	-507.778	67.1878	-52.9518	-512.485	0.676357	-55.8689	-515.521	67.8285	-53.7682	-520.215	0.375183	-56.9375	-510.712	67.25	-54.8717	-515.188	-0.0610215	-0.216507	0.974372	-0.111692	-0.213046	0.970637	-0.0610215	0.043056	0.997207	-0.111692	0.0454327	0.992704	-0.0610215	0.043056	0.997207	-0.111692	0.0454327	0.992704	-3.5017	2.46769	-6.41951	2.604	-3.5017	2.46769	-6.41951	2.604	95.4619	92.7097	138.162	94.9615	532.563	517.209	770.778	529.771	651.67	523.49	1	0	0
"
 tid_11384_time_14:20:39:825 DPETW@ "GAZE_LOG_CALI: 602.347	230.567	605.789	238.591	932.683	242.77	934.172	250.906	164.853	234.359	169.145	242.178	498.39	246.724	500.867	254.717	
5.33093	-274.599	333.817	-262.323	-498.56	-267.984	-166.745	-255.406	1.88838	-282.627	332.33	-270.462	-502.855	-275.807	-169.223	-263.4	1.06377	-55.0288	-507.77	67.1896	-52.9948	-512.504	0.683288	-55.8865	-515.514	67.8304	-53.8118	-520.235	0.37899	-56.9443	-510.74	67.2532	-54.9194	-515.287	-0.0621198	-0.215934	0.97443	-0.113099	-0.217042	0.969588	-0.0621198	0.0436253	0.997115	-0.113099	0.0413016	0.992725	-0.0621198	0.0436253	0.997115	-0.113099	0.0413016	0.992725	-3.56489	2.50034	-6.49958	2.36708	-3.56489	2.50034	-6.49958	2.36708	94.9544	92.9616	137.497	92.9566	529.731	518.614	767.069	518.586	648.4	518.6	1	0	0
"
 tid_11384_time_14:20:39:847 DPETW@ "GAZE_LOG_CALI: 602.54	230.473	605.97	238.414	932.814	242.587	934.365	250.796	165.028	234.264	169.262	242.109	498.529	246.491	501.082	254.538	
5.51254	-274.777	334.011	-262.433	-498.443	-268.053	-166.531	-255.585	2.08141	-282.721	332.461	-270.645	-502.68	-275.902	-169.084	-263.634	1.0998	-55.0462	-507.704	67.2316	-53.026	-512.524	0.719824	-55.9044	-515.447	67.8729	-53.8435	-520.255	0.417969	-56.961	-510.72	67.2811	-54.9627	-515.298	-0.0621936	-0.2177	0.974032	-0.115676	-0.218771	0.968895	-0.0621936	0.0418161	0.997188	-0.115676	0.0394523	0.992503	-0.0621936	0.0418161	0.997188	-0.115676	0.0394523	0.992503	-3.56886	2.39659	-6.64784	2.26103	-3.56886	2.39659	-6.64784	2.26103	94.9629	92.1131	136.305	92.0492	529.779	513.881	760.418	513.524	645.098	513.702	1	0	0
"
 tid_11384_time_14:20:39:869 DPETW@ "GAZE_LOG_CALI: 602.875	230.394	606.374	238.421	933.068	242.478	934.773	250.701	165.306	234.231	169.577	242.009	498.891	246.428	501.389	254.488	
5.91593	-274.77	334.419	-262.528	-498.128	-268.153	-166.223	-255.635	2.41728	-282.8	332.715	-270.754	-502.402	-275.934	-168.722	-263.697	1.18016	-55.0457	-507.613	67.3002	-53.0305	-512.426	0.801369	-55.904	-515.357	67.9427	-53.8481	-520.156	0.485275	-56.9655	-510.66	67.3472	-54.9918	-515.408	-0.0655072	-0.21999	0.9733	-0.121019	-0.232448	0.96505	-0.0655072	0.0394144	0.997073	-0.121019	0.0252456	0.992329	-0.0655072	0.0394144	0.997073	-0.121019	0.0252456	0.992329	-3.7589	2.25886	-6.95314	1.44662	-3.7589	2.25886	-6.95314	1.44662	93.5007	91.015	133.844	85.3363	521.621	507.754	746.69	476.074	632.337	488.632	1	0	0
"
 tid_11384_time_14:20:39:891 DPETW@ "GAZE_LOG_CALI: 603.462	230.504	606.857	238.497	933.646	242.398	935.175	250.654	165.815	234.275	170.119	242.092	499.471	246.427	502.006	254.498	
6.39989	-274.694	334.822	-262.575	-497.586	-268.07	-165.606	-255.625	3.00417	-282.69	333.293	-270.834	-501.893	-275.89	-168.142	-263.698	1.27699	-55.0362	-507.673	67.4112	-53.0577	-512.654	0.899748	-55.8942	-515.417	68.0551	-53.8754	-520.384	0.602547	-56.9418	-510.587	67.465	-55.0012	-515.42	-0.0600268	-0.211571	0.975518	-0.115141	-0.219703	0.968748	-0.0600268	0.0481203	0.997036	-0.115141	0.0385134	0.992602	-0.0600268	0.0481203	0.997036	-0.115141	0.0385134	0.992602	-3.44535	2.75815	-6.6167	2.2072	-3.44535	2.75815	-6.6167	2.2072	96.1511	95.0742	136.733	91.5427	536.408	530.4	762.804	510.698	649.606	520.549	1	0	0
"
 tid_11384_time_14:20:39:912 DPETW@ "GAZE_LOG_CALI: 603.888	230.51	607.377	238.587	934.112	242.41	935.72	250.536	166.232	234.338	170.405	242.123	499.96	246.272	502.384	254.408	
6.91932	-274.604	335.366	-262.693	-497.3	-268.04	-165.229	-255.715	3.42959	-282.685	333.76	-270.822	-501.476	-275.827	-167.653	-263.852	1.37957	-54.9988	-507.438	67.4979	-53.0609	-512.482	1.00373	-55.8566	-515.182	68.1434	-53.8789	-520.212	0.688004	-56.9338	-510.577	67.5628	-55.0177	-515.439	-0.0666173	-0.227275	0.971549	-0.11751	-0.230501	0.965951	-0.0666173	0.0319247	0.997268	-0.11751	0.0273597	0.992695	-0.0666173	0.0319247	0.997268	-0.11751	0.0273597	0.992695	-3.82167	1.82946	-6.75098	1.56779	-3.82167	1.82946	-6.75098	1.56779	93.2017	87.604	135.723	86.2907	519.953	488.725	757.171	481.398	636.455	481.162	1	0	0
"
 tid_11384_time_14:20:39:934 DPETW@ "GAZE_LOG_CALI: 604.311	230.539	607.758	238.729	934.393	242.236	935.92	250.308	166.532	234.436	170.806	242.21	500.265	246.191	502.753	254.328	
7.30091	-274.462	335.567	-262.921	-496.899	-267.952	-164.859	-255.795	3.85294	-282.656	334.041	-270.997	-501.175	-275.73	-167.348	-263.933	1.45542	-54.9784	-507.463	67.5618	-53.1104	-512.661	1.08077	-55.8359	-515.206	68.208	-53.9289	-520.391	0.772865	-56.9068	-510.449	67.6233	-55.0469	-515.47	-0.0630232	-0.219197	0.973643	-0.115106	-0.220084	0.968666	-0.0630232	0.0402689	0.997199	-0.115106	0.0381247	0.992621	-0.0630232	0.0402689	0.997199	-0.115106	0.0381247	0.992621	-3.6163	2.30786	-6.61457	2.18492	-3.6163	2.30786	-6.61457	2.18492	94.9507	91.5108	136.904	91.3043	529.711	510.52	763.761	509.368	646.7	509.879	1	0	0
"
 tid_11384_time_14:20:39:956 DPETW@ "GAZE_LOG_CALI: 604.587	230.817	608.002	238.884	934.69	242.175	936.13	250.292	166.702	234.59	171.005	242.557	500.564	246.181	503.053	254.307	
7.54418	-274.306	335.777	-262.937	-496.699	-267.605	-164.56	-255.817	4.12936	-282.377	334.337	-271.058	-501.006	-275.576	-167.049	-263.943	1.50379	-54.9231	-507.416	67.6164	-53.1232	-512.749	1.12986	-55.7799	-515.16	68.2634	-53.9417	-520.479	0.828041	-56.8515	-510.342	67.6836	-55.0542	-515.472	-0.0610433	-0.216734	0.97432	-0.112306	-0.215521	0.97002	-0.0610433	0.0428236	0.997216	-0.112306	0.0428819	0.992748	-0.0610433	0.0428236	0.997216	-0.112306	0.0428819	0.992748	-3.50292	2.45436	-6.45424	2.45771	-3.50292	2.45436	-6.45424	2.45771	95.9254	92.7667	138.284	93.5251	535.149	517.527	771.46	521.758	653.305	519.642	1	0	0
"
 tid_11384_time_14:20:39:978 DPETW@ "GAZE_LOG_CALI: 604.83	231.344	608.273	239.467	934.838	242.603	936.332	250.758	166.765	235.205	171.099	243.065	500.739	246.493	503.216	254.564	
7.81515	-273.724	335.979	-262.471	-496.605	-267.097	-164.397	-255.559	4.37171	-281.85	334.486	-270.629	-500.943	-274.96	-166.874	-263.632	1.55768	-54.7941	-507.229	67.652	-53.0461	-512.709	1.18443	-55.6491	-514.973	68.2995	-53.8635	-520.439	0.876274	-56.7161	-510.157	67.7175	-54.9819	-515.497	-0.0623513	-0.215893	0.974424	-0.114126	-0.219297	0.96896	-0.0623513	0.0436632	0.997099	-0.114126	0.0389604	0.992702	-0.0623514	0.0436632	0.997099	-0.114126	0.0389604	0.992702	-3.57821	2.50251	-6.55824	2.23283	-3.57821	2.50251	-6.55824	2.23283	95.3758	93.3288	137.457	91.7522	532.082	520.663	766.846	511.867	649.464	516.265	1	0	0
"
 tid_11384_time_14:20:40:0 DPETW@ "GAZE_LOG_CALI: 604.931	232.125	608.426	240.308	934.936	243.077	936.526	251.108	166.781	235.898	171.019	243.935	500.753	246.99	503.308	255.136	
7.96879	-272.882	336.173	-262.121	-496.685	-266.227	-164.304	-254.987	4.47346	-281.068	334.584	-270.156	-500.926	-274.267	-166.86	-263.135	1.58738	-54.5974	-506.988	67.6767	-52.9421	-512.603	1.21439	-55.4499	-514.733	68.3248	-53.7581	-520.334	0.89666	-56.5584	-510.069	67.7257	-54.8741	-515.41	-0.0661323	-0.230719	0.97077	-0.117854	-0.219529	0.968462	-0.0661323	0.0283961	0.997407	-0.117854	0.0386077	0.99228	-0.0661323	0.0283961	0.997407	-0.117854	0.0386077	0.99228	-3.7934	1.6272	-6.77331	2.21261	-3.7934	1.6272	-6.77331	2.21261	93.6645	86.4566	135.701	91.7189	522.536	482.324	757.047	511.681	638.579	494.795	1	0	0
"
 tid_11384_time_14:20:40:21 DPETW@ "GAZE_LOG_CALI: 605.208	233.04	608.652	241.233	935.087	243.853	936.744	251.967	166.87	236.838	171.129	244.828	500.99	247.777	503.441	255.851	
8.19514	-271.957	336.391	-261.262	-496.575	-265.333	-164.171	-254.272	4.74975	-280.154	334.734	-269.379	-500.837	-273.327	-166.623	-262.348	1.63198	-54.4032	-506.869	67.7089	-52.7739	-512.512	1.25958	-55.2529	-514.614	68.3575	-53.5875	-520.243	0.951317	-56.3513	-509.879	67.7682	-54.7255	-515.505	-0.0632972	-0.225537	0.972176	-0.120077	-0.231876	0.965306	-0.0632972	0.0337659	0.997423	-0.120077	0.025864	0.992428	-0.0632972	0.0337659	0.997423	-0.120077	0.025864	0.992428	-3.63116	1.93501	-6.89887	1.48206	-3.63116	1.93501	-6.89887	1.48206	95.0351	89.1768	134.693	85.8615	530.182	497.5	751.424	479.004	639.019	484.946	1	0	0
"
 tid_11384_time_14:20:40:43 DPETW@ "GAZE_LOG_CALI: 605.753	233.663	609.16	241.88	935.611	244.431	937.134	252.549	167.145	237.523	171.354	245.444	501.389	248.361	503.861	256.472	
8.70266	-271.31	336.781	-260.68	-496.349	-264.718	-163.751	-253.651	5.29531	-279.53	335.258	-268.801	-500.562	-272.642	-166.224	-261.764	1.73179	-54.2466	-506.583	67.7916	-52.6559	-512.545	1.36071	-55.0944	-514.328	68.4415	-53.4676	-520.276	1.05988	-56.1896	-509.603	67.8571	-54.5936	-515.373	-0.0619013	-0.225351	0.972309	-0.1154	-0.222338	0.968116	-0.0619013	0.0339793	0.997504	-0.1154	0.0358046	0.992674	-0.0619013	0.0339793	0.997504	-0.1154	0.0358046	0.992674	-3.55101	1.94724	-6.63095	2.05189	-3.55101	1.94724	-6.63095	2.05189	95.8033	89.494	137	90.6793	534.468	499.269	764.298	505.882	648.942	501.757	1	0	0
"
 tid_11384_time_14:20:40:65 DPETW@ "GAZE_LOG_CALI: 606.426	233.965	609.841	242.159	936.252	244.6	937.893	252.764	167.516	237.747	171.838	245.717	501.966	248.596	504.425	256.633	
9.3841	-271.03	337.541	-260.464	-495.865	-264.444	-163.187	-253.49	5.96839	-279.228	335.9	-268.632	-500.191	-272.417	-165.647	-261.528	1.86675	-54.1699	-506.381	67.9175	-52.5967	-512.339	1.49761	-55.0168	-514.126	68.5696	-53.4078	-520.069	1.1938	-56.1031	-509.297	67.9784	-54.5459	-515.31	-0.0612654	-0.21905	0.973788	-0.119961	-0.23089	0.965556	-0.0612654	0.0404487	0.997302	-0.119961	0.0268819	0.992415	-0.0612654	0.0404487	0.997302	-0.119961	0.0268819	0.992415	-3.51533	2.31817	-6.89235	1.54041	-3.51533	2.31817	-6.89235	1.54041	96.2412	92.6297	134.974	86.5593	536.911	516.763	752.992	482.897	644.149	498.352	1	0	0
"
 tid_11384_time_14:20:40:87 DPETW@ "GAZE_LOG_CALI: 607.289	234.217	610.736	242.366	937.178	244.848	938.793	252.975	168.14	238.003	172.413	245.901	502.666	248.796	505.214	256.871	
10.2793	-270.824	338.441	-260.254	-495.29	-264.26	-162.398	-253.252	6.83175	-278.975	336.827	-268.384	-499.566	-272.161	-164.946	-261.328	2.04355	-54.0959	-506.053	68.0838	-52.5403	-512.231	1.67692	-54.9422	-513.799	68.7386	-53.3507	-519.961	1.36606	-56.0252	-509.052	68.1349	-54.4754	-515.074	-0.063725	-0.222003	0.972961	-0.119528	-0.222676	0.967537	-0.063725	0.037382	0.997267	-0.119528	0.0353281	0.992202	-0.063725	0.037382	0.997267	-0.119528	0.0353281	0.992202	-3.65621	2.14233	-6.86919	2.02458	-3.65621	2.14233	-6.86919	2.02458	95.2937	91.3486	135.347	90.646	531.624	509.615	755.072	505.696	643.023	507.069	1	0	0
"
 tid_11384_time_14:20:40:109 DPETW@ "GAZE_LOG_CALI: 608.597	234.638	612.041	242.742	938.549	245.073	940.06	253.219	169.07	238.447	173.292	246.401	503.809	249.065	506.351	257.189	
11.5845	-270.447	339.708	-260.01	-494.41	-263.76	-161.26	-252.934	8.13934	-278.555	338.198	-268.159	-498.636	-271.717	-163.804	-261.059	2.30088	-53.9624	-505.621	68.3212	-52.4704	-512.103	1.93793	-54.8074	-513.366	68.9798	-53.2799	-519.833	1.62614	-55.8966	-508.671	68.3811	-54.4006	-514.84	-0.0645573	-0.225514	0.972099	-0.116218	-0.217549	0.969106	-0.0645573	0.033768	0.997342	-0.116218	0.040687	0.99239	-0.0645573	0.033768	0.997343	-0.116218	0.040687	0.99239	-3.70355	1.93513	-6.67945	2.33184	-3.70355	1.93513	-6.67945	2.33184	95.1946	89.8954	137.179	93.2796	531.072	501.508	765.297	520.388	648.184	510.948	1	0	0
"
 tid_11384_time_14:20:40:132 DPETW@ "GAZE_LOG_CALI: 609.626	235.038	613.111	243.138	939.661	245.347	941.166	253.475	169.786	238.743	174.035	246.76	504.691	249.269	507.229	257.413	
12.6548	-270.051	340.815	-259.754	-493.667	-263.401	-160.382	-252.709	9.16935	-278.155	339.31	-267.885	-497.92	-271.421	-162.922	-260.855	2.5115	-53.8522	-505.291	68.5122	-52.3977	-511.866	2.15158	-54.6961	-513.037	69.174	-53.2064	-519.596	1.83096	-55.792	-508.353	68.5745	-54.327	-514.602	-0.0664993	-0.227289	0.971554	-0.116357	-0.217488	0.969103	-0.0664993	0.0319127	0.997276	-0.116357	0.0407449	0.992371	-0.0664993	0.0319127	0.997276	-0.116357	0.0407449	0.992371	-3.81489	1.82877	-6.68745	2.33516	-3.81489	1.82877	-6.68745	2.33516	94.5229	89.2176	137.332	93.431	527.324	497.727	766.146	521.233	646.667	509.356	1	0	0
"
 tid_11384_time_14:20:40:154 DPETW@ "GAZE_LOG_CALI: 610.6	235.173	614.09	243.359	940.719	245.348	942.289	253.496	170.389	239.012	174.621	246.902	505.555	249.27	508.057	257.417	
13.6338	-269.83	341.939	-259.733	-493.08	-263.258	-159.555	-252.705	10.1426	-278.02	340.37	-267.885	-497.316	-271.152	-162.057	-260.854	2.70384	-53.7735	-504.892	68.697	-52.3637	-511.559	2.34662	-54.6169	-512.638	69.3621	-53.1724	-519.288	2.02402	-55.7101	-507.974	68.762	-54.3057	-514.403	-0.067196	-0.227708	0.971408	-0.118814	-0.224396	0.967228	-0.067196	0.03147	0.997243	-0.118814	0.0335875	0.992348	-0.067196	0.03147	0.997243	-0.118814	0.0335875	0.992348	-3.85486	1.8034	-6.82755	1.92478	-3.85486	1.8034	-6.82755	1.92478	94.4179	89.1808	136.389	90.1447	526.739	497.522	760.887	502.899	642.991	498.703	1	0	0
"
 tid_11384_time_14:20:40:176 DPETW@ "GAZE_LOG_CALI: 611.861	235.336	615.407	243.515	942.07	245.28	943.723	253.345	171.11	239.198	175.286	247.168	506.541	249.223	509.075	257.31	
14.9508	-269.674	343.374	-259.884	-492.415	-262.992	-158.536	-252.812	11.4041	-277.856	341.721	-267.953	-496.594	-270.965	-161.072	-260.901	2.96116	-53.6611	-504.228	68.9272	-52.3458	-511.13	2.60747	-54.5038	-511.975	69.5963	-53.1548	-518.859	2.27324	-55.6153	-507.428	68.9844	-54.2776	-514.026	-0.0712309	-0.23688	0.968924	-0.122428	-0.224608	0.966728	-0.0712309	0.0219676	0.997218	-0.122428	0.0332533	0.99192	-0.0712309	0.0219676	0.997218	-0.122428	0.0332533	0.99192	-4.08568	1.25875	-7.03618	1.90563	-4.08568	1.25875	-7.03618	1.90563	92.8488	85.0379	134.938	90.1076	517.985	474.41	752.795	502.692	633.387	484.903	1	0	0
"
 tid_11384_time_14:20:40:197 DPETW@ "GAZE_LOG_CALI: 613.183	235.797	616.684	243.986	943.56	245.396	945.057	253.554	171.886	239.617	176.096	247.844	507.731	249.3	510.164	257.413	
16.228	-269.202	344.708	-259.675	-491.605	-262.316	-157.447	-252.709	12.7264	-277.395	343.212	-267.837	-495.818	-270.546	-159.882	-260.824	3.21109	-53.4967	-503.753	69.161	-52.2881	-510.874	2.86096	-54.3377	-511.5	69.834	-53.0967	-518.602	2.53384	-55.4674	-506.88	69.2438	-54.2253	-513.716	-0.0686143	-0.236954	0.969095	-0.116892	-0.223518	0.967665	-0.0686143	0.0219407	0.997402	-0.116892	0.034548	0.992544	-0.0686143	0.0219407	0.997402	-0.116892	0.034548	0.992544	-3.93535	1.25721	-6.7168	1.97985	-3.93535	1.25721	-6.7168	1.97985	94.3497	85.2978	137.857	90.8242	526.358	475.859	769.078	506.69	646.436	488.858	1	0	0
"
 tid_11384_time_14:20:40:220 DPETW@ "GAZE_LOG_CALI: 614.378	236.453	617.857	244.554	944.923	245.761	946.563	253.889	172.472	240.35	176.775	248.236	508.694	249.706	511.146	257.775	
17.4011	-268.634	346.215	-259.341	-490.925	-261.924	-156.466	-252.348	13.9216	-276.739	344.575	-267.472	-495.232	-269.813	-158.918	-260.417	3.43969	-53.3491	-503.258	69.3894	-52.1627	-510.331	3.09277	-54.1886	-511.005	70.0667	-52.9702	-518.06	2.76855	-55.2615	-506.262	69.4633	-54.1041	-513.307	-0.0665338	-0.220166	0.973191	-0.122563	-0.230314	0.965367	-0.0665338	0.0392167	0.997013	-0.122563	0.0273889	0.992083	-0.0665338	0.0392167	0.997013	-0.122563	0.0273889	0.992083	-3.81787	2.24753	-7.0427	1.56947	-3.81787	2.24753	-7.0427	1.56947	95.5621	93.5592	135.444	87.6963	533.122	521.948	755.615	489.24	643.941	504.817	1	0	0
"
 tid_11384_time_14:20:40:242 DPETW@ "GAZE_LOG_CALI: 615.754	237.141	619.233	245.36	946.454	246.219	947.936	254.241	173.163	241.023	177.378	249.017	509.662	250.087	512.144	258.263	
18.7771	-267.828	347.588	-258.989	-490.322	-261.142	-155.467	-251.859	15.2978	-276.05	346.108	-267.014	-494.54	-269.139	-157.95	-260.037	3.70613	-53.1092	-502.475	69.612	-52.0392	-509.949	3.36282	-53.9464	-510.223	70.2932	-52.8453	-517.677	3.03786	-55.0512	-505.576	69.6929	-53.9576	-512.72	-0.0678864	-0.230804	0.970629	-0.117334	-0.217395	0.969006	-0.0678864	0.028278	0.997292	-0.117334	0.0408096	0.992254	-0.0678864	0.028278	0.997292	-0.117334	0.0408096	0.992254	-3.89416	1.62043	-6.74388	2.33887	-3.89416	1.62043	-6.74388	2.33887	95.2622	88.9101	138.19	94.2369	531.449	496.012	770.932	525.729	651.191	510.87	1	0	0
"
 tid_11384_time_14:20:40:264 DPETW@ "GAZE_LOG_CALI: 617.135	237.623	620.573	245.831	948.137	246.593	949.707	254.743	174.041	241.492	178.248	249.568	510.863	250.39	513.287	258.56	
20.1176	-267.357	349.36	-258.486	-489.451	-260.591	-154.324	-251.562	16.6787	-275.568	347.791	-266.64	-493.662	-268.67	-156.749	-259.734	3.96637	-52.9589	-502.008	69.878	-51.8927	-509.299	3.6268	-53.7945	-509.756	70.5641	-52.6976	-517.027	3.30886	-54.9017	-505.072	69.9647	-53.8379	-512.23	-0.0659171	-0.229558	0.97106	-0.120703	-0.229594	0.965773	-0.0659171	0.0295926	0.997386	-0.120703	0.0281895	0.992288	-0.0659171	0.0295926	0.997386	-0.120703	0.0281895	0.992288	-3.78117	1.69578	-6.93546	1.61535	-3.78117	1.69578	-6.93546	1.61535	96.466	89.7714	136.944	88.576	538.164	500.817	763.985	494.148	650.352	496.118	1	0	0
"
 tid_11384_time_14:20:40:286 DPETW@ "GAZE_LOG_CALI: 619.002	237.962	622.604	246.296	950.299	246.787	951.858	254.946	175.093	241.799	179.278	249.928	512.329	250.643	514.805	258.885	
22.1486	-266.892	351.513	-258.284	-488.421	-260.231	-152.806	-251.237	18.5468	-275.229	349.955	-266.446	-492.609	-268.362	-155.283	-259.481	4.35825	-52.7718	-501.004	70.2185	-51.7733	-508.645	4.02414	-53.6062	-508.752	70.9107	-52.5773	-516.372	3.67316	-54.7495	-504.261	70.3015	-53.7172	-511.511	-0.0755248	-0.246024	0.966317	-0.121119	-0.226601	0.966428	-0.0755248	0.0124601	0.997066	-0.121119	0.0312506	0.992146	-0.0755248	0.0124601	0.997066	-0.121119	0.0312506	0.992146	-4.33171	0.713931	-6.9601	1.79082	-4.33171	0.713931	-6.9601	1.79082	92.4879	82.2968	137.16	90.2872	515.971	459.117	765.19	503.694	638.306	477.143	1	0	0
"
 tid_11384_time_14:20:40:307 DPETW@ "GAZE_LOG_CALI: 620.615	238.14	624.173	246.404	952.178	246.936	953.73	255.058	176.059	241.989	180.232	250.164	513.609	250.763	516.216	259.038	
23.7179	-266.783	353.386	-258.172	-487.466	-259.995	-151.395	-251.084	20.1593	-275.051	351.834	-266.298	-491.643	-268.173	-154.002	-259.36	4.66144	-52.6729	-500.388	70.5273	-51.699	-508.176	4.33168	-53.5068	-508.136	71.2249	-52.5026	-515.903	3.98779	-54.6428	-503.613	70.5948	-53.6264	-510.903	-0.0735454	-0.242941	0.967249	-0.122056	-0.217654	0.968364	-0.0735454	0.0156791	0.997169	-0.122056	0.0403937	0.991701	-0.0735454	0.0156791	0.997169	-0.122056	0.0403937	0.991701	-4.21817	0.898384	-7.01655	2.31502	-4.21817	0.898384	-7.01655	2.31502	93.7529	84.0256	137.061	94.7753	523.029	468.762	764.635	528.733	642.909	497.05	1	0	0
"
 tid_11384_time_14:20:40:329 DPETW@ "GAZE_LOG_CALI: 622.46	238.245	625.995	246.434	954.438	247.069	955.909	255.17	177.155	242.16	181.385	250.224	515.185	250.904	517.707	259.189	
25.5401	-266.754	355.566	-258.061	-486.313	-259.934	-149.904	-250.932	22.0053	-274.946	354.095	-266.165	-490.546	-268.002	-152.426	-259.22	5.01254	-52.5944	-499.726	70.8642	-51.6014	-507.475	4.68786	-53.4282	-507.475	71.5681	-52.4046	-515.201	4.34649	-54.5346	-502.868	70.9514	-53.5254	-510.203	-0.0718732	-0.232943	0.969831	-0.11953	-0.217255	0.968769	-0.0718732	0.0260052	0.997075	-0.11953	0.0408834	0.991988	-0.0718732	0.0260052	0.997075	-0.11953	0.0408834	0.991988	-4.12298	1.49016	-6.87075	2.3431	-4.12298	1.49016	-6.87075	2.3431	94.9199	89.0088	138.687	95.2496	529.539	496.562	773.71	531.379	651.624	513.97	1	0	0
"
 tid_11384_time_14:20:40:351 DPETW@ "GAZE_LOG_CALI: 623.755	238.363	627.33	246.612	955.968	247.135	957.579	255.288	177.924	242.191	182.142	250.335	516.235	250.997	518.789	259.294	
26.8752	-266.576	357.237	-257.943	-485.555	-259.824	-148.822	-250.828	23.2998	-274.828	355.627	-266.099	-489.777	-267.97	-151.376	-259.126	5.2686	-52.5058	-499.153	71.1128	-51.5179	-506.872	4.94758	-53.3392	-506.901	71.8213	-52.3207	-514.598	4.59749	-54.4635	-502.348	71.1902	-53.4586	-509.719	-0.0744452	-0.23908	0.968142	-0.124999	-0.225353	0.966225	-0.0744452	0.0196397	0.997032	-0.124999	0.0324033	0.991628	-0.0744452	0.0196397	0.997032	-0.124999	0.0324033	0.991628	-4.27017	1.12534	-7.18449	1.8569	-4.27017	1.12534	-7.18449	1.8569	94.0359	86.308	136.421	91.491	524.607	481.495	761.068	510.41	641.679	493.82	2	0	0
"
 tid_11384_time_14:20:40:373 DPETW@ "GAZE_LOG_CALI: 624.616	238.425	628.137	246.683	957.179	247.218	958.785	255.362	178.351	242.288	182.634	250.459	517.009	251.058	519.491	259.357	
27.6823	-266.505	358.443	-257.869	-485.063	-259.699	-148.12	-250.765	24.1614	-274.766	356.838	-266.016	-489.349	-267.873	-150.602	-259.065	5.42336	-52.4537	-498.84	71.2806	-51.4522	-506.36	5.10457	-53.2868	-506.589	71.9924	-52.2548	-514.086	4.7633	-54.4014	-501.919	71.3704	-53.3975	-509.274	-0.0709104	-0.231578	0.970229	-0.124805	-0.229271	0.965328	-0.0709104	0.0274267	0.997105	-0.124805	0.0283869	0.991775	-0.0709104	0.0274267	0.997106	-0.124805	0.0283869	0.991775	-4.06781	1.57163	-7.17241	1.62667	-4.06781	1.57163	-7.17241	1.62667	95.8383	90.0049	136.752	89.7868	534.663	502.119	762.914	500.903	648.253	500.515	1	1	1
"
 tid_11384_time_14:20:40:395 DPETW@ "GAZE_LOG_CALI: 625.088	238.41	628.603	246.762	957.964	247.169	959.535	255.37	178.449	242.313	182.844	250.455	517.322	250.989	519.849	259.356	
28.1482	-266.425	359.194	-257.861	-484.853	-259.703	-147.762	-250.766	24.6334	-274.781	357.624	-266.066	-489.251	-267.848	-150.289	-259.134	5.51202	-52.4196	-498.585	71.3734	-51.411	-505.959	5.19446	-53.2526	-506.334	72.0872	-52.2136	-513.685	4.8525	-54.3605	-501.551	71.4601	-53.3593	-508.795	-0.06948	-0.225096	0.971856	-0.123913	-0.22637	0.966127	-0.06948	0.0341093	0.997	-0.123913	0.0313959	0.991796	-0.06948	0.0341093	0.997	-0.123913	0.0313959	0.991796	-3.98644	1.9547	-7.12154	1.79915	-3.98644	1.9547	-7.12154	1.79915	96.5975	93.1627	137.313	91.3285	538.898	519.736	766.044	509.504	652.471	514.62	1	1	1
"
 tid_11384_time_14:20:40:417 DPETW@ "GAZE_LOG_CALI: 625.479	238.623	628.97	246.985	958.64	247.18	960.149	255.42	178.396	242.421	182.753	250.631	517.552	250.994	520.189	259.357	
28.5162	-266.203	359.808	-257.812	-484.944	-259.527	-147.421	-250.764	25.0247	-274.568	358.3	-266.055	-489.304	-267.74	-150.059	-259.129	5.57906	-52.3326	-498.128	71.4561	-51.3775	-505.68	5.26226	-53.1651	-505.877	72.1716	-52.18	-513.405	4.92535	-54.2813	-501.111	71.5313	-53.3101	-508.341	-0.0686636	-0.227478	0.971359	-0.122463	-0.216166	0.968646	-0.0686636	0.0316792	0.997137	-0.122463	0.0419037	0.991588	-0.0686636	0.0316792	0.997137	-0.122463	0.0419037	0.991588	-3.93921	1.81539	-7.04047	2.40161	-3.93921	1.81539	-7.04047	2.40161	97.0727	92.236	138.097	96.3477	541.549	514.566	770.418	537.504	655.984	526.035	1	1	1
"
 tid_11384_time_14:20:40:439 DPETW@ "GAZE_LOG_CALI: 625.615	238.896	629.188	247.253	959.069	247.316	960.645	255.56	178.394	242.717	182.756	250.862	517.733	251.1	520.315	259.464	
28.7336	-265.934	360.305	-257.671	-484.941	-259.296	-147.296	-250.658	25.1608	-274.295	358.729	-265.919	-489.306	-267.444	-149.878	-259.023	5.61899	-52.2616	-497.919	71.5011	-51.3142	-505.298	5.30268	-53.0934	-505.668	72.2178	-52.1163	-513.023	4.95089	-54.2104	-500.973	71.5815	-53.2593	-508.087	-0.0727102	-0.230878	0.970262	-0.124607	-0.223835	0.966629	-0.0727102	0.0281117	0.996957	-0.124607	0.0339737	0.991624	-0.0727102	0.0281117	0.996957	-0.124607	0.0339737	0.991624	-4.17132	1.61089	-7.16221	1.94692	-4.17132	1.61089	-7.16221	1.94692	95.2671	90.7227	137.186	92.7828	531.476	506.124	765.334	517.617	648.405	511.87	1	1	1
"
 tid_11384_time_14:20:40:461 DPETW@ "GAZE_LOG_CALI: 625.855	239.242	629.385	247.586	959.351	247.514	960.909	255.798	178.481	243.107	182.867	251.271	517.893	251.369	520.473	259.614	
28.9309	-265.601	360.569	-257.433	-484.83	-258.887	-147.138	-250.507	25.4	-273.949	359.011	-265.72	-489.219	-267.054	-149.718	-258.754	5.65667	-52.1798	-497.831	71.5384	-51.2648	-505.192	5.34089	-53.0104	-505.58	72.2558	-52.0663	-512.917	4.99654	-54.1213	-500.821	71.6202	-53.1995	-507.962	-0.0702864	-0.226756	0.971412	-0.124087	-0.221206	0.9673	-0.0702864	0.0323905	0.997001	-0.124087	0.0366867	0.991593	-0.0702864	0.0323905	0.997001	-0.124087	0.0366867	0.991593	-4.03256	1.85616	-7.13287	2.10247	-4.03256	1.85616	-7.13287	2.10247	96.4211	92.7821	137.477	94.1249	537.914	517.613	766.955	525.104	652.435	521.358	1	1	1
"
 tid_11384_time_14:20:40:483 DPETW@ "GAZE_LOG_CALI: 626.019	239.652	629.574	247.98	959.617	247.867	961.144	256.021	178.723	243.438	183.01	251.73	518.049	251.764	520.606	260.06	
29.1195	-265.207	360.804	-257.211	-484.687	-258.427	-147.005	-250.062	25.5646	-273.538	359.277	-265.368	-488.977	-266.722	-149.562	-258.359	5.69267	-52.0917	-497.789	71.5701	-51.1879	-505.089	5.37743	-52.9209	-505.538	72.2882	-51.9884	-512.815	5.02952	-54.0568	-500.901	71.6577	-53.1137	-507.857	-0.0726772	-0.237268	0.968722	-0.12306	-0.219649	0.967786	-0.0726772	0.0215406	0.997123	-0.12306	0.0383167	0.991659	-0.0726772	0.0215406	0.997123	-0.12306	0.0383167	0.991659	-4.16874	1.23428	-7.07394	2.19592	-4.16874	1.23428	-7.07394	2.19592	95.3684	87.9103	138.003	94.9848	532.041	490.434	769.893	529.901	650.967	510.168	1	1	1
"
 tid_11384_time_14:20:40:505 DPETW@ "GAZE_LOG_CALI: 626.249	239.809	629.802	248.046	959.964	248.021	961.556	256.153	178.976	243.566	183.206	251.91	518.292	251.899	520.876	260.188	
29.3482	-265.141	361.216	-257.079	-484.49	-258.248	-146.734	-249.933	25.7946	-273.382	359.625	-265.214	-488.724	-266.595	-149.319	-258.224	5.73757	-52.0636	-497.75	71.6315	-51.1476	-504.946	5.42302	-52.8925	-505.499	72.3508	-51.9476	-512.671	5.07485	-54.0314	-500.926	71.7122	-53.0739	-507.752	-0.0736685	-0.24098	0.96773	-0.125524	-0.221385	0.967074	-0.0736685	0.0176981	0.997126	-0.125524	0.0364555	0.991421	-0.0736685	0.0176981	0.997126	-0.125524	0.0364555	0.991421	-4.22538	1.01408	-7.21585	2.08921	-4.22538	1.01408	-7.21585	2.08921	94.9625	86.1883	136.916	94.1904	529.777	480.827	763.824	525.469	646.3	502.226	1	1	1
"
 tid_11384_time_14:20:40:527 DPETW@ "GAZE_LOG_CALI: 626.442	239.53	630.014	247.871	960.119	247.944	961.71	256.082	179.198	243.342	183.487	251.637	518.541	251.758	521.126	260.116	
29.5599	-265.317	361.37	-257.149	-484.209	-258.521	-146.484	-250.005	25.9879	-273.661	359.78	-265.291	-488.502	-266.818	-149.07	-258.365	5.77952	-52.1152	-497.824	71.6761	-51.1716	-505.044	5.46568	-52.9448	-505.573	72.3959	-51.9719	-512.77	5.11337	-54.0839	-500.953	71.7567	-53.1053	-507.844	-0.0738389	-0.238732	0.968274	-0.125473	-0.222485	0.966828	-0.0738389	0.0200101	0.997069	-0.125473	0.0353296	0.991468	-0.0738389	0.0200101	0.997069	-0.125473	0.0353296	0.991468	-4.23536	1.14657	-7.21259	2.02466	-4.23536	1.14657	-7.21259	2.02466	94.921	87.1786	136.976	93.6174	529.545	486.352	764.163	522.273	646.436	503.543	1	1	1
"
 tid_11384_time_14:20:40:549 DPETW@ "GAZE_LOG_CALI: 628.249	239.269	630.948	247.08	962.209	248.001	962.852	256.128	181.077	243.11	184.766	251.302	520.69	251.942	522.443	260.132	
30.4944	-266.107	362.513	-257.104	-482.93	-258.855	-145.167	-249.989	27.7949	-273.922	361.87	-265.234	-486.622	-267.051	-146.921	-258.181	5.96605	-52.2613	-498.168	71.9291	-51.1842	-505.231	5.6554	-53.0926	-505.918	72.6525	-51.9844	-512.956	5.46983	-54.1405	-501.029	72.1831	-53.0877	-507.909	-0.0370907	-0.209449	0.977116	-0.0905015	-0.21271	0.972915	-0.0370907	0.0505838	0.998031	-0.0905015	0.0463468	0.994817	-0.0370907	0.0505838	0.998031	-0.0905015	0.0463468	0.994817	-2.12835	2.89948	-5.19806	2.65643	-2.12835	2.89948	-5.19806	2.65643	111.94	100.937	153.714	98.6448	624.491	563.105	857.541	550.32	741.016	556.712	1	1	1
"
 tid_11384_time_14:20:40:571 DPETW@ "GAZE_LOG_CALI: 635.125	238.678	634.554	246.898	969.282	247.736	966.418	256.045	188.208	242.442	188.667	251.127	527.894	251.624	525.938	260.072	
34.1007	-266.289	366.081	-257.187	-479.027	-259.03	-141.672	-250.05	34.6724	-274.513	368.947	-265.501	-479.487	-267.717	-139.716	-258.499	6.67557	-52.3282	-498.478	72.6285	-51.1919	-505.17	6.37636	-53.1601	-506.228	73.3629	-51.9921	-512.894	6.82687	-54.2939	-501.308	73.6184	-53.1626	-508.075	0.0888873	-0.223701	0.970596	0.051464	-0.235735	0.970454	0.0888873	0.0351299	0.995422	0.051464	0.0234694	0.998399	0.0888873	0.0351299	0.995422	0.051464	0.0234694	0.998399	5.10276	2.01321	2.95079	1.34482	5.10276	2.01321	2.95079	1.34482	170.449	93.7704	220.53	87.9456	950.902	523.126	1230.29	490.631	1090.6	506.878	1	1	1
"
 tid_11384_time_14:20:40:594 DPETW@ "GAZE_LOG_CALI: 639.817	238.479	636.935	246.608	972.922	247.652	968.054	255.992	192.952	242.179	191.2	250.812	531.859	251.549	527.893	259.991	
36.4822	-266.58	367.717	-257.24	-476.493	-259.345	-139.716	-250.13	39.3649	-274.713	372.59	-265.585	-474.741	-267.98	-135.75	-258.573	7.14449	-52.4035	-498.633	73.0015	-51.239	-505.506	6.8528	-53.2364	-506.383	73.7412	-52.0394	-513.229	7.75175	-54.3465	-501.378	74.3956	-53.2139	-508.418	0.172725	-0.213303	0.961596	0.13101	-0.235103	0.963101	0.172725	0.0428445	0.984038	0.13101	0.0221766	0.991133	0.172725	0.0428445	0.984038	0.13101	0.0221766	0.991133	9.95555	2.45556	7.52983	1.27073	9.95555	2.45556	7.52983	1.27073	210.361	97.432	258.348	87.2951	1173.56	543.554	1441.27	487.002	1308.55	513.438	1	1	1
"
 tid_11384_time_14:20:40:616 DPETW@ "GAZE_LOG_CALI: 639.753	238.081	636.48	246.215	972.925	247.244	968.086	255.55	193.018	241.816	190.964	250.161	531.822	251.179	528.173	259.507	
36.0269	-266.973	367.75	-257.683	-476.729	-259.996	-139.437	-250.614	39.3006	-275.111	372.593	-265.994	-474.675	-268.343	-135.788	-258.943	7.05825	-52.5295	-498.856	73.0449	-51.357	-505.761	6.76534	-53.364	-506.606	73.7848	-52.1588	-513.485	7.74122	-54.4354	-501.505	74.3903	-53.2877	-508.379	0.184039	-0.202054	0.961927	0.115052	-0.21447	0.969931	0.184039	0.0537957	0.981446	0.115052	0.0438747	0.99239	0.184039	0.0537957	0.981446	0.115052	0.0438747	0.99239	10.6206	3.08376	6.61303	2.51464	10.6206	3.08376	6.61303	2.51464	215.789	102.415	250.875	97.2574	1203.85	571.352	1399.58	542.58	1301.71	556.966	1	1	1
"
 tid_11384_time_14:20:40:638 DPETW@ "GAZE_LOG_CALI: 641.094	236.736	636.652	244.552	973.844	246.201	968.292	254.665	194.511	240.415	191.421	248.421	533.022	249.92	528.557	258.565	
36.1992	-268.637	367.956	-258.568	-476.273	-261.737	-139.053	-251.556	40.6419	-276.456	373.513	-267.037	-473.182	-269.744	-134.588	-260.203	7.09609	-52.8941	-499.144	73.1126	-51.5575	-505.944	6.80398	-53.7338	-506.893	73.8532	-52.3621	-513.667	8.00761	-54.7238	-501.667	74.617	-53.5485	-508.67	0.220699	-0.181521	0.958302	0.147091	-0.228473	0.962374	0.220699	0.0726907	0.972629	0.147091	0.0283924	0.988715	0.220699	0.0726907	0.972629	0.147091	0.0283924	0.988715	12.7845	4.16855	8.46183	1.62698	12.7845	4.16855	8.46183	1.62698	233.886	111.109	266.209	89.8228	1304.8	619.856	1485.12	501.103	1397.96	556.9	1	1	1
"
 tid_11384_time_14:20:40:660 DPETW@ "GAZE_LOG_CALI: 640.387	236.764	636.239	244.496	973.077	247.052	967.826	255.049	193.846	240.38	190.698	248.398	532.424	250.879	528.1	259.082	
35.7859	-268.693	367.49	-258.184	-476.996	-261.759	-139.509	-251.039	39.9353	-276.429	372.745	-266.185	-473.848	-269.779	-135.186	-259.243	7.0107	-52.869	-498.833	73.0208	-51.4685	-505.952	6.71704	-53.7088	-506.582	73.76	-52.2718	-513.675	7.86948	-54.7283	-501.701	74.4884	-53.3851	-508.841	0.225157	-0.199195	0.953743	0.145259	-0.22203	0.964159	0.225157	0.0544397	0.9728	0.145259	0.0350786	0.988772	0.225157	0.0544397	0.9728	0.145259	0.0350786	0.988772	13.0318	3.12071	8.35747	2.01027	13.0318	3.12071	8.35747	2.01027	235.809	102.607	265.255	93.049	1315.53	572.425	1479.81	519.102	1402.12	540.338	1	1	1
"
 tid_11384_time_14:20:40:682 DPETW@ "GAZE_LOG_CALI: 639.633	236.637	635.701	244.433	972.482	247.642	967.14	255.734	193.155	240.214	190.288	248.307	531.849	251.568	527.376	259.641	
35.2477	-268.755	366.804	-257.499	-477.406	-261.851	-140.234	-250.481	39.1807	-276.555	372.15	-265.595	-474.538	-269.946	-135.761	-258.554	6.9073	-52.8972	-498.956	72.8783	-51.3402	-505.907	6.61208	-53.7373	-506.705	73.6154	-52.1416	-513.63	7.72158	-54.7643	-501.765	74.3718	-53.259	-508.858	0.214742	-0.19879	0.956226	0.152524	-0.225308	0.962275	0.214742	0.0554737	0.975094	0.152524	0.0314243	0.9878	0.214742	0.0554737	0.975094	0.152524	0.0314243	0.9878	12.4198	3.18004	8.77761	1.80077	12.4198	3.18004	8.77761	1.80077	230.596	102.979	268.593	91.4839	1286.45	574.498	1498.42	510.371	1396.75	537.071	1	1	1
"
 tid_11384_time_14:20:40:704 DPETW@ "GAZE_LOG_CALI: 639.098	236.631	635.154	244.501	971.885	248.208	966.488	256.202	192.842	240.252	189.867	248.328	531.222	252.217	526.843	260.287	
34.7008	-268.688	366.151	-257.03	-477.827	-261.829	-140.767	-249.835	38.6454	-276.561	371.553	-265.029	-474.852	-269.907	-136.388	-257.905	6.80193	-52.9015	-499.079	72.7656	-51.2416	-506.028	6.50513	-53.7414	-506.828	73.5008	-52.0412	-513.752	7.6193	-54.7849	-501.984	74.2474	-53.1337	-508.823	0.219369	-0.205472	0.95376	0.146289	-0.214075	0.965801	0.219369	0.0483809	0.974442	0.146289	0.0431871	0.988299	0.219369	0.0483809	0.974442	0.146289	0.0431871	0.988299	12.6871	2.7731	8.41985	2.47521	12.6871	2.7731	8.41985	2.47521	232.755	99.6374	265.533	97.0763	1298.49	555.857	1481.35	541.569	1393.52	544.271	1	1	1
"
 tid_11384_time_14:20:40:725 DPETW@ "GAZE_LOG_CALI: 638.064	236.431	634.153	244.323	970.584	248.693	965.251	256.797	191.918	240.128	189.067	248.151	530.145	252.603	525.798	260.721	
33.6997	-268.866	364.914	-256.434	-478.627	-262.007	-141.812	-249.4	37.6117	-276.761	370.251	-264.543	-475.777	-270.032	-137.465	-257.519	6.60844	-52.9573	-499.276	72.5472	-51.1583	-506.219	6.3087	-53.7977	-507.024	73.2788	-51.9564	-513.943	7.4169	-54.8288	-502.091	74.0198	-53.0696	-509.046	0.214736	-0.199787	0.95602	0.145973	-0.219278	0.964681	0.214736	0.0544564	0.975153	0.145973	0.0378715	0.988563	0.214736	0.0544564	0.975153	0.145973	0.0378715	0.988563	12.4187	3.12167	8.39969	2.1704	12.4187	3.12167	8.39969	2.1704	230.348	102.376	265.174	94.613	1285.06	571.133	1479.35	527.827	1385.17	545.764	1	1	1
"
 tid_11384_time_14:20:40:747 DPETW@ "GAZE_LOG_CALI: 637.412	236.068	633.381	243.964	969.665	248.721	964.408	256.811	191.361	239.826	188.387	247.769	529.495	252.623	525.151	260.647	
32.9272	-269.225	364.069	-256.42	-479.308	-262.389	-142.459	-249.474	36.9599	-277.125	369.331	-264.515	-476.333	-270.333	-138.115	-257.499	6.45783	-53.0403	-499.37	72.4078	-51.1841	-506.414	6.15577	-53.8818	-507.118	73.137	-51.9823	-514.139	7.28969	-54.9046	-502.183	73.8756	-53.0936	-509.322	0.219497	-0.197988	0.955312	0.147783	-0.222339	0.963704	0.219497	0.0560114	0.974004	0.147783	0.0346623	0.988412	0.219497	0.0560114	0.974004	0.147783	0.0346623	0.988412	12.6998	3.2109	8.50362	1.9864	12.6998	3.2109	8.50362	1.9864	232.567	103.035	265.921	93.0374	1297.44	574.81	1483.52	519.037	1394.27	542.234	1	1	1
"
 tid_11384_time_14:20:40:769 DPETW@ "GAZE_LOG_CALI: 636.764	235.886	632.657	243.753	969.157	248.601	963.873	256.662	190.877	239.643	187.873	247.497	528.946	252.562	524.759	260.53	
32.2037	-269.436	363.534	-256.569	-479.822	-262.661	-142.851	-249.591	36.3114	-277.307	368.822	-264.635	-476.818	-270.516	-138.664	-257.56	6.31871	-53.1096	-499.576	72.3222	-51.2256	-506.562	6.01459	-53.9519	-507.324	73.0498	-52.0242	-514.287	7.164	-54.9585	-502.345	73.7675	-53.107	-509.276	0.220707	-0.193292	0.955995	0.138619	-0.209163	0.968006	0.220707	0.0607237	0.973448	0.138619	0.0485027	0.989157	0.220707	0.0607237	0.973448	0.138619	0.0485027	0.989157	12.7745	3.48135	7.97739	2.78009	12.7745	3.48135	7.97739	2.78009	233.094	105.156	261.492	99.459	1300.39	586.644	1458.81	554.862	1380.63	569.5	1	1	1
"
 tid_11384_time_14:20:40:791 DPETW@ "GAZE_LOG_CALI: 636.525	236.418	631.86	242.652	967.737	247.046	962.971	255.782	190.527	240.557	187.609	246.382	527.848	251.591	524.259	259.542	
31.4068	-270.537	362.632	-257.45	-480.086	-263.777	-143.351	-250.579	36.0721	-276.774	367.402	-266.19	-477.168	-269.602	-139.763	-258.532	6.16915	-53.3841	-500.106	72.2013	-51.4533	-506.971	5.86303	-54.2298	-507.854	72.9265	-52.2548	-514.696	7.11501	-54.803	-502.231	73.5301	-53.395	-509.608	0.216259	-0.0990198	0.971302	0.115011	-0.217256	0.969315	0.216259	0.155746	0.963834	0.115011	0.0410237	0.992517	0.216259	0.155746	0.963834	0.115011	0.0410237	0.992517	12.6462	8.96004	6.60985	2.35114	12.6462	8.96004	6.60985	2.35114	231.964	150.25	250.124	95.5622	1294.08	838.215	1395.39	533.122	1344.74	685.669	1	1	1
"
 tid_11384_time_14:20:40:981 DPETW@ "GAZE_LOG_CALI: 628.224	236.135	624.395	244.335	961.527	248.046	955.958	256.317	182.458	242.284	179.524	248.156	520.835	252.067	516.772	260.15	
23.9399	-268.854	355.615	-256.914	-488.175	-262.003	-150.839	-249.971	27.7701	-277.057	361.188	-265.189	-485.24	-267.876	-146.776	-258.056	4.69621	-52.9764	-499.459	70.7319	-51.288	-506.456	4.36638	-53.8166	-507.207	71.4352	-52.088	-514.183	5.47885	-54.6811	-502.417	72.1666	-53.159	-508.757	0.22284	-0.17316	0.959353	0.131114	-0.19199	0.972599	0.22284	0.0810386	0.971481	0.131114	0.0662794	0.989149	0.22284	0.0810386	0.971481	0.131114	0.0662794	0.989149	12.9191	4.64827	7.55067	3.80032	12.9191	4.64827	7.55067	3.80032	232.644	114.944	256.334	107.776	1297.87	641.248	1430.03	601.26	1363.95	621.254	1	1	1
"
 tid_11384_time_14:20:41:3 DPETW@ "GAZE_LOG_CALI: 627.411	236.613	623.471	244.637	960.391	248.331	955.209	256.519	181.51	240.308	178.572	248.48	520.161	252.341	515.885	260.417	
23.0161	-268.552	354.866	-256.711	-489.127	-261.679	-151.725	-249.705	26.957	-276.579	360.052	-264.904	-486.19	-269.853	-147.45	-257.782	4.51477	-52.9114	-499.427	70.5627	-51.2268	-506.312	4.18205	-53.7507	-507.174	71.2636	-52.0261	-514.039	5.31861	-54.8162	-502.292	72.006	-53.1521	-509.227	0.221776	-0.207912	0.952674	0.148546	-0.225306	0.962897	0.221776	0.0457421	0.974024	0.148546	0.0315875	0.988401	0.221776	0.0457421	0.974024	0.148546	0.0315875	0.988401	12.827	2.62175	8.54697	1.81013	12.827	2.62175	8.54697	1.81013	231.682	98.3247	264.392	91.5709	1292.51	548.534	1474.99	510.856	1388.47	523.566	1	1	1
"
 tid_11384_time_14:20:41:25 DPETW@ "GAZE_LOG_CALI: 626.985	236.922	623.138	244.87	960.087	248.455	954.802	256.618	180.887	240.633	178.216	248.684	519.717	252.351	515.355	260.525	
22.683	-268.318	354.459	-256.612	-489.483	-261.476	-152.256	-249.597	26.5312	-276.27	359.748	-264.78	-486.813	-269.528	-147.893	-257.772	4.44887	-52.8664	-499.407	70.4638	-51.1931	-506.181	4.1151	-53.7051	-507.154	71.1632	-51.992	-513.909	5.23232	-54.7323	-502.096	71.9246	-53.1232	-509.078	0.211546	-0.194515	0.957817	0.151675	-0.225333	0.962403	0.211546	0.0600144	0.975524	0.151675	0.0314335	0.98793	0.211546	0.0600144	0.975524	0.151675	0.0314335	0.98793	12.2353	3.44064	8.72838	1.8013	12.2353	3.44064	8.72838	1.8013	226.652	105.038	265.779	91.5686	1264.44	585.988	1482.73	510.843	1376.02	545.289	1	1	1
"
 tid_11384_time_14:20:41:47 DPETW@ "GAZE_LOG_CALI: 626.772	236.911	622.948	244.868	959.895	248.454	954.623	256.644	180.647	240.717	177.857	248.716	519.474	252.316	515.134	260.543	
22.4926	-268.32	354.279	-256.586	-489.843	-261.444	-152.477	-249.579	26.318	-276.281	359.556	-264.781	-487.052	-269.445	-148.137	-257.807	4.41057	-52.8449	-499.23	70.4219	-51.1841	-506.136	4.07607	-53.6835	-506.978	71.1208	-51.9831	-513.864	5.18981	-54.7223	-502.07	71.8787	-53.1214	-509.026	0.216734	-0.202165	0.955069	0.150756	-0.226417	0.962293	0.216734	0.0519139	0.974849	0.150756	0.0303579	0.988105	0.216734	0.0519139	0.974849	0.150756	0.0303579	0.988105	12.5344	2.97578	8.6748	1.73964	12.5344	2.97578	8.6748	1.73964	229.081	101.311	265.286	91.079	1278	565.196	1479.98	508.111	1382.77	531.746	1	1	1
"
 tid_11384_time_14:20:41:69 DPETW@ "GAZE_LOG_CALI: 626.716	236.839	622.923	244.761	959.832	248.291	954.59	256.597	180.602	240.612	177.834	248.612	519.474	252.269	515.074	260.455	
22.4677	-268.427	354.246	-256.632	-489.866	-261.548	-152.537	-249.667	26.262	-276.353	359.492	-264.944	-487.097	-269.549	-148.137	-257.854	4.4059	-52.8655	-499.23	70.4115	-51.1946	-506.107	4.07133	-53.7044	-506.977	71.1103	-51.9937	-513.834	5.17877	-54.7411	-502.082	71.8753	-53.1496	-509.094	0.216112	-0.202303	0.95518	0.154887	-0.234025	0.959814	0.216112	0.0518091	0.974993	0.154887	0.0223676	0.987679	0.216112	0.0518091	0.974993	0.154887	0.0223676	0.987679	12.4978	2.96977	8.91251	1.28168	12.4978	2.96977	8.91251	1.28168	228.768	101.238	267.244	87.3221	1276.25	564.788	1490.9	487.153	1388.6	519.405	1	1	1
"
 tid_11384_time_14:20:41:91 DPETW@ "GAZE_LOG_CALI: 626.832	236.754	623.096	244.654	959.932	248.285	954.682	256.493	180.711	240.514	177.933	248.473	519.524	252.118	515.183	260.343	
22.6408	-268.534	354.338	-256.737	-489.766	-261.687	-152.428	-249.779	26.3772	-276.438	359.592	-264.949	-486.989	-269.648	-148.087	-258.005	4.43888	-52.8824	-499.161	70.4326	-51.2187	-506.131	4.10478	-53.7217	-506.908	71.1316	-52.0181	-513.859	5.20142	-54.7586	-502.076	71.8881	-53.1594	-509.038	0.216638	-0.204834	0.954521	0.15095	-0.227738	0.961951	0.216638	0.0491936	0.975012	0.15095	0.028993	0.988116	0.216638	0.0491936	0.975012	0.15095	0.028993	0.988116	12.527	2.81972	8.68564	1.66141	12.527	2.81972	8.68564	1.66141	229.031	100.008	265.384	90.404	1277.72	557.923	1480.53	504.346	1383.37	525.565	1	1	1
"
 tid_11384_time_14:20:41:113 DPETW@ "GAZE_LOG_CALI: 627.03	236.785	623.241	244.632	960.098	248.346	954.843	256.562	180.855	240.564	178.172	248.515	519.696	252.177	515.325	260.449	
22.7856	-268.556	354.499	-256.668	-489.527	-261.645	-152.286	-249.673	26.5758	-276.407	359.758	-264.889	-486.845	-269.597	-147.915	-257.946	4.46778	-52.8908	-499.259	70.4618	-51.1991	-506.11	4.1342	-53.7301	-507.006	71.1614	-51.9982	-513.837	5.24007	-54.7446	-502.022	71.9222	-53.1483	-509.046	0.212445	-0.194898	0.957539	0.152586	-0.230646	0.960999	0.212445	0.0595723	0.975355	0.152586	0.025938	0.98795	0.212445	0.0595723	0.975355	0.152586	0.025938	0.98795	12.2878	3.41526	8.77982	1.4863	12.2878	3.41526	8.77982	1.4863	227.078	104.841	266.194	88.9935	1266.82	584.886	1485.04	496.477	1379.16	536.492	1	1	1
"
 tid_11384_time_14:20:41:135 DPETW@ "GAZE_LOG_CALI: 627.193	236.899	623.388	244.732	960.126	248.638	955.011	256.879	181.105	240.626	178.37	248.575	519.859	252.5	515.514	260.731	
22.9332	-268.457	354.668	-256.351	-489.329	-261.584	-152.097	-249.391	26.7389	-276.293	359.786	-264.596	-486.594	-269.535	-147.752	-257.622	4.49739	-52.8802	-499.308	70.4982	-51.1413	-506.129	4.16432	-53.7192	-507.055	71.1983	-51.9396	-513.857	5.27309	-54.7368	-502.11	71.9474	-53.1011	-509.186	0.214508	-0.196869	0.956676	0.153803	-0.238481	0.958891	0.214508	0.0574447	0.975031	0.153803	0.0178247	0.987941	0.214508	0.0574447	0.975031	0.153803	0.0178247	0.987941	12.4075	3.29315	8.84881	1.02133	12.4075	3.29315	8.84881	1.02133	228.12	103.852	266.809	85.2296	1272.64	579.371	1488.47	475.479	1385.22	521.29	1	1	1
"
 tid_11384_time_14:20:41:157 DPETW@ "GAZE_LOG_CALI: 627.283	236.854	623.417	244.703	960.198	248.775	955.07	256.994	181.177	240.596	178.407	248.533	519.979	252.591	515.603	260.817	
22.9617	-268.485	354.726	-256.236	-489.292	-261.626	-152.008	-249.305	26.8291	-276.338	359.859	-264.46	-486.522	-269.565	-147.632	-257.531	4.50287	-52.8883	-499.319	70.5143	-51.1245	-506.161	4.16989	-53.7274	-507.066	71.2146	-51.9224	-513.889	5.29111	-54.7418	-502.088	71.9686	-53.0829	-509.23	0.215515	-0.194992	0.956834	0.155158	-0.238809	0.958591	0.215515	0.0592993	0.974698	0.155158	0.0174302	0.987736	0.215515	0.0592993	0.974698	0.155158	0.0174302	0.987736	12.468	3.39959	8.92731	0.99873	12.468	3.39959	8.92731	0.99873	228.635	104.722	267.483	85.0547	1275.51	584.224	1492.23	474.503	1388.63	523.184	1	1	1
"
 tid_11384_time_14:20:41:179 DPETW@ "GAZE_LOG_CALI: 627.262	236.756	623.409	244.59	960.178	248.739	955.01	256.975	181.305	240.541	178.462	248.497	519.987	252.606	515.598	260.795	
22.9535	-268.599	354.666	-256.255	-489.238	-261.662	-152.013	-249.327	26.8079	-276.435	359.838	-264.496	-486.394	-269.62	-147.624	-257.516	4.50179	-52.9095	-499.381	70.5103	-51.1345	-506.22	4.16884	-53.7489	-507.128	71.2105	-51.9326	-513.948	5.28842	-54.773	-502.237	71.9687	-53.0882	-509.262	0.218604	-0.199974	0.955103	0.155197	-0.236542	0.959146	0.218604	0.0540387	0.974316	0.155197	0.0197629	0.987686	0.218604	0.0540387	0.974316	0.155197	0.0197629	0.987686	12.6459	3.0977	8.93001	1.13241	12.6459	3.0977	8.93001	1.13241	230.137	102.228	267.51	86.1288	1283.89	570.309	1492.38	480.495	1393.55	518.383	1	1	1
"
 tid_11384_time_14:20:41:201 DPETW@ "GAZE_LOG_CALI: 627.274	236.679	623.411	244.604	960.171	248.658	954.975	256.911	181.356	240.458	178.559	248.459	519.995	252.561	515.653	260.733	
22.9563	-268.584	354.631	-256.319	-489.141	-261.7	-151.958	-249.389	26.8202	-276.513	359.831	-264.577	-486.343	-269.703	-147.616	-257.561	4.50381	-52.9211	-499.468	70.5164	-51.1566	-506.315	4.17095	-53.7605	-507.216	71.2165	-51.9548	-514.042	5.29084	-54.7936	-502.28	71.9695	-53.1026	-509.278	0.216794	-0.199999	0.955511	0.151889	-0.231521	0.960899	0.216794	0.0541203	0.974716	0.151889	0.0250671	0.98808	0.216794	0.0541203	0.974716	0.151889	0.0250671	0.98808	12.5394	3.10238	8.73919	1.43639	12.5394	3.10238	8.73919	1.43639	229.265	102.226	265.943	88.5767	1279.02	570.301	1483.64	494.152	1385.66	526.602	1	1	1
"
 tid_11384_time_14:20:41:223 DPETW@ "GAZE_LOG_CALI: 627.361	236.817	623.484	244.665	960.279	248.66	955.046	256.969	181.564	240.56	178.747	248.476	520.185	252.582	515.715	260.766	
23.0295	-268.523	354.702	-256.261	-488.952	-261.683	-151.896	-249.355	26.9069	-276.375	359.94	-264.574	-486.135	-269.601	-147.426	-257.541	4.51895	-52.926	-499.587	70.5291	-51.1461	-506.302	4.18641	-53.7653	-507.335	71.2294	-51.9442	-514.029	5.30927	-54.783	-502.401	72.003	-53.1089	-509.361	0.217559	-0.197195	0.955919	0.15875	-0.239015	0.957951	0.217559	0.056934	0.974385	0.15875	0.0170653	0.987171	0.217559	0.056934	0.974385	0.15875	0.0170653	0.987171	12.5865	3.26384	9.13569	0.977816	12.5865	3.26384	9.13569	0.977816	229.7	103.528	269.252	84.8324	1281.45	577.564	1502.1	473.263	1397.48	518.086	1	1	1
"
 tid_11384_time_14:20:41:245 DPETW@ "GAZE_LOG_CALI: 627.457	236.79	623.647	244.658	960.385	248.6	955.166	256.902	181.717	240.54	179.016	248.463	520.362	252.505	515.864	260.729	
23.1919	-268.531	354.822	-256.328	-488.683	-261.696	-151.747	-249.393	27.0029	-276.402	360.046	-264.634	-485.982	-269.621	-147.249	-257.618	4.55172	-52.9395	-499.696	70.5571	-51.1594	-506.33	4.21977	-53.7788	-507.444	71.2578	-51.9576	-514.057	5.32887	-54.7937	-502.458	72.0346	-53.13	-509.432	0.212962	-0.194887	0.957427	0.16069	-0.242525	0.956745	0.212962	0.0595535	0.975244	0.16069	0.0133627	0.986914	0.212962	0.0595535	0.975244	0.16069	0.0133627	0.986914	12.3182	3.41419	9.24778	0.765648	12.3182	3.41419	9.24778	0.765648	227.507	104.7	270.217	83.0704	1269.22	584.1	1507.49	463.433	1393.93	516.528	1	1	1
"
 tid_11384_time_14:20:41:267 DPETW@ "GAZE_LOG_CALI: 627.587	236.529	623.698	244.36	960.372	248.356	955.14	256.57	181.808	240.215	179.121	248.209	520.37	252.13	515.988	260.394	
23.2431	-268.829	354.796	-256.66	-488.579	-261.95	-151.622	-249.728	27.1331	-276.663	360.033	-264.878	-485.891	-269.946	-147.241	-257.993	4.562	-52.9996	-499.752	70.5735	-51.2414	-506.484	4.23026	-53.8398	-507.5	71.2742	-52.0406	-514.211	5.35416	-54.8477	-502.421	72.0354	-53.1949	-509.459	0.212119	-0.190228	0.958551	0.15378	-0.233206	0.960191	0.212119	0.0643452	0.975123	0.15378	0.023256	0.987831	0.212119	0.0643452	0.975123	0.15378	0.023256	0.987831	12.2724	3.68925	8.84847	1.33259	12.2724	3.68925	8.84847	1.33259	227.142	106.883	266.931	87.6039	1267.18	596.281	1489.16	488.724	1381.41	538.337	1	1	1
"
 tid_11384_time_14:20:41:289 DPETW@ "GAZE_LOG_CALI: 627.654	236.123	623.837	244.055	960.43	247.975	955.203	256.227	181.856	239.921	179.159	247.844	520.442	251.888	516.047	260.064	
23.3825	-269.134	354.859	-257.003	-488.54	-262.315	-151.564	-250.058	27.1998	-277.07	360.091	-265.259	-485.843	-270.24	-147.168	-258.235	4.58914	-53.0541	-499.644	70.5857	-51.3088	-506.487	4.25776	-53.8953	-507.392	71.2866	-52.1091	-514.214	5.36686	-54.9151	-502.404	72.0491	-53.2589	-509.475	0.212858	-0.195722	0.95728	0.154462	-0.232951	0.960144	0.212858	0.0587096	0.975318	0.154462	0.0234902	0.98772	0.212858	0.0587096	0.975318	0.154462	0.0234902	0.98772	12.3115	3.36575	8.88806	1.34601	12.3115	3.36575	8.88806	1.34601	227.471	104.198	267.27	87.6482	1269.01	581.297	1491.05	488.972	1384.02	529.962	1	1	1
"
 tid_11384_time_14:20:41:311 DPETW@ "GAZE_LOG_CALI: 627.825	235.961	624.111	243.806	960.784	247.884	955.431	256.082	182.024	239.702	179.28	247.615	520.531	251.743	516.164	259.887	
23.6562	-269.383	355.088	-257.148	-488.419	-262.544	-151.447	-250.235	27.3712	-277.232	360.445	-265.351	-485.675	-270.459	-147.08	-258.379	4.64082	-53.0859	-499.501	70.6152	-51.3288	-506.368	4.31016	-53.9278	-507.248	71.3167	-52.1296	-514.095	5.40107	-54.952	-502.397	72.0815	-53.254	-509.201	0.214885	-0.201738	0.955576	0.15057	-0.221359	0.963498	0.214885	0.0524578	0.97523	0.15057	0.0355554	0.98796	0.214885	0.0524578	0.975229	0.15057	0.0355554	0.98796	12.4262	3.00699	8.66545	2.03761	12.4262	3.00699	8.66545	2.03761	228.452	101.262	265.432	93.3313	1274.49	564.92	1480.79	520.677	1380.82	538.709	1	1	1
"
 tid_11384_time_14:20:41:333 DPETW@ "GAZE_LOG_CALI: 628.94	236.275	624.895	244.047	961.323	248.435	955.909	256.472	183.059	240.052	180.057	247.738	521.293	252.3	516.637	260.312	
24.4405	-269.142	355.565	-256.758	-487.642	-262.421	-150.973	-249.809	28.4865	-276.917	360.984	-264.8	-484.639	-270.109	-146.318	-257.823	4.79498	-53.0493	-499.493	70.7098	-51.2474	-506.367	4.46674	-53.8906	-507.24	71.4128	-52.0469	-514.094	5.62019	-54.8779	-502.321	72.222	-53.1671	-509.432	0.224049	-0.191784	0.955522	0.166401	-0.230359	0.958773	0.224049	0.0620584	0.9726	0.166401	0.0256394	0.985725	0.224049	0.0620584	0.9726	0.166401	0.0256394	0.985725	12.9724	3.55797	9.58184	1.46919	12.9724	3.55797	9.58184	1.46919	233.195	105.886	273.16	88.7729	1300.95	590.716	1523.9	495.246	1418.33	535.974	1	1	1
"
 tid_11384_time_14:20:41:355 DPETW@ "GAZE_LOG_CALI: 628.965	236.317	625.093	244.224	961.59	248.709	956.182	256.853	182.981	240.139	180.064	248	521.307	252.574	516.858	260.606	
24.6378	-268.964	355.839	-256.377	-487.634	-262.159	-150.752	-249.516	28.511	-276.875	361.251	-264.526	-484.717	-270.022	-146.304	-257.549	4.83182	-52.9859	-499.303	70.757	-51.1752	-506.318	4.50403	-53.8266	-507.05	71.4608	-51.9736	-514.045	5.62374	-54.8542	-502.221	72.2387	-53.0851	-509.173	0.221151	-0.202963	0.953886	0.153797	-0.21977	0.963352	0.221151	0.0508371	0.973914	0.153797	0.0370522	0.987408	0.221151	0.0508371	0.973914	0.153797	0.0370522	0.987408	12.7934	2.91401	8.85315	2.12342	12.7934	2.91401	8.85315	2.12342	231.69	100.674	267.134	94.2088	1292.55	561.638	1490.29	525.572	1395.56	538.461	1	1	1
"
 tid_11384_time_14:20:41:377 DPETW@ "GAZE_LOG_CALI: 629.186	236.566	625.307	244.395	961.812	248.997	956.45	257.063	183.119	240.352	180.202	248.177	521.483	252.89	517.057	260.876	
24.8521	-268.794	356.107	-256.167	-487.497	-261.982	-150.553	-249.246	28.7319	-276.626	361.474	-264.237	-484.579	-269.809	-146.128	-257.233	4.87307	-52.9436	-499.227	70.8002	-51.1197	-506.242	4.54588	-53.7838	-506.974	71.5048	-51.9174	-513.969	5.66644	-54.7995	-502.138	72.2765	-53.0197	-509.126	0.221123	-0.200427	0.954428	0.153551	-0.219322	0.963494	0.221123	0.0534266	0.973781	0.153551	0.0375219	0.987428	0.221123	0.0534266	0.973781	0.153551	0.0375219	0.987428	12.7936	3.06258	8.83906	2.15035	12.7936	3.06258	8.83906	2.15035	231.719	101.952	267.052	94.5013	1292.71	568.767	1489.83	527.204	1395.03	543.349	1	1	1
"
 tid_11384_time_14:20:41:399 DPETW@ "GAZE_LOG_CALI: 629.334	236.521	625.333	244.4	961.898	249.106	956.639	257.168	183.294	240.294	180.308	248.181	521.618	252.968	517.176	260.97	
24.8784	-268.789	356.296	-256.062	-487.391	-261.978	-150.435	-249.151	28.8801	-276.671	361.559	-264.128	-484.404	-269.867	-145.992	-257.155	4.87884	-52.9514	-499.308	70.8279	-51.0929	-506.174	4.55179	-53.7915	-507.056	71.533	-51.8903	-513.901	5.6961	-54.8125	-502.164	72.3008	-53.006	-509.175	0.223215	-0.199167	0.954205	0.156181	-0.226949	0.961302	0.223215	0.0545864	0.97324	0.156181	0.0295875	0.987285	0.223215	0.0545864	0.97324	0.156181	0.0295875	0.987285	12.9175	3.12912	8.98928	1.69548	12.9175	3.12912	8.98928	1.69548	232.784	102.487	268.32	90.81	1298.65	571.752	1496.9	506.611	1402.79	532.989	1	1	1
"
 tid_11384_time_14:20:41:420 DPETW@ "GAZE_LOG_CALI: 629.448	236.433	625.464	244.304	962.188	249.172	956.822	257.266	183.555	240.231	180.562	248.167	521.884	253.039	517.39	261.105	
25.009	-268.885	356.479	-255.964	-487.136	-261.992	-150.221	-249.017	28.9943	-276.759	361.849	-264.063	-484.143	-269.929	-145.727	-257.083	4.90552	-52.9754	-499.433	70.8686	-51.0726	-506.202	4.57898	-53.8157	-507.181	71.5744	-51.8696	-513.929	5.72	-54.8438	-502.314	72.3554	-52.9899	-509.153	0.223584	-0.201451	0.953639	0.157221	-0.225506	0.961472	0.223584	0.052233	0.973284	0.157221	0.0310253	0.987076	0.223584	0.052233	0.973284	0.157221	0.0310253	0.987076	12.9376	2.99409	9.05005	1.77791	12.9376	2.99409	9.05005	1.77791	233.006	101.329	268.872	91.5037	1299.9	565.295	1499.98	510.481	1405.24	531.361	1	1	1
"
 tid_11384_time_14:20:41:442 DPETW@ "GAZE_LOG_CALI: 629.791	236.46	625.81	244.35	962.535	249.384	957.126	257.525	184.017	240.283	181.077	248.169	522.264	253.23	517.784	261.313	
25.3553	-268.838	356.783	-255.705	-486.621	-261.99	-149.827	-248.809	29.3371	-276.732	362.197	-263.851	-483.681	-269.878	-145.347	-256.893	4.97548	-52.9882	-499.6	70.9422	-51.0353	-506.295	4.65016	-53.8284	-507.348	71.649	-51.8316	-514.022	5.78896	-54.849	-502.434	72.43	-52.9533	-509.189	0.221311	-0.19834	0.954821	0.155525	-0.223368	0.962247	0.221311	0.0555435	0.97362	0.155525	0.0332913	0.987271	0.221311	0.0555435	0.97362	0.155525	0.0332913	0.987271	12.8062	3.18405	8.95222	1.9078	12.8062	3.18405	8.95222	1.9078	232.008	102.831	268.148	92.5838	1294.33	573.673	1495.95	516.507	1399.44	539.801	1	1	1
"
 tid_11384_time_14:20:41:465 DPETW@ "GAZE_LOG_CALI: 630.404	236.609	626.402	244.444	963.056	249.739	957.692	257.859	184.767	240.369	181.82	248.248	522.893	253.632	518.373	261.571	
25.9476	-268.745	357.349	-255.371	-485.877	-261.91	-149.237	-248.55	29.9503	-276.583	362.718	-263.495	-482.93	-269.792	-144.718	-256.49	5.09315	-52.9875	-499.755	71.0585	-50.9791	-506.323	4.76979	-53.8274	-507.503	71.767	-51.7745	-514.05	5.91171	-54.8407	-502.573	72.5501	-52.889	-509.303	0.22126	-0.196331	0.955248	0.158557	-0.225661	0.961216	0.22126	0.0575951	0.973513	0.158557	0.0308091	0.986869	0.22126	0.0575951	0.973513	0.158557	0.0308091	0.986869	12.8047	3.30178	9.12749	1.76551	12.8047	3.30178	9.12749	1.76551	232.149	103.769	269.731	91.4699	1295.11	578.904	1504.78	510.292	1404.67	538.847	1	1	1
"
 tid_11384_time_14:20:41:487 DPETW@ "GAZE_LOG_CALI: 630.801	236.472	626.798	244.282	963.374	249.814	958.066	257.981	185.44	240.13	182.533	247.953	523.597	253.675	519.021	261.693	
26.3432	-268.907	357.724	-255.249	-485.165	-262.206	-148.59	-248.428	30.3476	-276.72	363.036	-263.42	-482.257	-270.031	-144.013	-256.447	5.17411	-53.0664	-500.075	71.1728	-50.9832	-506.608	4.85225	-53.907	-507.823	71.8827	-51.7782	-514.334	5.99356	-54.908	-502.849	72.6703	-52.9177	-509.695	0.21945	-0.192457	0.956453	0.162692	-0.235372	0.958192	0.21945	0.0616491	0.973674	0.162692	0.0206464	0.986461	0.21945	0.061649	0.973674	0.162692	0.0206464	0.986461	12.7013	3.53447	9.36518	1.18303	12.7013	3.53447	9.36518	1.18303	231.428	105.53	271.872	86.6143	1291.09	588.73	1516.72	483.204	1409.69	528.873	1	1	1
"
 tid_11384_time_14:20:41:509 DPETW@ "GAZE_LOG_CALI: 631.104	235.865	627.246	243.607	963.663	249.484	958.328	257.703	185.959	239.642	182.999	247.444	523.781	253.343	519.357	261.436	
26.7915	-269.582	357.986	-255.527	-484.698	-262.715	-148.253	-248.686	30.6503	-277.327	363.325	-263.751	-481.738	-270.519	-143.83	-256.779	5.26247	-53.1847	-500.093	71.2361	-51.0447	-506.688	4.94202	-54.0272	-507.841	71.9469	-51.8405	-514.415	6.05619	-55.0397	-503.063	72.7131	-52.9734	-509.591	0.222433	-0.202124	0.953766	0.152827	-0.225956	0.962075	0.222433	0.051616	0.973581	0.152827	0.0307468	0.987774	0.222433	0.051616	0.973581	0.152827	0.0307468	0.987774	12.8694	2.9587	8.795	1.76194	12.8694	2.9587	8.795	1.76194	232.929	100.687	267.198	91.2795	1299.46	561.714	1490.64	509.23	1400.16	529.077	1	1	1
"
 tid_11384_time_14:20:41:531 DPETW@ "GAZE_LOG_CALI: 631.252	235.195	627.363	243.072	963.723	249.175	958.381	257.276	186.319	239.002	183.387	246.747	524.034	253.058	519.584	261.119	
26.9083	-270.118	358.039	-255.954	-484.31	-263.412	-148.026	-249.002	30.7982	-277.998	363.385	-264.06	-481.379	-271.159	-143.577	-257.064	5.28821	-53.3354	-500.37	71.272	-51.1373	-506.871	4.96836	-54.1798	-508.117	71.983	-51.9342	-514.598	6.08786	-55.1927	-503.277	72.7535	-53.0537	-509.791	0.220789	-0.199762	0.954645	0.15423	-0.224102	0.962285	0.220789	0.0541254	0.973819	0.15423	0.0325917	0.987497	0.220789	0.0541254	0.973819	0.15423	0.0325917	0.987497	12.7744	3.10267	8.87692	1.8677	12.7744	3.10267	8.87692	1.8677	232.207	101.656	267.939	92.0201	1295.44	567.12	1494.78	513.362	1399.82	534.399	1	1	1
"
 tid_11384_time_14:20:41:553 DPETW@ "GAZE_LOG_CALI: 631.508	234.767	627.497	242.506	963.88	248.937	958.49	256.995	186.71	238.505	183.706	246.353	524.376	252.815	519.879	260.827	
27.0425	-270.683	358.148	-256.236	-483.991	-263.807	-147.731	-249.294	31.0545	-278.426	363.543	-264.298	-480.987	-271.656	-143.235	-257.308	5.31623	-53.4499	-500.558	71.3205	-51.213	-507.056	4.99696	-54.2957	-508.305	72.032	-52.0108	-514.782	6.14007	-55.2996	-503.417	72.8122	-53.1217	-509.98	0.22328	-0.196087	0.954828	0.156352	-0.222635	0.962283	0.22328	0.0577225	0.973044	0.156352	0.0340086	0.987116	0.22328	0.0577225	0.973044	0.156352	0.0340086	0.987116	12.9237	3.3091	9.00045	1.94892	12.9237	3.3091	9.00045	1.94892	233.527	103.22	269.041	92.5779	1302.8	575.846	1500.93	516.474	1406.61	540.423	1	1	1
"
 tid_11384_time_14:20:41:575 DPETW@ "GAZE_LOG_CALI: 631.609	234.323	627.63	242.127	963.788	248.763	958.475	256.889	187.054	238.125	184.185	245.927	524.528	252.633	520.084	260.642	
27.1759	-271.063	358.133	-256.341	-483.512	-264.232	-147.526	-249.479	31.1551	-278.871	363.45	-264.472	-480.643	-272.036	-143.083	-257.489	5.34615	-53.5665	-500.907	71.3496	-51.2651	-507.284	5.02759	-54.4136	-508.655	72.0612	-52.0633	-515.011	6.16301	-55.408	-503.66	72.8295	-53.1832	-510.229	0.217596	-0.190567	0.957254	0.154542	-0.225283	0.961959	0.217596	0.0636818	0.973959	0.154542	0.0313662	0.987488	0.217596	0.0636818	0.973959	0.154542	0.0313662	0.987488	12.5938	3.65117	8.89464	1.79745	12.5938	3.65117	8.89464	1.79745	230.85	105.818	268.222	91.2226	1287.87	590.335	1496.36	508.913	1395.8	545.1	1	1	1
"
 tid_11384_time_14:20:41:597 DPETW@ "GAZE_LOG_CALI: 631.402	234.222	627.487	241.994	963.516	248.738	958.123	256.86	187.026	238.002	184.157	245.749	524.455	252.653	519.911	260.642	
27.0331	-271.196	357.781	-256.37	-483.54	-264.411	-147.7	-249.48	30.9483	-278.971	363.179	-264.497	-480.671	-272.159	-143.155	-257.47	5.31946	-53.6093	-501.021	71.3051	-51.2864	-507.467	5.00055	-54.4569	-508.768	72.0158	-52.0846	-515.193	6.12419	-55.4498	-503.839	72.8042	-53.2052	-510.435	0.218082	-0.192712	0.956714	0.159249	-0.226328	0.960945	0.218082	0.0614706	0.973992	0.159249	0.0300946	0.98678	0.218082	0.0614706	0.973993	0.159249	0.0300946	0.98678	12.6207	3.52423	9.16749	1.72456	12.6207	3.52423	9.16749	1.72456	231.071	104.709	270.478	90.5704	1289.1	584.152	1508.94	505.274	1403.66	539.053	1	1	1
"
 tid_11384_time_14:20:41:619 DPETW@ "GAZE_LOG_CALI: 631.029	234.123	627.22	241.876	963.089	248.694	957.741	256.818	186.857	237.917	184.027	245.666	524.164	252.596	519.599	260.554	
26.766	-271.314	357.399	-256.412	-483.67	-264.493	-148.011	-249.568	30.575	-279.071	362.752	-264.541	-480.84	-272.244	-143.446	-257.527	5.26882	-53.6432	-501.153	71.2391	-51.3068	-507.54	4.9492	-54.4911	-508.9	71.9487	-52.1053	-515.267	6.05277	-55.4904	-504.042	72.7384	-53.23	-510.575	0.217204	-0.196693	0.956104	0.161552	-0.230053	0.959675	0.217204	0.0574674	0.974433	0.161552	0.0261678	0.986517	0.217204	0.0574674	0.974433	0.161552	0.0261678	0.986517	12.566	3.29445	9.30019	1.49948	12.566	3.29445	9.30019	1.49948	230.586	102.75	271.53	88.6821	1286.39	573.22	1514.81	494.74	1406.29	526.933	1	1	1
"
 tid_11384_time_14:20:41:641 DPETW@ "GAZE_LOG_CALI: 630.102	234.082	626.273	241.807	962.034	248.732	956.728	256.846	186.26	237.875	183.34	245.544	523.345	252.625	518.947	260.641	
25.8182	-271.383	356.386	-256.384	-484.358	-264.615	-148.663	-249.48	29.648	-279.111	361.696	-264.503	-481.438	-272.286	-144.266	-257.497	5.08479	-53.69	-501.414	71.0888	-51.3327	-507.91	4.76246	-54.5381	-509.161	71.7955	-52.131	-515.637	5.87299	-55.5349	-504.372	72.5609	-53.2485	-510.818	0.221392	-0.19871	0.954725	0.152899	-0.223265	0.962691	0.221392	0.0551617	0.973623	0.152899	0.0335053	0.987674	0.221392	0.0551617	0.973623	0.152899	0.0335053	0.987674	12.8107	3.16214	8.79994	1.92007	12.8107	3.16214	8.79994	1.92007	232.515	101.585	267.259	92.0212	1297.15	566.724	1490.98	513.368	1398.71	534.269	1	1	1
"
 tid_11384_time_14:20:41:663 DPETW@ "GAZE_LOG_CALI: 629.633	234.125	625.744	241.928	961.52	248.833	956.133	256.921	185.913	237.972	183.105	245.651	522.931	252.745	518.46	260.687	
25.2889	-271.262	355.79	-256.309	-484.593	-264.508	-149.151	-249.435	29.1788	-279.068	361.181	-264.401	-481.784	-272.189	-144.68	-257.377	4.98328	-53.6993	-501.712	70.9853	-51.3317	-508.019	4.65954	-54.5471	-509.459	71.6903	-52.1298	-515.746	5.7815	-55.5343	-504.492	72.4718	-53.2364	-510.915	0.216327	-0.190358	0.957584	0.15576	-0.220528	0.962864	0.216327	0.0639692	0.974223	0.15576	0.0361937	0.987132	0.216327	0.0639692	0.974223	0.15576	0.0361937	0.987132	12.5195	3.66767	8.96681	2.0742	12.5195	3.66767	8.96681	2.0742	230.022	105.657	268.562	93.2768	1283.24	589.437	1498.25	520.373	1393.89	551.076	1	1	1
"
 tid_11384_time_14:20:41:686 DPETW@ "GAZE_LOG_CALI: 628.706	234.342	624.794	242.166	960.456	249.078	955.173	257.02	185.245	238.154	182.391	245.9	522.138	252.942	517.648	260.909	
24.3397	-271.024	354.83	-256.21	-485.307	-264.259	-149.963	-249.213	28.2522	-278.851	360.117	-264.157	-482.453	-272.007	-145.473	-257.181	4.79851	-53.6762	-501.945	70.8143	-51.3148	-508.169	4.47203	-54.5232	-509.692	71.5165	-52.1124	-515.896	5.60099	-55.5226	-504.746	72.2974	-53.2212	-511.195	0.218337	-0.193271	0.956543	0.159607	-0.226615	0.960818	0.218337	0.0608863	0.973972	0.159607	0.0297844	0.986731	0.218337	0.0608863	0.973972	0.159607	0.0297844	0.986731	12.6352	3.49069	9.18818	1.70677	12.6352	3.49069	9.18818	1.70677	230.861	104.186	270.26	90.236	1287.93	581.233	1507.73	503.409	1402.58	536.488	1	1	1
"
 tid_11384_time_14:20:41:707 DPETW@ "GAZE_LOG_CALI: 627.691	234.383	623.909	242.206	959.465	249.064	954.113	257.024	184.726	238.184	181.83	245.967	521.287	252.939	516.944	260.914	
23.4536	-270.983	353.769	-256.206	-485.868	-264.193	-150.667	-249.207	27.2369	-278.81	359.125	-264.17	-482.972	-271.978	-146.324	-257.184	4.62661	-53.7007	-502.273	70.6536	-51.3509	-508.537	4.29765	-54.5475	-510.02	71.3527	-52.1486	-516.265	5.40497	-55.5702	-505.243	72.1181	-53.2373	-511.333	0.221075	-0.204184	0.953643	0.14984	-0.213132	0.965465	0.221075	0.0495946	0.973995	0.14984	0.0440107	0.98773	0.221075	0.0495946	0.973995	0.14984	0.0440107	0.98773	12.7882	2.84273	8.62608	2.52244	12.7882	2.84273	8.62608	2.52244	232.048	98.7594	265.459	96.8283	1294.55	550.959	1480.94	540.186	1391.44	540.959	1	1	1
"
 tid_11384_time_14:20:41:729 DPETW@ "GAZE_LOG_CALI: 626.97	234.2	623.185	242.07	958.671	248.871	953.307	256.916	184.173	238.016	181.293	245.679	520.682	252.739	516.286	260.659	
22.7298	-271.119	352.962	-256.313	-486.406	-264.48	-151.325	-249.463	26.5154	-278.993	358.33	-264.363	-483.525	-272.146	-146.929	-257.383	4.48573	-53.7625	-502.459	70.5133	-51.4022	-508.684	4.15469	-54.61	-510.206	71.2102	-52.2004	-516.412	5.26356	-55.6237	-505.411	71.9858	-53.2973	-511.53	0.220711	-0.201782	0.954238	0.153192	-0.216637	0.964158	0.220711	0.0520685	0.973948	0.153192	0.0402876	0.987375	0.220711	0.0520685	0.973948	0.153192	0.0402876	0.987375	12.7684	2.98465	8.81917	2.30893	12.7684	2.98465	8.81917	2.30893	231.775	99.8302	266.947	94.992	1293.03	556.933	1489.24	529.941	1395.26	538.297	1	1	1
"
 tid_11384_time_14:20:41:751 DPETW@ "GAZE_LOG_CALI: 626.252	234.089	622.39	241.866	957.787	248.685	952.475	256.771	183.719	237.908	180.8	245.557	520.102	252.547	515.632	260.452	
21.9352	-271.324	352.13	-256.459	-486.899	-264.603	-151.978	-249.669	25.7975	-279.104	357.446	-264.549	-483.979	-272.253	-147.509	-257.575	4.33171	-53.8269	-502.758	70.3723	-51.4557	-508.864	3.99846	-54.6749	-510.505	71.0667	-52.2545	-516.592	5.12363	-55.6745	-505.676	71.8518	-53.3676	-511.839	0.222459	-0.19765	0.954697	0.158791	-0.225111	0.961307	0.222459	0.0561788	0.973322	0.158791	0.0313641	0.986814	0.222459	0.0561788	0.973322	0.158791	0.0313641	0.986814	12.8742	3.2205	9.14129	1.79732	12.8742	3.2205	9.14129	1.79732	232.575	101.666	269.521	90.6847	1297.49	567.176	1503.6	505.912	1406.01	529.807	1	1	1
"
 tid_11384_time_14:20:41:773 DPETW@ "GAZE_LOG_CALI: 625.626	234.084	621.7	241.829	957.092	248.602	951.79	256.647	183.181	237.856	180.319	245.551	519.472	252.41	515.162	260.413	
21.2452	-271.36	351.444	-256.582	-487.38	-264.608	-152.449	-249.709	25.1711	-279.109	356.75	-264.632	-484.518	-272.306	-148.139	-257.712	4.19694	-53.8538	-502.971	70.2657	-51.4944	-509.086	3.86172	-54.7018	-510.718	70.9581	-52.2935	-516.814	4.99984	-55.6903	-505.766	71.721	-53.3962	-511.901	0.219884	-0.190967	0.956652	0.149787	-0.216519	0.96472	0.219884	0.0631393	0.97348	0.149787	0.0405469	0.987887	0.219884	0.0631393	0.973481	0.149787	0.0405469	0.987887	12.7281	3.62002	8.6217	2.32381	12.7281	3.62002	8.6217	2.32381	231.248	104.888	265.102	94.9257	1290.08	585.152	1478.95	529.571	1386.99	554.314	1	1	1
"
 tid_11384_time_14:20:41:795 DPETW@ "GAZE_LOG_CALI: 625.009	234.112	621.259	241.893	956.381	248.558	950.964	256.611	182.857	237.921	180.063	245.594	518.99	252.478	514.604	260.374	
20.8036	-271.297	350.618	-256.618	-487.636	-264.566	-153.007	-249.747	24.5542	-279.081	356.039	-264.676	-484.841	-272.241	-148.621	-257.645	4.11135	-53.8632	-503.157	70.1385	-51.53	-509.363	3.77493	-54.711	-510.903	70.8287	-52.3291	-517.092	4.8805	-55.7128	-506.056	71.6109	-53.4187	-512.139	0.218009	-0.197552	0.955743	0.152452	-0.212349	0.965229	0.218009	0.0565444	0.974307	0.152452	0.0447059	0.987299	0.218009	0.0565444	0.974307	0.152452	0.0447059	0.987299	12.6126	3.24148	8.77791	2.56231	12.6126	3.24148	8.77791	2.56231	230.224	101.696	266.317	96.8119	1284.38	567.343	1485.73	540.094	1387.87	550.233	1	1	1
"
 tid_11384_time_14:20:41:816 DPETW@ "GAZE_LOG_CALI: 624.853	234.157	621.065	241.91	956.133	248.53	950.768	256.561	182.79	237.982	179.974	245.62	518.843	252.378	514.466	260.368	
20.6098	-271.279	350.421	-256.669	-487.725	-264.54	-153.145	-249.754	24.3987	-279.036	355.791	-264.703	-484.909	-272.179	-148.768	-257.745	4.0741	-53.87	-503.261	70.1072	-51.5412	-509.419	3.73716	-54.7177	-511.007	70.7968	-52.3405	-517.147	4.8503	-55.7121	-506.146	71.5756	-53.4425	-512.243	0.218908	-0.195557	0.955948	0.153144	-0.216669	0.964158	0.218908	0.0585236	0.973989	0.153144	0.040256	0.987383	0.218908	0.0585236	0.973989	0.153144	0.040256	0.987384	12.667	3.35507	8.8164	2.30712	12.667	3.35507	8.8164	2.30712	230.668	102.615	266.615	94.6787	1286.85	572.466	1487.39	528.194	1390.37	546.301	3	1	1
"