
 tid_1820_time_16:4:57:637 DPETW@ "GAZE_LOG_CALI: 589.575	335.09	590.628	341.603	892.738	354.988	892.439	361.728	200.663	338.215	202.644	344.737	501.77	358.169	502.264	364.999	
-9.83166	-171.556	292.044	-151.451	-465.032	-165.396	-165.344	-145.113	-10.884	-178.07	292.344	-158.194	-467.015	-171.92	-165.838	-151.943	-2.17489	-38.2423	-563.381	64.4575	-33.6384	-561.998	-2.56323	-38.7803	-571.153	65.0057	-34.1125	-569.764	-2.41877	-39.8774	-566.066	64.8513	-35.3183	-564.853	0.0277522	-0.210759	0.977144	-0.0305184	-0.238341	0.970702	0.0277522	0.0493254	0.998397	-0.0305184	0.0210168	0.999313	0.0277522	0.0493254	0.998397	-0.0305184	0.0210168	0.999313	1.59223	2.82729	-1.74923	1.20426	1.59223	2.82729	-1.74923	1.20426	135.248	100.589	172.283	90.6012	754.521	561.166	961.131	505.446	857.826	533.306	1	0	0
"
 tid_1820_time_16:4:57:659 DPETW@ "GAZE_LOG_CALI: 589.646	334.659	590.776	341.087	892.938	354.181	892.554	360.943	200.911	337.838	202.862	344.23	501.971	357.328	502.568	364.087	
-9.68346	-172.072	292.159	-152.237	-464.815	-165.904	-165.04	-146.025	-10.8135	-178.5	292.544	-159.001	-466.767	-172.297	-165.637	-152.784	-2.1424	-38.3617	-563.47	64.5107	-33.8409	-562.243	-2.53021	-38.9013	-571.242	65.0595	-34.3176	-570.009	-2.4041	-39.9831	-566.292	64.896	-35.5016	-564.853	0.0248845	-0.213445	0.976638	-0.0308765	-0.223675	0.974174	0.0248845	0.0466005	0.998604	-0.0308765	0.0360813	0.998872	0.0248845	0.0466005	0.998604	-0.0308765	0.0360813	0.998872	1.42747	2.67098	-1.77053	2.06775	1.42747	2.67098	-1.77053	2.06775	133.776	99.0177	172.136	98.2441	746.31	552.4	960.314	548.084	853.312	550.242	1	0	0
"
 tid_1820_time_16:4:57:682 DPETW@ "GAZE_LOG_CALI: 589.227	335.231	590.247	341.724	892.549	354.57	892.247	361.404	200.463	338.365	202.373	344.869	501.514	357.854	501.992	364.696	
-10.2127	-171.434	291.852	-151.776	-465.304	-165.264	-165.616	-145.416	-11.2325	-177.929	292.155	-158.612	-467.215	-171.77	-166.094	-152.259	-2.2591	-38.2231	-563.511	64.4036	-33.702	-561.901	-2.64853	-38.7607	-571.283	64.9511	-34.1771	-569.667	-2.49737	-39.8582	-566.256	64.7996	-35.3948	-564.77	0.0293669	-0.213223	0.976562	-0.0300175	-0.241184	0.970015	0.0293669	0.0467948	0.998473	-0.0300175	0.0180927	0.999385	0.0293669	0.0467948	0.998473	-0.0300175	0.0180927	0.999386	1.68469	2.68212	-1.72042	1.03669	1.68469	2.68212	-1.72042	1.03669	136.012	99.2516	172.495	89.0299	758.784	553.705	962.315	496.68	860.55	525.192	1	0	0
"
 tid_1820_time_16:4:57:704 DPETW@ "GAZE_LOG_CALI: 588.698	335.364	589.817	341.956	891.864	354.847	891.622	361.589	199.953	338.562	201.847	344.985	501.01	358.038	501.661	364.87	
-10.6425	-171.202	291.227	-151.59	-465.83	-165.149	-165.947	-145.242	-11.7617	-177.796	291.469	-158.335	-467.725	-171.573	-166.598	-152.075	-2.35399	-38.1764	-563.39	64.3079	-33.6845	-562.273	-2.74483	-38.7135	-571.162	64.8538	-34.1591	-570.039	-2.61515	-39.823	-566.277	64.6733	-35.3574	-564.992	0.0258783	-0.221396	0.974841	-0.0347724	-0.230846	0.972369	0.0258783	0.0384551	0.998925	-0.0347724	0.0286873	0.998983	0.0258783	0.0384551	0.998925	-0.0347724	0.0286873	0.998983	1.48398	2.20386	-1.99353	1.64388	1.48398	2.20386	-1.99353	1.64388	134.077	94.9418	169.888	94.5143	747.991	529.661	947.772	527.277	847.882	528.469	1	0	0
"
 tid_1820_time_16:4:57:726 DPETW@ "GAZE_LOG_CALI: 588.171	335.354	589.282	341.858	891.512	354.619	891.268	361.418	199.526	338.516	201.447	344.946	500.589	357.839	501.06	364.73	
-11.1778	-171.3	290.872	-151.762	-466.23	-165.188	-166.547	-145.382	-12.2885	-177.806	291.118	-158.563	-468.152	-171.62	-167.019	-152.273	-2.47327	-38.2032	-563.561	64.1939	-33.7005	-561.963	-2.86566	-38.7405	-571.332	64.7385	-34.1756	-569.729	-2.73302	-39.8382	-566.403	64.5852	-35.3997	-564.908	0.0262569	-0.217293	0.975753	-0.0308035	-0.245967	0.968789	0.0262569	0.0426546	0.998745	-0.0308035	0.0131552	0.999439	0.0262569	0.0426546	0.998745	-0.0308035	0.0131552	0.999439	1.50595	2.44467	-1.76535	0.753758	1.50595	2.44467	-1.76535	0.753758	134.162	97.0833	171.87	86.4306	748.461	541.608	958.827	482.179	853.644	511.894	1	0	0
"
 tid_1820_time_16:4:57:748 DPETW@ "GAZE_LOG_CALI: 588.278	335.306	589.366	341.843	891.524	354.525	891.299	361.396	199.577	338.468	201.496	344.917	500.594	357.786	501.1	364.589	
-11.0929	-171.316	290.903	-151.784	-466.18	-165.217	-166.508	-145.523	-12.1818	-177.853	291.129	-158.656	-468.101	-171.667	-167.014	-152.327	-2.45433	-38.2052	-563.517	64.2019	-33.7187	-561.965	-2.84649	-38.7425	-571.289	64.7465	-34.1941	-569.731	-2.7087	-39.8436	-566.33	64.5868	-35.4154	-564.899	0.0271176	-0.216707	0.97586	-0.0320338	-0.244927	0.969012	0.0271176	0.0432482	0.998696	-0.0320338	0.0142171	0.999386	0.0271176	0.0432482	0.998696	-0.0320338	0.0142171	0.999386	1.55537	2.47871	-1.8359	0.814609	1.55537	2.47871	-1.8359	0.814609	134.632	97.4031	171.233	86.9686	751.082	543.392	955.274	485.18	853.178	514.286	1	0	0
"
 tid_1820_time_16:4:57:770 DPETW@ "GAZE_LOG_CALI: 588.61	335.549	589.75	342.04	891.932	354.729	891.605	361.566	199.908	338.717	201.843	345.126	500.97	357.99	501.615	364.803	
-10.709	-171.118	291.209	-151.614	-465.834	-165.007	-165.993	-145.31	-11.8496	-177.61	291.537	-158.452	-467.771	-171.418	-166.638	-152.122	-2.36899	-38.1567	-563.469	64.2997	-33.6919	-562.229	-2.75999	-38.6934	-571.241	64.8455	-34.1666	-569.995	-2.63488	-39.7887	-566.33	64.6729	-35.3676	-564.861	0.0248563	-0.217607	0.97572	-0.0327284	-0.227654	0.973192	0.0248563	0.042343	0.998794	-0.0327284	0.0319837	0.998952	0.0248563	0.042343	0.998794	-0.0327284	0.0319837	0.998952	1.42559	2.4268	-1.87649	1.83285	1.42559	2.4268	-1.87649	1.83285	133.53	96.9846	170.952	96.2454	744.939	541.058	953.708	536.934	849.324	538.996	1	0	0
"
 tid_1820_time_16:4:57:793 DPETW@ "GAZE_LOG_CALI: 588.838	335.875	589.911	342.273	892.184	355.021	891.85	361.83	200.096	339.003	201.917	345.333	501.195	358.246	501.759	364.972	
-10.5481	-170.885	291.455	-151.35	-465.76	-164.801	-165.849	-145.14	-11.6211	-177.285	291.79	-158.161	-467.582	-171.132	-166.413	-151.866	-2.33296	-38.1006	-563.359	64.3394	-33.6365	-562.104	-2.72354	-38.6366	-571.131	64.8859	-34.1106	-569.87	-2.58367	-39.7169	-566.278	64.7251	-35.3046	-564.826	0.0281211	-0.217215	0.975718	-0.031015	-0.230256	0.972636	0.0281211	0.0427205	0.998691	-0.031015	0.0293268	0.999089	0.0281211	0.0427205	0.998691	-0.031015	0.0293268	0.999089	1.61291	2.44845	-1.77808	1.68054	1.61291	2.44845	-1.77808	1.68054	135.277	97.2643	171.896	94.9342	754.685	542.618	958.974	529.619	856.829	536.119	1	0	0
"
 tid_1820_time_16:4:57:815 DPETW@ "GAZE_LOG_CALI: 588.793	335.591	589.842	342.057	892.112	354.831	891.768	361.646	199.97	338.803	201.88	345.186	501.099	358.095	501.677	364.876	
-10.617	-171.102	291.373	-151.534	-465.796	-164.948	-165.93	-145.236	-11.6669	-177.568	291.717	-158.35	-467.708	-171.332	-166.509	-152.018	-2.34858	-38.1438	-563.402	64.3214	-33.6677	-562.107	-2.73935	-38.6804	-571.174	64.8677	-34.1421	-569.873	-2.5938	-39.764	-566.18	64.7056	-35.3405	-564.795	0.0284693	-0.211963	0.976863	-0.0310521	-0.229567	0.972797	0.0284693	0.0480903	0.998437	-0.0310521	0.0300334	0.999066	0.0284693	0.0480903	0.998437	-0.0310521	0.0300334	0.999066	1.63328	2.75644	-1.78024	1.72105	1.63328	2.75644	-1.78024	1.72105	135.449	100.034	171.858	95.2733	755.641	558.067	958.763	531.51	857.202	544.789	1	0	0
"
 tid_1820_time_16:4:57:837 DPETW@ "GAZE_LOG_CALI: 588.538	335.106	589.661	341.697	891.743	354.337	891.602	361.234	199.74	338.361	201.705	344.823	500.822	357.576	501.37	364.331	
-10.7988	-171.462	291.207	-151.946	-465.971	-165.311	-166.237	-145.781	-11.9215	-178.053	291.348	-158.845	-467.939	-171.774	-166.785	-152.536	-2.38884	-38.2245	-563.411	64.2643	-33.7626	-561.923	-2.78016	-38.7623	-571.182	64.8099	-34.2386	-569.689	-2.65029	-39.8692	-566.207	64.6368	-35.4603	-564.908	0.0254733	-0.217125	0.975811	-0.0350422	-0.247445	0.968268	0.0254733	0.0428322	0.998757	-0.0350422	0.0115924	0.999319	0.0254733	0.0428322	0.998757	-0.0350422	0.0115924	0.999319	1.46101	2.45486	-2.00831	0.664209	1.46101	2.45486	-2.00831	0.664209	133.832	97.1875	169.722	85.5619	746.623	542.189	946.843	477.333	846.733	509.761	1	0	0
"
 tid_1820_time_16:4:57:859 DPETW@ "GAZE_LOG_CALI: 588.335	334.796	589.412	341.194	891.677	353.987	891.408	360.725	199.501	337.893	201.428	344.254	500.694	357.167	501.121	363.96	
-11.047	-171.965	291.012	-152.455	-466.249	-165.88	-166.487	-146.152	-12.1242	-178.364	291.283	-159.195	-468.178	-172.243	-166.914	-152.946	-2.44361	-38.3409	-563.374	64.2134	-33.8559	-561.856	-2.83572	-38.8803	-571.145	64.7583	-34.3332	-569.623	-2.69545	-39.9531	-566.166	64.6133	-35.5397	-564.828	0.0275259	-0.210528	0.9772	-0.0293245	-0.243942	0.969346	0.0275259	0.0495637	0.998392	-0.0293245	0.0152558	0.999454	0.0275259	0.0495637	0.998392	-0.0293245	0.0152558	0.999454	1.57926	2.84096	-1.68061	0.874126	1.57926	2.84096	-1.68061	0.874126	134.856	100.618	172.669	87.4034	752.335	561.326	963.283	487.606	857.809	524.466	1	0	0
"
 tid_1820_time_16:4:57:881 DPETW@ "GAZE_LOG_CALI: 588.325	334.834	589.359	341.245	891.683	354	891.388	360.757	199.492	337.999	201.391	344.325	500.675	357.185	501.101	364.011	
-11.1001	-171.914	290.992	-152.423	-466.286	-165.809	-166.507	-146.101	-12.1344	-178.326	291.289	-159.181	-468.186	-172.137	-166.933	-152.927	-2.45547	-38.3287	-563.394	64.209	-33.8468	-561.857	-2.84773	-38.8679	-571.165	64.7539	-34.324	-569.623	-2.6975	-39.937	-566.165	64.6109	-35.5342	-564.797	0.0293656	-0.208985	0.977478	-0.0287198	-0.243142	0.969565	0.0293656	0.0511263	0.99826	-0.0287198	0.0160844	0.999458	0.0293656	0.0511263	0.99826	-0.0287198	0.0160844	0.999458	1.68497	2.9306	-1.64596	0.921611	1.68497	2.9306	-1.64596	0.921611	135.811	101.448	172.981	87.8461	757.664	565.961	965.024	490.076	861.344	528.018	1	0	0
"
 tid_1820_time_16:4:57:903 DPETW@ "GAZE_LOG_CALI: 588.333	335.217	589.373	341.668	891.779	354.323	891.42	361.162	199.457	338.291	201.347	344.808	500.678	357.503	501.068	364.278	
-11.0861	-171.49	291.024	-152.018	-466.33	-165.326	-166.54	-145.834	-12.1265	-177.943	291.385	-158.859	-468.221	-171.845	-166.93	-152.61	-2.45185	-38.2231	-563.317	64.2065	-33.7673	-561.769	-2.84411	-38.7609	-571.088	64.7514	-34.2435	-569.536	-2.69521	-39.8578	-566.108	64.6189	-35.4559	-564.682	0.0291862	-0.215018	0.976174	-0.0264775	-0.242278	0.969845	0.0291862	0.0449608	0.998562	-0.0264775	0.0169915	0.999505	0.0291862	0.0449608	0.998562	-0.0264775	0.0169915	0.999505	1.67417	2.57693	-1.51745	0.973588	1.67417	2.57693	-1.51745	0.973588	135.715	98.3295	174.154	88.4197	757.125	548.56	971.571	493.276	864.349	520.918	1	0	0
"
 tid_1820_time_16:4:57:925 DPETW@ "GAZE_LOG_CALI: 588.116	335.421	589.061	341.954	891.509	354.67	891.26	361.435	199.215	338.654	201.092	345.027	500.417	357.924	500.875	364.737	
-11.3985	-171.205	290.864	-151.745	-466.585	-165.107	-166.732	-145.375	-12.3439	-177.739	291.114	-158.512	-468.463	-171.482	-167.191	-152.189	-2.52128	-38.172	-563.389	64.1663	-33.6841	-561.731	-2.91447	-38.709	-571.16	64.7107	-34.1591	-569.498	-2.74363	-39.7925	-566.077	64.56	-35.3711	-564.692	0.0328498	-0.208337	0.977505	-0.030392	-0.244414	0.969195	0.0328498	0.0517587	0.998119	-0.030392	0.01476	0.999429	0.0328498	0.0517587	0.998119	-0.030392	0.01476	0.999429	1.88502	2.96688	-1.74179	0.845717	1.88502	2.96688	-1.74179	0.845717	137.575	101.941	172.064	87.3435	767.505	568.706	959.911	487.272	863.708	527.989	1	0	0
"
 tid_1820_time_16:4:57:947 DPETW@ "GAZE_LOG_CALI: 585.58	335.681	587.917	342	889.06	354.624	889.765	361.473	196.734	338.838	199.909	345.066	497.969	357.988	499.572	364.751	
-12.542	-171.158	289.368	-151.706	-467.769	-165.068	-168.036	-145.361	-14.8796	-177.479	288.665	-158.558	-470.946	-171.298	-169.639	-152.124	-2.77397	-38.1589	-563.332	63.863	-33.6923	-561.964	-3.17074	-38.6958	-571.104	64.403	-34.1673	-569.731	-3.30775	-39.7475	-566.134	64.0156	-35.3691	-564.687	-0.026965	-0.206978	0.977974	-0.0744941	-0.231127	0.970068	-0.026965	0.0531929	0.99822	-0.0744941	0.0278208	0.996833	-0.026965	0.0531929	0.99822	-0.0744941	0.0278208	0.996833	-1.54736	3.04917	-4.27381	1.59422	-1.54736	3.04917	-4.27381	1.59422	105.949	102.715	148.556	94.1552	591.068	573.025	828.764	525.273	709.916	549.149	1	0	0
"
 tid_1820_time_16:4:57:969 DPETW@ "GAZE_LOG_CALI: 584.07	335.541	586.949	341.937	887.023	354.592	888.511	361.417	195.256	338.725	198.99	344.982	496.046	357.963	498.19	364.604	
-13.5107	-171.221	288.114	-151.762	-468.688	-165.152	-169.417	-145.509	-16.3902	-177.618	286.626	-158.589	-472.424	-171.41	-171.562	-152.15	-2.98882	-38.1796	-563.394	63.5675	-33.7054	-561.804	-3.38855	-38.7167	-571.165	64.1034	-34.1807	-569.571	-3.64394	-39.7783	-566.171	63.5787	-35.3841	-564.82	-0.0499531	-0.207647	0.976928	-0.106464	-0.244158	0.963874	-0.0499531	0.0522756	0.997383	-0.106464	0.0136302	0.994223	-0.0499531	0.0522756	0.997383	-0.106464	0.0136302	0.994223	-2.86721	2.99654	-6.11211	0.780976	-2.86721	2.99654	-6.11211	0.780976	93.6517	102.223	131.343	86.7506	522.464	570.284	732.737	483.964	627.601	527.124	1	0	0
"
 tid_1820_time_16:4:57:991 DPETW@ "GAZE_LOG_CALI: 584.184	335.61	587.025	341.989	887.263	354.643	888.689	361.441	195.344	338.796	199.098	345.061	496.176	357.971	498.514	364.705	
-13.435	-171.169	288.292	-151.739	-468.58	-165.073	-169.094	-145.407	-16.2754	-177.55	286.866	-158.538	-472.336	-171.34	-171.433	-152.142	-2.97181	-38.1674	-563.43	63.6275	-33.7022	-561.982	-3.37128	-38.7042	-571.201	64.1641	-34.1773	-569.749	-3.6179	-39.7602	-566.134	63.6164	-35.3688	-564.681	-0.047593	-0.203784	0.977858	-0.104633	-0.227604	0.968116	-0.047593	0.0562481	0.997282	-0.104633	0.0307187	0.994036	-0.047593	0.0562481	0.997282	-0.104633	0.0307187	0.994036	-2.73224	3.22448	-6.00888	1.76033	-2.73224	3.22448	-6.00888	1.76033	94.9034	104.316	132.339	95.7079	529.447	581.96	738.292	533.935	633.869	557.948	1	0	0
"
 tid_1820_time_16:4:58:14 DPETW@ "GAZE_LOG_CALI: 584.501	335.871	587.414	342.137	887.614	354.745	889.157	361.539	195.637	338.958	199.303	345.171	496.503	358.134	498.843	364.778	
-13.0454	-171.022	288.76	-151.64	-468.375	-164.963	-168.765	-145.334	-15.9586	-177.289	287.217	-158.435	-472.043	-171.177	-171.105	-151.979	-2.88449	-38.1232	-563.198	63.7112	-33.6731	-561.812	-3.28291	-38.6597	-570.969	64.2492	-34.1479	-569.578	-3.54714	-39.7109	-566.104	63.6908	-35.3369	-564.644	-0.0530116	-0.21089	0.976071	-0.109342	-0.232833	0.966351	-0.0530116	0.048922	0.997395	-0.109342	0.025211	0.993684	-0.0530115	0.048922	0.997395	-0.109342	0.025211	0.993684	-3.04241	2.80414	-6.27939	1.44464	-3.04241	2.80414	-6.27939	1.44464	92.1616	100.56	129.942	92.8816	514.151	561.004	724.919	518.168	619.535	539.586	1	0	0
"
 tid_1820_time_16:4:58:36 DPETW@ "GAZE_LOG_CALI: 584.635	335.711	587.658	342.072	887.832	354.62	889.428	361.442	195.792	338.886	199.502	345.154	496.756	357.989	498.955	364.713	
-12.8018	-171.086	289.032	-151.738	-468.176	-164.979	-168.653	-145.399	-15.8249	-177.448	287.435	-158.561	-471.888	-171.25	-170.852	-152.124	-2.83062	-38.1286	-563.145	63.7483	-33.6789	-561.608	-3.22832	-38.6652	-570.917	64.2869	-34.154	-569.375	-3.51796	-39.7389	-566.135	63.7445	-35.3703	-564.698	-0.0590005	-0.218714	0.974004	-0.111544	-0.250098	0.961774	-0.0590005	0.0408291	0.997423	-0.111544	0.00734954	0.993732	-0.0590005	0.0408291	0.997423	-0.111544	0.00734954	0.993732	-3.38527	2.33998	-6.4045	0.421101	-3.38527	2.33998	-6.4045	0.421101	89.0777	96.3191	128.845	83.5229	496.947	537.345	718.802	465.958	605.488	497.732	1	0	0
"
 tid_1820_time_16:4:58:58 DPETW@ "GAZE_LOG_CALI: 584.396	335.356	587.31	341.784	887.769	354.293	889.167	361.051	195.524	338.523	199.231	344.923	496.482	357.567	498.825	364.237	
-13.1492	-171.374	288.771	-152.128	-468.447	-165.211	-168.782	-145.875	-16.0634	-177.804	287.373	-158.889	-472.156	-171.612	-171.126	-152.545	-2.90794	-38.1926	-563.24	63.7097	-33.785	-561.78	-3.30665	-38.7301	-571.012	64.2477	-34.2614	-569.547	-3.5711	-39.8165	-566.101	63.7005	-35.4366	-564.426	-0.0525064	-0.215706	0.975046	-0.103597	-0.222491	0.969415	-0.0525064	0.0440046	0.997651	-0.103597	0.0359932	0.993968	-0.0525064	0.0440046	0.997651	-0.103597	0.0359932	0.993968	-3.0127	2.52209	-5.95022	2.06271	-3.0127	2.52209	-5.95022	2.06271	92.4087	97.8959	132.987	98.4494	515.53	546.142	741.906	549.23	628.718	547.686	1	0	0
"
 tid_1820_time_16:4:58:80 DPETW@ "GAZE_LOG_CALI: 583.908	334.904	586.83	341.315	887.208	353.845	888.736	360.614	194.992	338.133	198.808	344.465	495.997	357.144	498.256	363.854	
-13.6298	-171.844	288.339	-152.565	-468.87	-165.669	-169.351	-146.259	-16.5516	-178.255	286.811	-159.336	-472.688	-172.002	-171.612	-152.969	-3.01468	-38.3003	-563.312	63.5946	-33.865	-561.601	-3.41483	-38.8392	-571.084	64.1311	-34.3427	-569.368	-3.67913	-39.9062	-566.042	63.5866	-35.5392	-564.518	-0.0512188	-0.206775	0.977047	-0.108365	-0.238112	0.965173	-0.0512188	0.0531495	0.997272	-0.108365	0.0198064	0.993914	-0.0512188	0.0531495	0.997272	-0.108365	0.0198064	0.993914	-2.94007	3.04668	-6.22231	1.1349	-2.94007	3.04668	-6.22231	1.1349	92.9637	102.582	130.379	89.895	518.626	572.285	727.357	501.506	622.992	536.896	1	0	0
"
 tid_1820_time_16:4:58:102 DPETW@ "GAZE_LOG_CALI: 583.529	334.961	586.493	341.375	886.875	353.767	888.417	360.539	194.565	338.124	198.33	344.419	495.699	357.124	497.954	363.768	
-13.9669	-171.784	288.02	-152.641	-469.348	-165.715	-169.654	-146.344	-16.9312	-178.199	286.478	-159.414	-473.116	-172.011	-171.909	-152.989	-3.08829	-38.2867	-563.133	63.5264	-33.8841	-561.622	-3.4896	-38.8255	-570.904	64.062	-34.362	-569.389	-3.76229	-39.896	-565.971	63.5176	-35.553	-564.565	-0.0539433	-0.211765	0.975831	-0.10892	-0.238297	0.965065	-0.0539433	0.0480142	0.997389	-0.10892	0.0196005	0.993857	-0.0539433	0.0480142	0.997389	-0.10892	0.0196005	0.993857	-3.0958	2.75207	-6.25429	1.1231	-3.0958	2.75207	-6.25429	1.1231	91.4715	99.9354	130.013	89.7635	510.301	557.519	725.315	500.773	617.808	529.146	1	0	0
"
 tid_1820_time_16:4:58:124 DPETW@ "GAZE_LOG_CALI: 583.464	335.207	586.407	341.636	886.815	353.961	888.368	360.729	194.549	338.422	198.177	344.76	495.637	357.256	497.882	363.957	
-14.0525	-171.522	287.971	-152.45	-469.502	-165.374	-169.726	-146.156	-16.9964	-177.953	286.418	-159.22	-473.132	-171.714	-171.971	-152.857	-3.10711	-38.2144	-563.05	63.5121	-33.8404	-561.591	-3.50875	-38.7523	-570.821	64.0475	-34.3178	-569.358	-3.77784	-39.8403	-566.039	63.504	-35.5165	-564.56	-0.0547957	-0.221547	0.973609	-0.109236	-0.240939	0.964373	-0.0547957	0.037991	0.997775	-0.109236	0.0168688	0.993873	-0.0547957	0.037991	0.997775	-0.109236	0.0168688	0.993873	-3.14341	2.17725	-6.2722	0.966556	-3.14341	2.17725	-6.2722	0.966556	91.0197	94.7595	129.835	88.3764	507.781	528.644	724.322	493.034	614.76	508.703	1	0	0
"
 tid_1820_time_16:4:58:146 DPETW@ "GAZE_LOG_CALI: 583.559	335.439	586.62	341.892	887.1	354.157	888.631	360.927	194.667	338.664	198.386	344.958	495.859	357.449	498.055	364.112	
-13.8397	-171.266	288.234	-152.252	-469.292	-165.176	-169.553	-146.001	-16.9011	-177.72	286.703	-159.024	-473.013	-171.472	-171.75	-152.664	-3.05999	-38.1638	-563.046	63.5575	-33.7947	-561.48	-3.46097	-38.701	-570.817	64.0937	-34.2715	-569.247	-3.75674	-39.7893	-566.067	63.5583	-35.4684	-564.482	-0.0605793	-0.222914	0.972954	-0.108312	-0.242148	0.964175	-0.0605793	0.0365007	0.997496	-0.108312	0.0156497	0.993994	-0.0605793	0.0365007	0.997496	-0.108312	0.0156497	0.993994	-3.47538	2.0918	-6.21879	0.896696	-3.47538	2.0918	-6.21879	0.896696	88.0254	94.0342	130.385	87.8059	491.076	524.598	727.39	489.852	607.335	504.125	1	0	0
"
 tid_1820_time_16:4:58:168 DPETW@ "GAZE_LOG_CALI: 583.734	335.344	586.723	341.826	887.107	354.123	888.747	360.892	194.797	338.62	198.475	344.907	495.953	357.35	498.179	364.047	
-13.7361	-171.333	288.35	-152.287	-469.203	-165.227	-169.429	-146.066	-16.7263	-177.816	286.71	-159.058	-472.884	-171.515	-171.656	-152.763	-3.03667	-38.1753	-563.025	63.5842	-33.806	-561.485	-3.43734	-38.7127	-570.796	64.1207	-34.283	-569.252	-3.71765	-39.8009	-566.012	63.5723	-35.4904	-564.597	-0.057044	-0.221455	0.973501	-0.113291	-0.249459	0.961736	-0.057044	0.0380515	0.997646	-0.113291	0.00795634	0.99353	-0.057044	0.0380515	0.997646	-0.113291	0.00795634	0.99353	-3.27253	2.18072	-6.50528	0.45587	-3.27253	2.18072	-6.50528	0.45587	89.9092	94.8378	127.765	83.749	501.585	529.081	712.773	467.219	604.492	493.719	1	0	0
"
 tid_1820_time_16:4:58:190 DPETW@ "GAZE_LOG_CALI: 583.731	335.182	586.725	341.65	887.197	353.914	888.736	360.702	194.783	338.404	198.607	344.795	495.94	357.16	498.181	363.882	
-13.7346	-171.509	288.339	-152.477	-469.071	-165.339	-169.427	-146.23	-16.7291	-177.978	286.801	-159.268	-472.897	-171.732	-171.669	-152.953	-3.03759	-38.2185	-563.194	63.5836	-33.8461	-561.5	-3.43815	-38.7564	-570.965	64.1201	-34.3236	-569.267	-3.71799	-39.842	-565.997	63.5777	-35.5263	-564.462	-0.0549517	-0.213191	0.975464	-0.108859	-0.241395	0.964302	-0.0549517	0.0465416	0.997404	-0.108859	0.0164103	0.993922	-0.0549517	0.0465416	0.997404	-0.108859	0.0164103	0.993922	-3.15351	2.6676	-6.25037	0.940283	-3.15351	2.6676	-6.25037	0.940283	90.9902	99.2172	130.119	88.1513	507.616	553.513	725.907	491.778	616.37	522.009	1	0	0
"
 tid_1820_time_16:4:58:211 DPETW@ "GAZE_LOG_CALI: 583.784	335.261	586.802	341.732	887.3	353.984	888.827	360.782	194.793	338.46	198.641	344.849	496.054	357.238	498.279	363.935	
-13.6577	-171.427	288.43	-152.398	-469.037	-165.285	-169.329	-146.177	-16.6757	-177.899	286.903	-159.197	-472.888	-171.676	-171.554	-152.874	-3.02039	-38.2	-563.141	63.6047	-33.8319	-561.509	-3.42075	-38.7376	-570.912	64.1415	-34.3093	-569.276	-3.7058	-39.8232	-565.943	63.6022	-35.5106	-564.477	-0.0559478	-0.213063	0.975435	-0.108378	-0.241404	0.964354	-0.0559478	0.046658	0.997343	-0.108378	0.0164153	0.993974	-0.0559478	0.046658	0.997343	-0.108378	0.0164153	0.993974	-3.21075	2.67428	-6.22268	0.940567	-3.21075	2.67428	-6.22268	0.940567	90.4857	99.3093	130.395	88.1652	504.802	554.027	727.445	491.856	615.724	522.294	1	0	0
"
 tid_1820_time_16:4:58:233 DPETW@ "GAZE_LOG_CALI: 584.001	335.382	586.93	341.871	887.519	354.075	889.012	360.868	195.003	338.641	198.732	344.89	496.232	357.322	498.526	364.026	
-13.5297	-171.288	288.615	-152.311	-468.946	-165.244	-169.082	-146.086	-16.4587	-177.778	287.122	-159.106	-472.677	-171.495	-171.376	-152.791	-2.99102	-38.1764	-563.087	63.6546	-33.8174	-561.594	-3.39101	-38.7137	-570.858	64.192	-34.2945	-569.361	-3.65777	-39.7892	-565.938	63.645	-35.4883	-564.429	-0.0528931	-0.213244	0.975566	-0.107172	-0.233903	0.966335	-0.0528931	0.0465169	0.997516	-0.107172	0.0241734	0.993946	-0.0528931	0.0465169	0.997516	-0.107172	0.0241734	0.993946	-3.03525	2.66618	-6.15415	1.38517	-3.03525	2.66618	-6.15415	1.38517	92.1254	99.2661	131.068	92.2406	513.949	553.786	731.205	514.592	622.577	534.189	1	0	0
"
 tid_1820_time_16:4:58:255 DPETW@ "GAZE_LOG_CALI: 584.336	335.33	587.224	341.792	887.987	354.03	889.522	360.808	195.303	338.568	198.988	344.827	496.618	357.346	498.853	364.013	
-13.2354	-171.366	289.125	-152.372	-468.69	-165.307	-168.755	-146.099	-16.124	-177.83	287.59	-159.151	-472.378	-171.568	-170.99	-152.767	-2.92586	-38.1889	-563.041	63.7412	-33.8119	-561.366	-3.32496	-38.7265	-570.813	64.28	-34.289	-569.133	-3.58276	-39.7998	-565.89	63.7372	-35.4839	-564.323	-0.0511041	-0.212758	0.975768	-0.108868	-0.239676	0.96473	-0.0511041	0.0470388	0.997585	-0.108868	0.0181814	0.99389	-0.0511041	0.0470388	0.997585	-0.108868	0.0181814	0.99389	-2.93257	2.69612	-6.25109	1.04177	-2.93257	2.69612	-6.25109	1.04177	93.1341	99.5352	130.285	89.1491	519.577	555.287	726.835	497.345	623.206	526.316	1	0	0
"
 tid_1820_time_16:4:58:277 DPETW@ "GAZE_LOG_CALI: 584.536	335.112	587.524	341.502	888.168	353.843	889.698	360.59	195.45	338.286	199.079	344.66	496.739	357.093	498.97	363.814	
-12.9352	-171.656	289.301	-152.59	-468.599	-165.474	-168.638	-146.298	-15.9238	-178.048	287.772	-159.338	-472.23	-171.85	-170.869	-153.02	-2.85842	-38.2218	-562.779	63.7716	-33.8534	-561.29	-3.25677	-38.7601	-570.55	64.3108	-34.3312	-569.057	-3.53806	-39.851	-565.827	63.7691	-35.5281	-564.249	-0.0579387	-0.224701	0.972704	-0.108688	-0.240144	0.964633	-0.0579387	0.0347098	0.997717	-0.108688	0.017704	0.993918	-0.0579387	0.0347098	0.997717	-0.108688	0.017704	0.993918	-3.32351	1.98913	-6.24066	1.01442	-3.32351	1.98913	-6.24066	1.01442	89.6373	93.0935	130.422	88.8753	500.068	519.35	727.596	495.818	612.192	504.872	1	0	0
"
 tid_1820_time_16:4:58:299 DPETW@ "GAZE_LOG_CALI: 584.545	334.899	587.489	341.251	888.128	353.543	889.686	360.373	195.369	338.068	199.028	344.365	496.72	356.87	498.932	363.62	
-12.9704	-171.908	289.29	-152.807	-468.65	-165.77	-168.676	-146.492	-15.915	-178.261	287.732	-159.638	-472.311	-172.068	-170.888	-153.243	-2.86657	-38.2815	-562.765	63.7653	-33.8968	-561.259	-3.26504	-38.8206	-570.536	64.3046	-34.3753	-569.025	-3.5351	-39.8908	-565.711	63.7632	-35.5879	-564.277	-0.0545613	-0.216208	0.974822	-0.109812	-0.245965	0.963038	-0.0545613	0.0434617	0.997564	-0.109812	0.011669	0.993884	-0.0545613	0.0434617	0.997564	-0.109812	0.011669	0.993884	-3.13065	2.49095	-6.30493	0.668599	-3.13065	2.49095	-6.30493	0.668599	91.3962	97.6276	129.827	85.6673	509.881	544.645	724.277	477.92	615.87	509.277	1	0	0
"
 tid_1820_time_16:4:58:320 DPETW@ "GAZE_LOG_CALI: 584.303	335.025	587.075	341.41	887.818	353.64	889.477	360.455	195.041	338.175	198.869	344.587	496.365	357.03	498.784	363.764	
-13.3848	-171.749	289.08	-152.724	-468.809	-165.547	-168.824	-146.349	-16.1571	-178.135	287.421	-159.542	-472.639	-171.961	-171.243	-153.083	-2.95912	-38.2605	-563.079	63.7278	-33.8767	-561.338	-3.35866	-38.799	-570.85	64.2665	-34.3548	-569.105	-3.58817	-39.8572	-565.601	63.688	-35.5561	-564.223	-0.0428257	-0.197466	0.979374	-0.114306	-0.237359	0.964674	-0.0428257	0.0627431	0.99711	-0.114306	0.0204047	0.993236	-0.0428256	0.0627431	0.99711	-0.114306	0.0204047	0.993236	-2.45933	3.59728	-6.56495	1.16918	-2.45933	3.59728	-6.56495	1.16918	97.4305	107.708	127.377	90.2683	543.545	600.883	710.613	503.589	627.079	552.236	1	0	0
"
 tid_1820_time_16:4:58:343 DPETW@ "GAZE_LOG_CALI: 583.977	335.346	586.897	341.892	887.707	354.111	889.126	360.931	194.679	338.589	198.486	344.919	496.138	357.384	498.45	364.051	
-13.5626	-171.266	288.729	-152.248	-469.192	-165.215	-169.158	-146.061	-16.4826	-177.813	287.311	-159.07	-473.001	-171.547	-171.47	-152.728	-2.99694	-38.1525	-562.816	63.6526	-33.7932	-561.351	-3.39721	-38.6898	-570.587	64.1902	-34.2701	-569.118	-3.66045	-39.7722	-565.556	63.6468	-35.4551	-564.073	-0.0510812	-0.210041	0.976357	-0.104294	-0.227432	0.968193	-0.0510812	0.0498163	0.997451	-0.104294	0.030904	0.994066	-0.0510812	0.0498163	0.997451	-0.104294	0.030904	0.994066	-2.93166	2.85544	-5.98935	1.77095	-2.93166	2.85544	-5.98935	1.77095	93.0809	101.079	132.612	95.859	519.28	563.898	739.814	534.778	629.547	549.338	1	0	0
"
 tid_1820_time_16:4:58:364 DPETW@ "GAZE_LOG_CALI: 583.793	335.846	586.735	342.234	887.6	354.524	889.054	361.323	194.536	338.98	198.241	345.309	495.908	357.832	498.208	364.55	
-13.7249	-170.924	288.657	-151.857	-469.437	-164.825	-169.4	-145.562	-16.6667	-177.313	287.204	-158.657	-473.144	-171.156	-171.7	-152.28	-3.03276	-38.0647	-562.716	63.6123	-33.682	-561.138	-3.43361	-38.6008	-570.487	64.1495	-34.1576	-568.905	-3.70153	-39.6766	-565.605	63.6055	-35.3499	-563.919	-0.0535211	-0.214897	0.975169	-0.105543	-0.231313	0.967138	-0.0535211	0.0448176	0.99756	-0.105543	0.0268823	0.994051	-0.0535211	0.0448176	0.99756	-0.105543	0.0268823	0.994051	-3.07109	2.56872	-6.06066	1.54043	-3.07109	2.56872	-6.06066	1.54043	91.7723	98.5639	131.932	93.9038	511.979	549.869	736.023	523.87	624.001	536.869	1	0	0
"
 tid_1820_time_16:4:58:386 DPETW@ "GAZE_LOG_CALI: 583.856	336.063	586.77	342.592	887.517	354.698	889.089	361.491	194.555	339.248	198.305	345.677	495.995	358.024	498.266	364.791	
-13.6891	-170.566	288.692	-151.689	-469.374	-164.457	-169.341	-145.321	-16.604	-177.097	287.12	-158.483	-473.125	-170.888	-171.613	-152.089	-3.02479	-37.9865	-562.748	63.6232	-33.6387	-561.169	-3.42551	-38.5215	-570.519	64.1605	-34.1136	-568.936	-3.68752	-39.619	-565.553	63.6111	-35.3225	-564.132	-0.051451	-0.215505	0.975146	-0.110255	-0.242584	0.963845	-0.051451	0.0442245	0.997696	-0.110255	0.0151432	0.993788	-0.051451	0.0442245	0.997696	-0.110255	0.0151432	0.993788	-2.95212	2.53471	-6.33072	0.867676	-2.95212	2.53471	-6.33072	0.867676	92.8665	98.3205	129.447	87.7704	518.084	548.511	722.157	489.654	619.623	518.261	1	0	0
"
 tid_1820_time_16:4:58:408 DPETW@ "GAZE_LOG_CALI: 583.912	336.037	586.843	342.509	887.615	354.61	889.196	361.448	194.725	339.221	198.5	345.64	496.062	357.994	498.446	364.684	
-13.6167	-170.65	288.799	-151.732	-469.178	-164.493	-169.161	-145.429	-16.5481	-177.123	287.218	-158.571	-472.956	-170.914	-171.546	-152.119	-3.00964	-38.0103	-562.904	63.6574	-33.6607	-561.26	-3.41003	-38.5455	-570.676	64.1951	-34.1359	-569.027	-3.67569	-39.6346	-565.693	63.6283	-35.3331	-564.091	-0.0520152	-0.213237	0.975615	-0.110913	-0.234257	0.965827	-0.0520152	0.0465363	0.997561	-0.110913	0.0236991	0.993547	-0.0520152	0.0465363	0.997561	-0.110913	0.0236991	0.993547	-2.98483	2.6673	-6.36974	1.35798	-2.98483	2.6673	-6.36974	1.35798	92.5751	99.4786	129.112	92.2291	516.458	554.971	720.289	514.528	618.373	534.75	1	0	0
"
 tid_1820_time_16:4:58:430 DPETW@ "GAZE_LOG_CALI: 583.944	336.063	586.845	342.543	887.603	354.563	889.168	361.444	194.762	339.226	198.525	345.657	496.13	357.975	498.442	364.676	
-13.6147	-170.615	288.771	-151.736	-469.153	-164.477	-169.166	-145.436	-16.5161	-177.097	287.207	-158.618	-472.918	-170.91	-171.479	-152.138	-3.00926	-38.0064	-562.932	63.6545	-33.6636	-561.287	-3.40962	-38.5415	-570.703	64.1922	-34.1388	-569.054	-3.66852	-39.6316	-565.699	63.6372	-35.347	-564.198	-0.0504867	-0.212565	0.975842	-0.110227	-0.23996	0.964505	-0.0504867	0.0472442	0.997607	-0.110227	0.0178484	0.993746	-0.0504867	0.0472442	0.997607	-0.110227	0.0178484	0.993746	-2.89715	2.7079	-6.32941	1.02269	-2.89715	2.7079	-6.32941	1.02269	93.3767	99.8466	129.478	89.1402	520.93	557.024	722.334	497.295	621.632	527.16	1	0	0
"
 tid_1820_time_16:4:58:453 DPETW@ "GAZE_LOG_CALI: 583.573	336.286	586.58	342.799	887.318	354.831	888.825	361.606	194.424	339.515	198.131	345.882	495.842	358.096	498.069	364.846	
-13.88	-170.359	288.427	-151.573	-469.547	-164.252	-169.538	-145.266	-16.8872	-176.874	286.921	-158.349	-473.256	-170.621	-171.766	-152.016	-3.06703	-37.9422	-562.768	63.5745	-33.6249	-561.253	-3.46832	-38.4766	-570.539	64.1111	-34.0995	-569.02	-3.75145	-39.5775	-565.741	63.5733	-35.3031	-564.187	-0.057417	-0.22327	0.973064	-0.107339	-0.240253	0.964757	-0.057417	0.0361855	0.997694	-0.107339	0.0176305	0.994066	-0.057417	0.0361855	0.997694	-0.107339	0.0176305	0.994066	-3.29372	2.07373	-6.1629	1.01021	-3.29372	2.07373	-6.1629	1.01021	89.6948	94.1462	130.937	89.069	500.389	525.223	730.471	496.898	614.125	508.906	1	0	0
"
 tid_1820_time_16:4:58:475 DPETW@ "GAZE_LOG_CALI: 583.211	336.407	586.044	342.927	886.909	354.899	888.486	361.653	194.103	339.687	197.842	345.975	495.499	358.152	497.781	364.822	
-14.4155	-170.231	288.088	-151.526	-469.837	-164.159	-169.827	-145.291	-17.2487	-176.752	286.512	-158.282	-473.577	-170.448	-172.109	-151.961	-3.18684	-37.9383	-563.075	63.5068	-33.626	-561.312	-3.5896	-38.4723	-570.846	64.0423	-34.1007	-569.079	-3.83239	-39.5485	-565.793	63.4917	-35.2944	-564.266	-0.0469449	-0.208079	0.976985	-0.110345	-0.239235	0.964671	-0.0469449	0.0518736	0.99755	-0.110345	0.0185919	0.993719	-0.0469449	0.0518736	0.99755	-0.110345	0.0185919	0.993719	-2.69436	2.97347	-6.33633	1.0653	-2.69436	2.97347	-6.33633	1.0653	95.0452	102.314	129.261	89.5625	530.238	570.788	721.12	499.651	625.679	535.219	1	0	0
"
 tid_1820_time_16:4:58:497 DPETW@ "GAZE_LOG_CALI: 582.839	336.353	585.832	342.882	886.554	354.733	888.101	361.469	193.811	339.575	197.578	345.904	495.171	358.059	497.447	364.771	
-14.6278	-170.277	287.704	-151.71	-470.1	-164.23	-170.161	-145.341	-17.6206	-176.806	286.157	-158.447	-473.869	-170.561	-172.437	-152.053	-3.23414	-37.9475	-563.017	63.4289	-33.6558	-561.376	-3.6376	-38.4817	-570.789	63.9633	-34.1307	-569.143	-3.91525	-39.5737	-565.888	63.4168	-35.3253	-564.301	-0.0552143	-0.217171	0.974571	-0.108948	-0.238114	0.965107	-0.0552143	0.0424662	0.997571	-0.108948	0.0197872	0.99385	-0.0552143	0.0424662	0.997571	-0.108948	0.0197872	0.99385	-3.16802	2.43387	-6.25594	1.1338	-3.16802	2.43387	-6.25594	1.1338	90.6633	97.3819	129.918	90.1453	505.792	543.274	724.788	502.903	614.863	522.398	1	0	0
"
 tid_1820_time_16:4:58:518 DPETW@ "GAZE_LOG_CALI: 582.621	335.967	585.593	342.419	886.372	354.385	887.885	361.063	193.602	339.176	197.349	345.515	494.84	357.637	497.168	364.267	
-14.8664	-170.74	287.488	-152.117	-470.33	-164.619	-170.44	-145.845	-17.8392	-177.193	285.975	-158.795	-474.079	-170.96	-172.768	-152.476	-3.28681	-38.0424	-563.026	63.3723	-33.7516	-561.297	-3.69099	-38.578	-570.797	63.906	-34.2281	-569.064	-3.96432	-39.6623	-565.904	63.3554	-35.3993	-564.114	-0.0544553	-0.216038	0.974865	-0.10762	-0.22893	0.967476	-0.0544553	0.043637	0.997562	-0.10762	0.0292718	0.993761	-0.0544553	0.043637	0.997562	-0.10762	0.0292718	0.993761	-3.12458	2.50101	-6.18082	1.67739	-3.12458	2.50101	-6.18082	1.67739	91.0087	97.9004	130.565	95.0589	507.719	546.167	728.398	530.315	618.059	538.241	1	0	0
"
 tid_1820_time_16:4:58:540 DPETW@ "GAZE_LOG_CALI: 582.622	335.797	585.563	342.156	886.323	354.173	887.852	360.914	193.583	338.975	197.324	345.214	494.96	357.376	497.135	364.047	
-14.8968	-171.002	287.455	-152.266	-470.354	-164.92	-170.473	-146.065	-17.8374	-177.363	285.926	-159.008	-474.097	-171.161	-172.649	-152.737	-3.2935	-38.1054	-563.033	63.365	-33.7921	-561.291	-3.69776	-38.6418	-570.804	63.8986	-34.2691	-569.058	-3.96375	-39.7018	-565.878	63.3684	-35.4651	-564.325	-0.0527179	-0.210102	0.976257	-0.10797	-0.243591	0.963849	-0.0527179	0.0497309	0.99737	-0.10797	0.0141713	0.994053	-0.0527179	0.0497309	0.99737	-0.10797	0.0141713	0.994053	-3.02566	2.85055	-6.19895	0.811982	-3.02566	2.85055	-6.19895	0.811982	91.9083	101.037	130.392	87.0767	512.738	563.667	727.433	485.784	619.996	524.579	1	0	0
"
 tid_1820_time_16:4:58:562 DPETW@ "GAZE_LOG_CALI: 582.595	335.746	585.614	342.125	886.315	354.152	887.836	360.899	193.683	338.967	197.404	345.192	495.023	357.349	497.176	364.024	
-14.8461	-171.034	287.438	-152.281	-470.275	-164.942	-170.432	-146.089	-17.8647	-177.414	285.918	-159.029	-473.998	-171.169	-172.585	-152.764	-3.2824	-38.1138	-563.069	63.3697	-33.8009	-561.367	-3.68648	-38.6502	-570.84	63.9032	-34.278	-569.134	-3.97094	-39.7196	-566.039	63.3768	-35.4759	-564.414	-0.0577359	-0.217047	0.974452	-0.107485	-0.244584	0.963652	-0.0577359	0.0425551	0.997424	-0.107485	0.0131619	0.99412	-0.0577359	0.0425551	0.997424	-0.107485	0.0131619	0.99412	-3.31287	2.43896	-6.1709	0.754141	-3.31287	2.43896	-6.1709	0.754141	89.2871	97.256	130.648	86.5182	498.115	542.572	728.86	482.668	612.203	510.517	1	0	0
"
 tid_1820_time_16:4:58:584 DPETW@ "GAZE_LOG_CALI: 582.647	335.835	585.648	342.163	886.265	354.252	887.858	360.943	193.718	339.012	197.457	345.241	495.063	357.461	497.226	364.066	
-14.8119	-170.995	287.46	-152.236	-470.221	-164.893	-170.382	-146.047	-17.8133	-177.325	285.868	-158.929	-473.963	-171.124	-172.545	-152.652	-3.27494	-38.1057	-563.093	63.3786	-33.7937	-561.406	-3.6789	-38.642	-570.864	63.9122	-34.2706	-569.173	-3.95919	-39.7031	-566.016	63.3782	-35.4595	-564.526	-0.0563858	-0.213463	0.975323	-0.110669	-0.246373	0.962836	-0.0563858	0.0462429	0.997338	-0.110669	0.0112222	0.993794	-0.0563858	0.0462429	0.997338	-0.110669	0.0112222	0.993794	-3.23585	2.65047	-6.35429	0.642998	-3.23585	2.65047	-6.35429	0.642998	89.9989	99.1955	128.96	85.4978	502.086	553.392	719.441	476.975	609.535	513.197	1	0	0
"
 tid_1820_time_16:4:58:606 DPETW@ "GAZE_LOG_CALI: 582.708	335.815	585.693	342.122	886.363	354.257	887.874	360.966	193.819	338.905	197.581	345.162	495.129	357.44	497.302	364.065	
-14.7667	-171.036	287.477	-152.213	-470.098	-164.972	-170.306	-146.048	-17.7515	-177.344	285.966	-158.924	-473.862	-171.231	-172.48	-152.673	-3.2657	-38.1259	-563.195	63.3907	-33.7957	-561.479	-3.66946	-38.6624	-570.966	63.9245	-34.2725	-569.246	-3.94562	-39.7206	-566.065	63.3956	-35.4591	-564.492	-0.0549962	-0.210746	0.975993	-0.107312	-0.240763	0.964633	-0.0549962	0.0490404	0.997281	-0.107312	0.0171065	0.994078	-0.0549962	0.0490404	0.997282	-0.107312	0.0171065	0.994078	-3.15644	2.81094	-6.16128	0.980177	-3.15644	2.81094	-6.16128	0.980177	90.7306	100.623	130.746	88.5706	506.168	561.356	729.408	494.118	617.788	527.737	1	0	0
"
 tid_1820_time_16:4:58:628 DPETW@ "GAZE_LOG_CALI: 582.96	335.675	585.84	342.028	886.599	354.273	887.938	360.972	194.029	338.907	197.844	345.12	495.294	357.476	497.623	364.099	
-14.6198	-171.13	287.54	-152.207	-469.834	-165.014	-169.985	-146.013	-17.5002	-177.485	286.202	-158.908	-473.651	-171.229	-172.315	-152.636	-3.23331	-38.1504	-563.335	63.4416	-33.8107	-561.806	-3.63651	-38.6871	-571.107	63.9757	-34.2875	-569.573	-3.88958	-39.7326	-566.015	63.4378	-35.4472	-564.396	-0.0486339	-0.200918	0.9784	-0.100889	-0.217484	0.970836	-0.0486339	0.0591571	0.997063	-0.100889	0.0411973	0.994044	-0.0486339	0.0591571	0.997063	-0.100889	0.0411973	0.994044	-2.79251	3.39143	-5.79528	2.3611	-2.79251	3.39143	-5.79528	2.3611	94.0903	105.886	134.142	101.155	524.911	590.718	748.354	564.325	636.632	577.521	1	0	0
"
 tid_1820_time_16:4:58:650 DPETW@ "GAZE_LOG_CALI: 583.104	335.764	585.975	342.094	886.659	354.322	888.133	361.076	194.197	338.983	197.939	345.218	495.362	357.618	497.802	364.203	
-14.4841	-171.064	287.736	-152.104	-469.74	-164.916	-169.806	-145.909	-17.3561	-177.396	286.262	-158.859	-473.484	-171.153	-172.246	-152.494	-3.20358	-38.129	-563.29	63.4823	-33.7864	-561.784	-3.6064	-38.6655	-571.061	64.017	-34.2629	-569.551	-3.85752	-39.716	-566.043	63.4525	-35.427	-564.414	-0.0489301	-0.204688	0.977603	-0.106582	-0.219771	0.969712	-0.0489301	0.0553088	0.99727	-0.106582	0.0386971	0.993551	-0.0489301	0.0553088	0.99727	-0.106582	0.0386971	0.993551	-2.80891	3.17058	-6.12292	2.21773	-2.80891	3.17058	-6.12292	2.21773	93.9722	103.89	131.161	99.8786	524.252	579.584	731.722	557.203	627.987	568.393	1	0	0
"
 tid_1820_time_16:4:58:672 DPETW@ "GAZE_LOG_CALI: 583.349	336.141	586.22	342.538	886.956	354.699	888.439	361.437	194.456	339.288	198.133	345.653	495.682	357.949	497.921	364.699	
-14.2391	-170.62	288.042	-151.742	-469.545	-164.481	-169.687	-145.413	-17.1113	-177.018	286.559	-158.482	-473.225	-170.847	-171.926	-152.163	-3.14871	-38.0271	-563.222	63.5232	-33.6775	-561.549	-3.55081	-38.5622	-570.993	64.0587	-34.1526	-569.316	-3.80345	-39.6414	-566.064	63.5216	-35.35	-564.44	-0.0500065	-0.21362	0.975636	-0.106375	-0.237151	0.965631	-0.0500065	0.0461717	0.997681	-0.106375	0.0208533	0.994107	-0.0500065	0.0461717	0.997681	-0.106375	0.0208533	0.994107	-2.86942	2.64638	-6.10775	1.19489	-2.86942	2.64638	-6.10775	1.19489	93.4755	99.2001	131.364	90.6407	521.481	553.418	732.855	505.667	627.168	529.542	1	0	0
"
 tid_1820_time_16:4:58:693 DPETW@ "GAZE_LOG_CALI: 583.343	336.234	586.114	342.684	886.803	354.858	888.346	361.571	194.389	339.391	198.075	345.801	495.646	358.149	497.893	364.78	
-14.3457	-170.474	287.949	-151.608	-469.603	-164.333	-169.715	-145.332	-17.1167	-176.926	286.406	-158.323	-473.292	-170.744	-171.963	-151.964	-3.17291	-37.9988	-563.286	63.5119	-33.6588	-561.634	-3.57531	-38.5335	-571.057	64.0472	-34.1336	-569.401	-3.80401	-39.6142	-565.985	63.5041	-35.3193	-564.587	-0.0440576	-0.208198	0.977094	-0.108899	-0.237749	0.965203	-0.0440576	0.0517871	0.997686	-0.108899	0.0201654	0.993848	-0.0440576	0.0517871	0.997686	-0.108899	0.0201654	0.993848	-2.52853	2.96851	-6.25312	1.15547	-2.52853	2.96851	-6.25312	1.15547	96.5689	102.161	130.001	90.2798	538.739	569.934	725.25	503.653	631.994	536.793	1	0	0
"
 tid_1820_time_16:4:58:715 DPETW@ "GAZE_LOG_CALI: 583.097	336.092	586.008	342.518	886.571	354.675	888.204	361.473	194.216	339.28	197.92	345.668	495.449	358.028	497.792	364.754	
-14.4515	-170.64	287.806	-151.706	-469.759	-164.466	-169.815	-145.358	-17.3632	-177.068	286.173	-158.506	-473.464	-170.855	-172.159	-152.085	-3.19653	-38.0282	-563.229	63.4863	-33.6755	-561.684	-3.5993	-38.5633	-571	64.0213	-34.1505	-569.451	-3.85964	-39.649	-566.08	63.4575	-35.3558	-564.632	-0.0515946	-0.215162	0.975215	-0.112757	-0.241076	0.963934	-0.0515946	0.0445741	0.997673	-0.112757	0.0166224	0.993484	-0.0515947	0.0445741	0.997673	-0.112757	0.0166224	0.993484	-2.96041	2.55475	-6.47514	0.952436	-2.96041	2.55475	-6.47514	0.952436	92.5933	98.3596	127.918	88.3899	516.56	548.729	713.63	493.11	614.499	519.953	2	0	0
"
 tid_1820_time_16:4:58:737 DPETW@ "GAZE_LOG_CALI: 582.9	335.777	585.856	342.14	886.474	354.449	887.995	361.171	193.942	338.97	197.748	345.213	495.097	357.749	497.503	364.381	
-14.6041	-171.019	287.597	-152.008	-469.931	-164.921	-170.105	-145.731	-17.5599	-177.382	286.077	-158.732	-473.738	-171.165	-172.511	-152.364	-3.22922	-38.1183	-563.194	63.4287	-33.7438	-561.577	-3.63247	-38.6547	-570.966	63.9629	-34.2198	-569.344	-3.90246	-39.7115	-565.979	63.3998	-35.3917	-564.305	-0.052893	-0.207043	0.976901	-0.108187	-0.225164	0.968296	-0.052893	0.0528529	0.997201	-0.108187	0.033122	0.993579	-0.052893	0.0528529	0.997201	-0.108187	0.033122	0.993579	-3.03621	3.02966	-6.21423	1.8981	-3.03621	3.02966	-6.21423	1.8981	91.8689	102.634	130.284	97.0315	512.518	572.573	726.83	541.319	619.674	556.946	1	1	1
"
 tid_1820_time_16:4:58:759 DPETW@ "GAZE_LOG_CALI: 582.926	335.649	585.856	341.997	886.571	354.251	887.994	361.024	193.91	338.837	197.692	345.048	495.148	357.535	497.525	364.12	
-14.6035	-171.162	287.597	-152.155	-469.987	-165.087	-170.083	-145.992	-17.5342	-177.511	286.173	-158.93	-473.771	-171.298	-172.46	-152.578	-3.22926	-38.1481	-563.13	63.4319	-33.7908	-561.608	-3.63255	-38.6849	-570.901	63.9661	-34.2675	-569.375	-3.89622	-39.7355	-565.906	63.415	-35.4341	-564.252	-0.0515839	-0.205533	0.97729	-0.104321	-0.220817	0.96972	-0.0515839	0.0544118	0.997185	-0.104321	0.0376891	0.993829	-0.0515839	0.0544118	0.997185	-0.104321	0.0376891	0.993829	-2.96125	3.11911	-5.9923	2.15994	-2.96125	3.11911	-5.9923	2.15994	92.5591	103.436	132.334	99.3767	516.368	577.048	738.266	554.403	627.317	565.726	1	1	1
"
 tid_1820_time_16:4:58:781 DPETW@ "GAZE_LOG_CALI: 583.078	335.615	585.948	341.945	886.677	354.235	888.162	360.969	193.977	338.77	197.761	345.063	495.232	357.525	497.647	364.133	
-14.5114	-171.214	287.765	-152.21	-469.918	-165.071	-169.961	-145.98	-17.3821	-177.545	286.28	-158.946	-473.704	-171.365	-172.376	-152.588	-3.20851	-38.1499	-563.098	63.4626	-33.7925	-561.558	-3.61154	-38.6868	-570.869	63.9973	-34.2692	-569.325	-3.86184	-39.7395	-565.801	63.4355	-35.4353	-564.225	-0.0482993	-0.203119	0.977962	-0.106764	-0.221596	0.969276	-0.0482993	0.0569175	0.99721	-0.106764	0.036822	0.993602	-0.0482993	0.0569175	0.99721	-0.106764	0.036822	0.993602	-2.77292	3.26289	-6.13299	2.11022	-2.77292	3.26289	-6.13299	2.11022	94.3058	104.755	131.072	98.9344	526.113	584.405	731.225	551.935	628.669	568.17	1	1	1
"
 tid_1820_time_16:4:58:803 DPETW@ "GAZE_LOG_CALI: 583.368	335.614	586.205	342.008	887.03	354.227	888.62	360.965	194.228	338.826	197.957	345.108	495.619	357.558	497.881	364.156	
-14.2551	-171.15	288.223	-152.214	-469.722	-165.026	-169.727	-145.956	-17.0919	-177.546	286.633	-158.954	-473.452	-171.309	-171.989	-152.555	-3.15169	-38.133	-563.026	63.5316	-33.7729	-561.269	-3.55398	-38.6698	-570.797	64.0675	-34.2496	-569.036	-3.79743	-39.7302	-565.757	63.5187	-35.4351	-564.268	-0.0472157	-0.205643	0.977487	-0.111025	-0.239827	0.964446	-0.0472157	0.0543565	0.997405	-0.111025	0.0179623	0.993655	-0.0472157	0.0543565	0.997405	-0.111025	0.0179623	0.993655	-2.71027	3.11594	-6.37545	1.02922	-2.71027	3.11594	-6.37545	1.02922	94.9399	103.437	128.934	89.0978	529.651	577.054	719.295	497.059	624.473	537.056	1	1	1
"
 tid_1820_time_16:4:58:825 DPETW@ "GAZE_LOG_CALI: 583.451	335.651	586.346	342.051	887.217	354.192	888.773	360.943	194.266	338.841	197.977	345.101	495.806	357.47	497.954	364.102	
-14.1136	-171.107	288.376	-152.236	-469.701	-165.033	-169.654	-146.011	-17.0084	-177.509	286.82	-158.989	-473.415	-171.295	-171.803	-152.642	-3.11913	-38.1183	-562.868	63.5541	-33.7754	-561.17	-3.52108	-38.6551	-570.64	64.0905	-34.2523	-568.937	-3.77815	-39.7201	-565.695	63.5603	-35.4489	-564.271	-0.0507624	-0.210303	0.976317	-0.109417	-0.246956	0.962829	-0.0507624	0.0495521	0.997481	-0.109417	0.010657	0.993939	-0.0507624	0.0495521	0.997481	-0.109417	0.010657	0.993939	-2.9133	2.84029	-6.28209	0.610613	-2.9133	2.84029	-6.28209	0.610613	93.122	100.962	129.829	85.276	519.509	563.249	724.292	475.738	621.513	518.851	1	1	1
"
 tid_1820_time_16:4:58:847 DPETW@ "GAZE_LOG_CALI: 583.388	335.71	586.321	342.088	887.227	354.29	888.787	360.99	194.154	338.887	197.895	345.111	495.76	357.513	497.898	364.21	
-14.1385	-171.071	288.39	-152.189	-469.784	-165.023	-169.71	-145.902	-17.0719	-177.45	286.83	-158.891	-473.527	-171.249	-171.849	-152.599	-3.12403	-38.1082	-562.793	63.547	-33.7527	-561.078	-3.5261	-38.6448	-570.564	64.0834	-34.2294	-568.845	-3.79187	-39.7041	-565.634	63.5544	-35.4286	-564.196	-0.0526244	-0.209747	0.976338	-0.109517	-0.248303	0.962472	-0.0526244	0.0500945	0.997357	-0.109517	0.00926371	0.993942	-0.0526244	0.0500945	0.997357	-0.109517	0.00926371	0.993942	-3.02034	2.8714	-6.28773	0.530779	-3.02034	2.8714	-6.28773	0.530779	92.1409	101.276	129.779	84.5887	514.036	564.998	724.013	471.903	618.431	517.473	1	1	1
"
 tid_1820_time_16:4:58:869 DPETW@ "GAZE_LOG_CALI: 583.368	335.818	586.261	342.222	887.243	354.409	888.73	361.172	194.081	338.999	197.891	345.253	495.536	357.65	497.875	364.347	
-14.1988	-170.936	288.333	-152.008	-469.787	-164.881	-169.733	-145.765	-17.0918	-177.342	286.846	-158.772	-473.6	-171.137	-172.073	-152.463	-3.13801	-38.0826	-562.867	63.5393	-33.7202	-561.123	-3.54022	-38.6188	-570.638	64.0755	-34.1964	-568.89	-3.79624	-39.6753	-565.571	63.5239	-35.3814	-563.895	-0.0494041	-0.203866	0.977751	-0.106844	-0.229551	0.967414	-0.0494041	0.0561412	0.9972	-0.106844	0.0286557	0.993863	-0.0494041	0.0561412	0.9972	-0.106844	0.0286557	0.993863	-2.83627	3.21835	-6.13598	1.64207	-2.83627	3.21835	-6.13598	1.64207	93.8074	104.462	131.166	94.8045	523.333	582.77	731.749	528.895	627.541	555.833	1	1	1
"
 tid_1820_time_16:4:58:891 DPETW@ "GAZE_LOG_CALI: 583.408	336.2	586.274	342.679	887.2	354.793	888.757	361.575	194.068	339.355	197.86	345.757	495.638	358.127	497.854	364.78	
-14.1856	-170.479	288.36	-151.604	-469.818	-164.377	-169.754	-145.332	-17.0516	-176.959	286.803	-158.388	-473.613	-170.781	-171.97	-151.985	-3.135	-37.9725	-562.812	63.5385	-33.6245	-561.066	-3.53721	-38.5072	-570.584	64.0747	-34.0993	-568.833	-3.78645	-39.5881	-565.499	63.535	-35.2974	-564.082	-0.0478922	-0.207694	0.977021	-0.109487	-0.243028	0.963821	-0.0478922	0.0522543	0.997485	-0.109487	0.014708	0.993879	-0.0478922	0.0522543	0.997485	-0.109487	0.014708	0.993879	-2.74883	2.99531	-6.2864	0.842734	-2.74883	2.99531	-6.2864	0.842734	94.6117	102.536	129.78	87.5798	527.82	572.026	724.019	488.59	625.919	530.308	1	1	1
"
 tid_1820_time_16:4:58:913 DPETW@ "GAZE_LOG_CALI: 583.476	336.302	586.319	342.804	887.271	354.995	888.847	361.778	194.081	339.547	197.855	345.839	495.646	358.239	497.875	364.91	
-14.1402	-170.354	288.45	-151.401	-469.823	-164.295	-169.733	-145.202	-16.9843	-176.858	286.874	-158.186	-473.6	-170.589	-171.963	-151.874	-3.12439	-37.945	-562.746	63.5485	-33.5825	-560.978	-3.5265	-38.4795	-570.518	64.0849	-34.0568	-568.745	-3.77068	-39.5503	-565.426	63.5417	-35.2574	-563.998	-0.0468748	-0.20557	0.977519	-0.11026	-0.243708	0.963561	-0.0468748	0.0544357	0.997416	-0.11026	0.0139842	0.993804	-0.0468748	0.0544357	0.997416	-0.11026	0.0139842	0.993804	-2.69071	3.12048	-6.33092	0.80126	-2.69071	3.12048	-6.33092	0.80126	95.1568	103.722	129.388	87.2627	530.861	578.645	721.829	486.821	626.345	532.733	1	1	1
"
 tid_1820_time_16:4:58:935 DPETW@ "GAZE_LOG_CALI: 583.437	336.341	586.3	342.798	887.33	355.055	888.848	361.783	194.034	339.575	197.827	345.86	495.685	358.289	497.875	364.971	
-14.1598	-170.36	288.451	-151.396	-469.851	-164.274	-169.732	-145.141	-17.023	-176.819	286.933	-158.126	-473.647	-170.56	-171.924	-151.823	-3.12888	-37.9428	-562.738	63.5486	-33.5753	-560.979	-3.53107	-38.4772	-570.509	64.0851	-34.0495	-568.746	-3.77959	-39.5424	-565.42	63.552	-35.2437	-563.975	-0.0477403	-0.204618	0.977677	-0.107747	-0.241359	0.964436	-0.0477403	0.0553954	0.997322	-0.107747	0.0164797	0.994042	-0.0477403	0.0553954	0.997322	-0.107747	0.0164797	0.994042	-2.74057	3.17555	-6.18631	0.944259	-2.74057	3.17555	-6.18631	0.944259	94.6965	104.232	130.722	88.5791	528.293	581.49	729.272	494.165	628.783	537.827	1	1	1
"
 tid_1820_time_16:4:58:957 DPETW@ "GAZE_LOG_CALI: 583.308	336.256	586.141	342.758	887.178	354.914	888.741	361.639	193.929	339.456	197.715	345.786	495.488	358.178	497.816	364.818	
-14.319	-170.4	288.344	-151.54	-469.963	-164.348	-169.792	-145.295	-17.1516	-176.904	286.781	-158.267	-473.751	-170.68	-172.12	-151.935	-3.16393	-37.9592	-562.793	63.5317	-33.6115	-561.036	-3.56656	-38.4938	-570.564	64.0679	-34.0861	-568.803	-3.80813	-39.567	-565.447	63.5118	-35.2679	-563.913	-0.0461541	-0.205061	0.97766	-0.109881	-0.233493	0.96613	-0.0461541	0.0549635	0.997421	-0.109881	0.0245162	0.993642	-0.0461541	0.0549635	0.997421	-0.109881	0.0245162	0.993642	-2.64938	3.15076	-6.31037	1.40482	-2.64938	3.15076	-6.31037	1.40482	95.4928	103.975	129.555	92.7587	532.735	580.057	722.763	517.482	627.749	548.77	1	1	1
"
 tid_1820_time_16:4:58:979 DPETW@ "GAZE_LOG_CALI: 583.2	336.151	586.082	342.626	887.15	354.682	888.67	361.475	193.824	339.321	197.539	345.677	495.338	358.02	497.751	364.751	
-14.3778	-170.532	288.273	-151.704	-470.139	-164.457	-169.857	-145.361	-17.2597	-177.008	286.753	-158.499	-473.856	-170.815	-172.271	-152.093	-3.17645	-37.9761	-562.648	63.5168	-33.6372	-561.04	-3.57936	-38.511	-570.419	64.0528	-34.1122	-568.807	-3.83248	-39.5942	-565.455	63.4884	-35.302	-563.766	-0.0497583	-0.212943	0.975797	-0.108332	-0.22838	0.967526	-0.0497583	0.0468677	0.997661	-0.108332	0.0298162	0.993668	-0.0497583	0.0468677	0.997661	-0.108332	0.0298162	0.993668	-2.85526	2.6863	-6.22193	1.70859	-2.85526	2.6863	-6.22193	1.70859	93.6037	99.7384	130.357	95.5187	522.196	556.421	727.234	532.88	624.715	544.65	1	1	1
"
 tid_1820_time_16:4:59:1 DPETW@ "GAZE_LOG_CALI: 583.297	335.947	586.142	342.438	887.242	354.444	888.747	361.245	193.81	339.179	197.546	345.412	495.372	357.777	497.771	364.437	
-14.3171	-170.721	288.35	-151.934	-470.132	-164.722	-169.837	-145.675	-17.1632	-177.212	286.845	-158.737	-473.87	-170.957	-172.236	-152.335	-3.16248	-38.0217	-562.579	63.5259	-33.6935	-560.975	-3.56525	-38.5573	-570.35	64.0621	-34.1693	-568.742	-3.81054	-39.6233	-565.32	63.5006	-35.3505	-563.689	-0.0476498	-0.207067	0.977166	-0.107577	-0.226307	0.968097	-0.0476498	0.052898	0.997462	-0.107577	0.0319663	0.993683	-0.0476498	0.052898	0.997462	-0.107577	0.0319663	0.993683	-2.735	3.03225	-6.17884	1.83185	-2.735	3.03225	-6.17884	1.83185	94.7215	102.873	130.772	96.6079	528.433	573.909	729.549	538.956	628.991	556.433	1	1	1
"
 tid_1820_time_16:4:59:22 DPETW@ "GAZE_LOG_CALI: 583.547	335.535	586.517	342.004	887.569	354.127	889.029	360.897	194.038	338.775	197.804	344.956	495.758	357.379	498.01	364.071	
-13.9421	-171.154	288.632	-152.283	-469.874	-165.178	-169.597	-146.041	-16.9131	-177.625	287.172	-159.054	-473.642	-171.361	-171.85	-152.734	-3.07842	-38.11	-562.428	63.5821	-33.7687	-560.916	-3.48012	-38.647	-570.2	64.119	-34.2457	-568.683	-3.75376	-39.7114	-565.282	63.5818	-35.4349	-563.77	-0.0543083	-0.211245	0.975923	-0.10569	-0.233958	0.966485	-0.0543083	0.0485406	0.997344	-0.10569	0.0241585	0.994106	-0.0543083	0.0485406	0.997344	-0.10569	0.0241585	0.994106	-3.11685	2.78227	-6.06871	1.38431	-3.11685	2.78227	-6.06871	1.38431	91.3228	100.537	131.853	92.4379	509.471	560.874	735.579	515.692	622.525	538.283	1	1	1
"
 tid_1820_time_16:4:59:44 DPETW@ "GAZE_LOG_CALI: 584.983	335.257	587.311	341.717	889.292	354.029	890.033	360.804	195.317	338.402	198.617	344.847	497.399	357.319	498.901	363.948	
-13.1488	-171.442	289.636	-152.376	-469.061	-165.287	-168.707	-146.165	-15.4768	-177.903	288.896	-159.152	-472.363	-171.734	-170.209	-152.794	-2.90435	-38.1563	-562.468	63.7876	-33.7845	-560.783	-3.30358	-38.694	-570.239	64.3276	-34.2618	-568.549	-3.43411	-39.7706	-565.095	63.9527	-35.4462	-563.675	-0.0248316	-0.204803	0.978488	-0.0745319	-0.235451	0.969024	-0.0248316	0.0554271	0.998154	-0.0745319	0.0233736	0.996945	-0.0248316	0.0554271	0.998154	-0.0745319	0.0233737	0.996945	-1.42508	3.17737	-4.2755	1.33933	-1.42508	3.17737	-4.2755	1.33933	106.955	104.067	148.552	92.0064	596.679	580.571	828.743	513.285	712.711	546.928	1	1	1
"
 tid_1820_time_16:4:59:66 DPETW@ "GAZE_LOG_CALI: 590.834	335.155	590.394	341.757	895.013	354.099	892.797	360.895	201.175	338.404	201.703	344.89	503.23	357.26	501.761	364.051	
-10.0657	-171.401	292.402	-152.285	-465.974	-165.244	-165.846	-146.062	-9.62491	-178.004	294.62	-159.084	-466.503	-171.731	-164.378	-152.852	-2.22299	-38.1475	-562.48	64.4125	-33.7712	-560.924	-2.61264	-38.6851	-570.252	64.9611	-34.2481	-568.69	-2.13541	-39.7829	-565.127	65.2389	-35.4547	-563.841	0.090682	-0.208605	0.973787	0.0554991	-0.241071	0.968919	0.090682	0.0505378	0.994597	0.0554991	0.0179177	0.998298	0.090682	0.0505378	0.994597	0.0554991	0.0179177	0.998298	5.20952	2.89684	3.18201	1.02666	5.20952	2.89684	3.18201	1.02666	168.299	101.608	217.257	89.1154	938.906	566.85	1212.03	497.157	1075.47	532.004	1	1	1
"
 tid_1820_time_16:4:59:88 DPETW@ "GAZE_LOG_CALI: 595.133	335.656	592.635	342.021	898.639	354.599	894.463	361.246	205.348	338.743	203.773	345.031	506.756	357.731	503.567	364.45	
-7.8245	-171.137	294.068	-151.934	-463.903	-165.103	-164.041	-145.663	-5.32637	-177.504	298.247	-158.583	-462.328	-171.391	-160.851	-152.381	-1.72704	-38.0883	-562.271	64.8004	-33.6985	-561.098	-2.10989	-38.6252	-570.044	65.3543	-34.1743	-568.863	-1.18124	-39.6794	-564.991	66.0292	-35.3393	-563.727	0.177075	-0.201001	0.963454	0.127095	-0.219395	0.967322	0.177075	0.0552086	0.982648	0.127095	0.038442	0.991145	0.177075	0.0552086	0.982648	0.127095	0.038442	0.991145	10.2152	3.16483	7.30716	2.20311	10.2152	3.16483	7.30716	2.20311	215.298	104.516	255.61	100.032	1201.1	583.077	1426	558.059	1313.55	570.568	1	1	1
"
 tid_1820_time_16:4:59:110 DPETW@ "GAZE_LOG_CALI: 595.082	336.014	592.472	342.279	898.431	355.037	894.484	361.651	205.211	339.04	203.568	345.348	506.695	358.094	503.539	364.867	
-7.9868	-170.879	294.089	-151.529	-464.108	-164.785	-164.068	-145.245	-5.3771	-177.146	298.04	-158.145	-462.465	-171.095	-160.912	-152.018	-1.76295	-38.021	-562.218	64.798	-33.6042	-561.039	-2.14635	-38.5571	-569.99	65.3519	-34.0786	-568.804	-1.19244	-39.5992	-564.885	66.0046	-35.2617	-563.907	0.18007	-0.196728	0.963781	0.128465	-0.23285	0.96399	0.18007	0.0594199	0.981857	0.128465	0.0245828	0.991409	0.18007	0.0594199	0.981858	0.128465	0.0245828	0.991409	10.3924	3.40652	7.38314	1.40863	10.3924	3.40652	7.38314	1.40863	216.924	106.859	256.308	92.8297	1210.18	596.143	1429.89	517.879	1320.03	557.011	1	1	1
"
 tid_1820_time_16:4:59:133 DPETW@ "GAZE_LOG_CALI: 594.983	336.194	592.192	342.541	898.384	355.297	894.385	361.909	205.015	339.299	203.291	345.653	506.589	358.357	503.324	365.062	
-8.26746	-170.617	293.99	-151.271	-464.385	-164.481	-164.284	-145.05	-5.47647	-176.965	297.993	-157.885	-462.661	-170.836	-161.019	-151.755	-1.82468	-37.9584	-562.218	64.759	-33.5451	-560.887	-2.20894	-38.4936	-569.99	65.3125	-34.0189	-568.653	-1.21404	-39.5416	-564.759	65.9854	-35.1991	-563.834	0.183306	-0.193082	0.963908	0.134409	-0.235735	0.962478	0.183306	0.0629753	0.981037	0.134409	0.0214055	0.990695	0.183306	0.0629753	0.981037	0.134409	0.0214055	0.990695	10.5836	3.61061	7.72623	1.22654	10.5836	3.61061	7.72623	1.22654	218.668	108.841	259.434	91.2576	1219.91	607.2	1447.33	509.108	1333.62	558.154	1	1	1
"
 tid_1820_time_16:4:59:155 DPETW@ "GAZE_LOG_CALI: 594.93	336.451	592.159	342.719	898.528	355.443	894.47	362.128	204.955	339.461	203.171	345.804	506.623	358.517	503.387	365.214	
-8.3006	-170.439	294.076	-151.052	-464.505	-164.33	-164.22	-144.898	-5.52927	-176.708	298.136	-157.739	-462.721	-170.673	-160.984	-151.596	-1.8318	-37.9149	-562.111	64.7748	-33.5029	-560.866	-2.21624	-38.4495	-569.883	65.3286	-33.9761	-568.632	-1.22585	-39.4945	-564.751	66.0013	-35.1569	-563.701	0.185817	-0.196051	0.962827	0.131502	-0.230822	0.964069	0.185817	0.0598272	0.980761	0.131502	0.0265627	0.99096	0.185817	0.0598272	0.980761	0.131502	0.0265627	0.99096	10.7282	3.42989	7.55908	1.52211	10.7282	3.42989	7.55908	1.52211	220.008	107.238	257.898	94.0193	1227.38	598.259	1438.76	524.515	1333.07	561.387	1	1	1
"
 tid_1820_time_16:4:59:177 DPETW@ "GAZE_LOG_CALI: 595.103	336.48	592.35	342.744	898.632	355.466	894.643	362.102	205.045	339.573	203.293	345.862	506.799	358.571	503.631	365.228	
-8.10937	-170.414	294.249	-151.077	-464.383	-164.271	-163.977	-144.884	-5.35591	-176.68	298.241	-157.717	-462.631	-170.561	-160.809	-151.541	-1.7892	-37.8996	-562.022	64.8233	-33.5094	-560.955	-2.1731	-38.4341	-569.794	65.3776	-33.9826	-568.721	-1.18709	-39.4715	-564.645	66.0349	-35.1538	-563.788	0.184492	-0.194096	0.963478	0.128561	-0.229102	0.964875	0.184492	0.0618842	0.980884	0.128561	0.0284321	0.991294	0.184492	0.0618842	0.980884	0.128561	0.0284321	0.991294	10.6522	3.54797	7.38945	1.62926	10.6522	3.54797	7.38945	1.62926	219.318	108.362	256.385	94.9728	1223.53	604.53	1430.32	529.834	1326.93	567.182	1	1	1
"
 tid_1820_time_16:4:59:199 DPETW@ "GAZE_LOG_CALI: 595.202	336.327	592.571	342.674	898.863	355.394	894.863	361.994	205.17	339.362	203.467	345.788	507.03	358.521	503.779	365.14	
-7.88853	-170.484	294.469	-151.186	-464.209	-164.346	-163.829	-144.972	-5.25709	-176.832	298.472	-157.788	-462.506	-170.772	-160.577	-151.591	-1.74017	-37.9116	-561.962	64.8613	-33.5255	-560.861	-2.12343	-38.4463	-569.734	65.4163	-33.999	-568.627	-1.16489	-39.5139	-564.676	66.0861	-35.167	-563.786	0.182284	-0.203026	0.962057	0.133334	-0.232488	0.963416	0.182284	0.0528907	0.981822	0.133334	0.0247843	0.990761	0.182284	0.0528907	0.981822	0.133334	0.0247843	0.990761	10.5177	3.03183	7.66465	1.42018	10.5177	3.03183	7.66465	1.42018	218.088	103.547	258.964	93.0636	1216.67	577.668	1444.71	519.183	1330.69	548.426	1	1	1
"
 tid_1820_time_16:4:59:220 DPETW@ "GAZE_LOG_CALI: 596.248	335.882	593.092	342.262	899.884	355.211	895.45	361.924	206.185	338.987	203.942	345.385	508.087	358.268	504.47	364.981	
-7.36756	-170.897	295.056	-151.256	-463.734	-164.749	-163.137	-145.131	-4.211	-177.278	299.494	-157.972	-461.491	-171.147	-159.52	-151.844	-1.62508	-37.9979	-561.908	65.0065	-33.5592	-561.003	-2.00676	-38.534	-569.68	65.5634	-34.033	-568.769	-0.933174	-39.6028	-564.644	66.3183	-35.2185	-563.837	0.204156	-0.203244	0.957608	0.147211	-0.231164	0.961713	0.204156	0.0515282	0.977581	0.147211	0.025622	0.988773	0.204156	0.0515282	0.977581	0.147211	0.0256219	0.988773	11.796	2.95366	8.46815	1.46819	11.796	2.95366	8.46815	1.46819	230.293	102.867	266.602	93.466	1284.76	573.873	1487.32	521.428	1389.43	543.413	1	1	1
"
 tid_1820_time_16:4:59:242 DPETW@ "GAZE_LOG_CALI: 596.57	335.624	593.568	341.995	900.043	355.002	895.798	361.823	206.426	338.709	204.235	345.044	508.34	358.032	504.74	364.816	
-6.8914	-171.163	295.405	-151.357	-463.441	-165.09	-162.867	-145.296	-3.88871	-177.536	299.652	-158.18	-461.249	-171.426	-159.268	-152.08	-1.5196	-38.0499	-561.682	65.0718	-33.5821	-560.896	-1.89996	-38.5869	-569.455	65.6297	-34.0564	-568.661	-0.861824	-39.6556	-564.547	66.3676	-35.2755	-563.96	0.202425	-0.208381	0.956871	0.150196	-0.248168	0.957002	0.202425	0.0463759	0.978199	0.150196	0.00797859	0.988624	0.202425	0.0463759	0.978199	0.150196	0.00797859	0.988624	11.6916	2.6581	8.63858	0.457144	11.6916	2.6581	8.63858	0.457144	229.359	100.095	268.24	84.1493	1279.55	558.412	1496.46	469.452	1394.39	505.489	1	1	1
"
 tid_1820_time_16:4:59:264 DPETW@ "GAZE_LOG_CALI: 597.022	335.273	593.858	341.717	900.615	354.814	896.164	361.546	206.822	338.439	204.742	344.83	508.884	357.835	505.215	364.61	
-6.60073	-171.441	295.77	-151.634	-462.934	-165.304	-162.392	-145.502	-3.43683	-177.887	300.225	-158.369	-460.853	-171.695	-158.723	-152.277	-1.45642	-38.1229	-561.959	65.1687	-33.644	-561.04	-1.83568	-38.6607	-569.732	65.7279	-34.119	-568.806	-0.761238	-39.7194	-564.475	66.4906	-35.3162	-563.927	0.196485	-0.193607	0.961202	0.150114	-0.235599	0.960187	0.196485	0.061767	0.978559	0.150114	0.0209439	0.988447	0.196485	0.061767	0.978559	0.150114	0.0209439	0.988447	11.3535	3.54124	8.63547	1.20008	11.3535	3.54124	8.63547	1.20008	226.266	108.168	268.328	90.9057	1262.29	603.445	1496.95	507.145	1381.91	552.427	1	1	1
"
 tid_1820_time_16:4:59:286 DPETW@ "GAZE_LOG_CALI: 598.192	334.747	595.043	341.111	901.739	354.579	897.283	361.272	207.911	337.82	205.806	344.153	510.087	357.674	506.586	364.43	
-5.41565	-172.048	296.89	-151.909	-461.869	-165.981	-161.021	-145.682	-2.26683	-178.413	301.35	-158.604	-459.763	-172.314	-157.52	-152.438	-1.19431	-38.2546	-561.811	65.4534	-33.7138	-561.37	-1.56999	-38.7944	-569.583	66.0162	-34.1894	-569.136	-0.502159	-39.8401	-564.386	66.752	-35.3664	-564.03	0.197466	-0.193379	0.961047	0.139076	-0.222441	0.964976	0.197466	0.0619472	0.97835	0.139076	0.0348927	0.989667	0.197466	0.0619472	0.97835	0.139076	0.0348927	0.989667	11.411	3.55159	7.99929	1.99961	11.411	3.55159	7.99929	1.99961	227.042	108.169	262.734	98.1125	1266.62	603.453	1465.74	547.35	1366.18	575.401	1	1	1
"
 tid_1820_time_16:4:59:308 DPETW@ "GAZE_LOG_CALI: 599.32	334.522	596.127	340.935	902.816	354.67	898.403	361.455	208.928	337.613	206.783	343.97	511.252	357.841	507.735	364.59	
-4.33153	-172.224	298.011	-151.725	-460.892	-166.164	-159.872	-145.522	-1.13857	-178.637	302.427	-158.513	-458.747	-172.522	-156.355	-152.271	-0.954818	-38.2853	-561.68	65.705	-33.6776	-561.404	-1.32723	-38.8256	-569.452	66.2713	-34.1528	-569.169	-0.251694	-39.8781	-564.246	67.0044	-35.345	-564.149	0.198455	-0.194205	0.960677	0.140663	-0.228765	0.963266	0.198455	0.0610543	0.978207	0.140663	0.0283417	0.989652	0.198455	0.0610543	0.978207	0.140663	0.0283417	0.989652	11.4683	3.50033	8.08948	1.62408	11.4683	3.50033	8.08948	1.62408	227.8	107.693	263.834	94.6806	1270.85	600.796	1471.88	528.204	1372.34	563.273	1	1	1
"
 tid_1820_time_16:4:59:330 DPETW@ "GAZE_LOG_CALI: 600.332	334.497	597.176	340.872	903.665	354.893	899.223	361.707	209.757	337.523	207.635	343.949	512.249	358.042	508.697	364.783	
-3.2833	-172.287	298.831	-151.474	-460.039	-166.185	-158.91	-145.329	-0.126718	-178.663	303.277	-158.29	-457.917	-172.612	-155.358	-152.07	-0.723399	-38.2779	-561.438	65.9076	-33.6396	-561.593	-1.09272	-38.8184	-569.21	66.4766	-34.114	-569.358	-0.0279465	-39.8754	-564.027	67.2152	-35.3094	-564.335	0.197343	-0.195906	0.960561	0.14162	-0.229195	0.963023	0.197343	0.0593806	0.978534	0.14162	0.0278633	0.989529	0.197343	0.0593806	0.978534	0.14162	0.0278633	0.989529	11.402	3.40426	8.14476	1.59666	11.402	3.40426	8.14476	1.59666	227.359	106.845	264.582	94.4238	1268.39	596.065	1476.05	526.771	1373.5	559.803	1	1	1
"
 tid_1820_time_16:4:59:352 DPETW@ "GAZE_LOG_CALI: 602.288	334.433	599.072	340.86	905.356	355.421	901.012	362.129	211.489	337.538	209.26	343.969	514.353	358.573	510.701	365.271	
-1.387	-172.299	300.621	-151.052	-458.414	-166.164	-156.906	-144.841	1.82985	-178.727	304.969	-157.763	-456.184	-172.596	-153.254	-151.539	-0.304611	-38.2537	-561.098	66.3351	-33.5551	-561.867	-0.66827	-38.7942	-568.871	66.9097	-34.028	-569.631	0.405846	-39.8607	-563.747	67.6536	-35.2247	-564.87	0.201033	-0.199609	0.959032	0.149801	-0.240975	0.958901	0.201033	0.0554084	0.978016	0.149801	0.0154178	0.988596	0.201033	0.0554084	0.978016	0.149801	0.0154178	0.988596	11.6155	3.17629	8.6164	0.883409	11.6155	3.17629	8.6164	0.883409	229.742	104.836	269.457	87.8708	1281.68	584.859	1503.24	490.213	1397.19	531.603	1	1	1
"
 tid_1820_time_16:4:59:374 DPETW@ "GAZE_LOG_CALI: 603.626	334.519	600.6	340.905	906.682	355.884	902.185	362.699	212.678	337.62	210.515	344.006	515.635	359.03	511.944	365.774	
0.14094	-172.253	301.794	-150.481	-457.158	-166.127	-155.663	-144.338	3.16771	-178.641	306.295	-157.3	-454.995	-172.514	-151.971	-151.082	0.0313998	-38.222	-560.769	66.6054	-33.4421	-561.966	-0.32775	-38.7624	-568.542	67.1837	-33.9134	-569.73	0.70182	-39.8291	-563.566	67.9419	-35.1192	-564.821	0.198277	-0.205439	0.958374	0.148318	-0.235884	0.960396	0.198277	0.0496071	0.97889	0.148318	0.0207222	0.988723	0.198277	0.0496071	0.97889	0.148318	0.0207222	0.988723	11.4505	2.84345	8.5313	1.18738	11.4505	2.84345	8.5313	1.18738	228.456	101.82	268.954	90.7647	1274.51	568.036	1500.44	506.358	1391.85	531.644	1	1	1
"
 tid_1820_time_16:4:59:396 DPETW@ "GAZE_LOG_CALI: 605.027	334.546	601.899	340.95	907.835	356.234	903.549	362.97	213.902	337.672	211.719	344.029	517.049	359.397	513.392	366.071	
1.44022	-172.208	303.159	-150.21	-455.954	-166.104	-154.214	-144.041	4.56863	-178.614	307.448	-156.95	-453.77	-172.462	-150.558	-150.715	0.317718	-38.2064	-560.651	66.9198	-33.3853	-562.072	-0.0374779	-38.7467	-568.425	67.5024	-33.8557	-569.836	1.01147	-39.8051	-563.35	68.2377	-35.0593	-565.144	0.198337	-0.200125	0.959485	0.150078	-0.245686	0.957661	0.198337	0.0550274	0.978588	0.150078	0.0105467	0.988618	0.198337	0.0550274	0.978588	0.150078	0.0105467	0.988618	11.4573	3.15443	8.63195	0.604291	11.4573	3.15443	8.63195	0.604291	228.789	104.754	270.231	85.4085	1276.37	584.399	1507.57	476.477	1397.26	523.705	1	1	1
"
 tid_1820_time_16:4:59:418 DPETW@ "GAZE_LOG_CALI: 606.719	334.455	603.729	340.923	909.394	356.522	905.01	363.196	215.324	337.603	213.108	344.049	518.659	359.713	514.976	366.331	
3.27085	-172.236	304.62	-149.985	-454.564	-166.084	-152.63	-143.781	6.2612	-178.705	309.008	-156.661	-452.348	-172.531	-148.948	-150.399	0.72041	-38.1695	-560.1	67.262	-33.3413	-562.24	0.370529	-38.7098	-567.874	67.8492	-33.8109	-570.004	1.38499	-39.7994	-563.02	68.5925	-34.9963	-565.217	0.199826	-0.214609	0.95604	0.149033	-0.237695	0.959839	0.199826	0.0401451	0.979009	0.149033	0.018829	0.988653	0.199826	0.0401451	0.979009	0.149033	0.0188291	0.988653	11.5362	2.30077	8.57243	1.07889	11.5362	2.30077	8.57243	1.07889	229.837	96.9799	270.048	89.7969	1282.21	541.032	1506.54	500.959	1400.67	512.899	1	1	1
"
 tid_1820_time_16:4:59:440 DPETW@ "GAZE_LOG_CALI: 607.919	334.175	604.822	340.695	910.488	356.512	906.103	363.232	216.375	337.428	214.21	343.88	519.884	359.708	516.138	366.335	
4.36376	-172.464	305.714	-149.949	-453.462	-166.253	-151.468	-143.776	7.46136	-178.985	310.103	-156.672	-451.296	-172.706	-147.722	-150.404	0.960536	-38.2145	-560.121	67.5146	-33.3422	-562.334	0.614056	-38.7555	-567.894	68.1053	-33.8117	-570.097	1.64937	-39.8371	-562.844	68.8565	-35.0087	-565.393	0.196562	-0.205362	0.958744	0.152935	-0.243674	0.957723	0.196562	0.0497764	0.979227	0.152935	0.0125059	0.988157	0.196562	0.0497764	0.979227	0.152935	0.0125059	0.988157	11.3502	2.85316	8.79775	0.716553	11.3502	2.85316	8.79775	0.716553	228.324	102.044	272.425	86.4273	1273.77	569.283	1519.81	482.16	1402.87	518.004	1	1	1
"
 tid_1820_time_16:4:59:462 DPETW@ "GAZE_LOG_CALI: 608.925	333.604	605.83	340.039	911.467	356.22	906.996	362.914	217.239	336.851	214.988	343.231	520.838	359.405	517.065	366.084	
5.37207	-173.12	306.608	-150.267	-452.684	-166.901	-150.541	-144.027	8.46712	-179.556	311.083	-156.964	-450.432	-173.283	-146.768	-150.707	1.18188	-38.3387	-559.835	67.7177	-33.4076	-562.378	0.83834	-38.8816	-567.609	68.3111	-33.878	-570.142	1.87135	-39.9517	-562.669	69.0708	-35.0731	-565.365	0.200254	-0.207441	0.957531	0.152471	-0.23985	0.958762	0.200254	0.047455	0.978594	0.152471	0.016468	0.988171	0.200254	0.047455	0.978594	0.152471	0.016468	0.988171	11.565	2.71999	8.77135	0.943592	11.565	2.71999	8.77135	0.943592	230.516	100.764	272.388	88.4521	1286	562.141	1519.6	493.456	1409.2	519.818	1	1	1
"
 tid_1820_time_16:4:59:483 DPETW@ "GAZE_LOG_CALI: 609.274	333.202	606.072	339.714	911.684	355.874	907.324	362.689	217.436	336.4	215.146	342.928	521.045	359.092	517.501	365.871	
5.61391	-173.445	306.936	-150.493	-452.525	-167.205	-150.106	-144.241	8.81602	-179.958	311.3	-157.31	-450.235	-173.734	-146.561	-151.019	1.23494	-38.4008	-559.73	67.8068	-33.4643	-562.516	0.892094	-38.9447	-567.504	68.4014	-33.9354	-570.279	1.94785	-40.0328	-562.481	69.1178	-35.1459	-565.359	0.20123	-0.207389	0.957338	0.139994	-0.236538	0.961484	0.20123	0.0474548	0.978394	0.139994	0.0203721	0.989943	0.20123	0.0474548	0.978394	0.139994	0.0203721	0.989943	11.6222	2.71998	8.04918	1.16732	11.6222	2.71998	8.04918	1.16732	231.086	100.729	265.749	90.4136	1289.18	561.949	1482.56	504.399	1390.46	527.282	1	1	1
"
 tid_1820_time_16:4:59:505 DPETW@ "GAZE_LOG_CALI: 609.101	333.009	605.999	339.513	911.598	355.668	907.203	362.485	217.251	336.27	214.951	342.673	520.926	358.878	517.372	365.662	
5.54067	-173.645	306.815	-150.696	-452.72	-167.46	-150.235	-144.449	8.64279	-180.151	311.213	-157.516	-450.42	-173.864	-146.681	-151.234	1.21837	-38.4406	-559.579	67.7786	-33.509	-562.501	0.875193	-38.9853	-567.353	68.3728	-33.9807	-570.264	1.90944	-40.0676	-562.467	69.0935	-35.1902	-565.317	0.202383	-0.211784	0.956132	0.140134	-0.235166	0.9618	0.202383	0.0428975	0.978367	0.140134	0.0217792	0.989893	0.202383	0.0428975	0.978366	0.140134	0.0217792	0.989893	11.6872	2.4586	8.05752	1.24795	11.6872	2.4586	8.05752	1.24795	231.652	98.3013	265.794	91.1184	1292.34	548.403	1482.81	508.331	1392.7	521.756	1	1	1
"
 tid_1820_time_16:4:59:527 DPETW@ "GAZE_LOG_CALI: 608.569	332.949	605.579	339.479	911.039	355.663	906.81	362.468	216.604	336.189	214.426	342.727	520.393	358.848	516.805	365.626	
5.12029	-173.679	306.422	-150.713	-453.245	-167.406	-150.802	-144.486	8.11071	-180.211	310.654	-157.521	-451.068	-173.945	-147.213	-151.264	1.12525	-38.4297	-559.451	67.6653	-33.5025	-562.289	0.780681	-38.9743	-567.224	68.2581	-33.9743	-570.052	1.79134	-40.073	-562.322	68.9728	-35.1953	-565.338	0.197204	-0.214384	0.956635	0.145204	-0.248082	0.957795	0.197204	0.0405161	0.979525	0.145204	0.00826626	0.989367	0.197204	0.0405161	0.979525	0.145204	0.00826626	0.989367	11.383	2.32204	8.34939	0.473627	11.383	2.32204	8.34939	0.473627	228.658	97.0495	268.374	84.0288	1275.64	541.42	1497.2	468.78	1393.43	495.645	1	1	1
"
 tid_1820_time_16:4:59:549 DPETW@ "GAZE_LOG_CALI: 607.833	333.054	604.768	339.583	910.481	355.62	906.077	362.451	215.793	336.327	213.727	342.793	519.652	358.85	515.944	365.634	
4.3092	-173.576	305.688	-150.73	-453.945	-167.34	-151.663	-144.478	7.37488	-180.106	310.096	-157.564	-451.879	-173.807	-147.954	-151.262	0.947217	-38.4206	-559.589	67.4832	-33.4934	-562.118	0.600219	-38.965	-567.362	68.0737	-33.9652	-569.881	1.62922	-40.0388	-562.216	68.8206	-35.186	-565.111	0.192097	-0.20047	0.960682	0.149972	-0.245126	0.957821	0.192097	0.0550035	0.979833	0.149972	0.0111292	0.988628	0.192097	0.0550035	0.979833	0.149972	0.0111292	0.988628	11.0922	3.15306	8.62585	0.637668	11.0922	3.15306	8.62585	0.637668	225.763	104.707	270.748	85.5997	1259.49	584.139	1510.45	477.543	1389.68	524.748	1	1	1
"
 tid_1820_time_16:4:59:571 DPETW@ "GAZE_LOG_CALI: 606.926	333.118	603.819	339.68	909.642	355.549	905.328	362.33	214.857	336.401	212.719	342.864	518.697	358.751	514.979	365.497	
3.36101	-173.478	304.939	-150.852	-454.953	-167.269	-152.628	-144.614	6.46813	-180.042	309.256	-157.635	-452.815	-173.733	-148.91	-151.361	0.739029	-38.3964	-559.506	67.2847	-33.5056	-561.839	0.389039	-38.9405	-567.279	67.8726	-33.9778	-569.603	1.42861	-40.0209	-562.179	68.616	-35.1958	-564.963	0.195568	-0.203238	0.9594	0.153145	-0.250911	0.955819	0.195568	0.0519983	0.979311	0.153145	0.00502232	0.988191	0.195568	0.0519983	0.979311	0.153145	0.00502232	0.988191	11.2934	2.98063	8.80933	0.287759	11.2934	2.98063	8.80933	0.287759	227.433	103.169	272.22	82.4255	1268.8	575.558	1518.66	459.836	1400.26	509.241	1	1	1
"
 tid_1820_time_16:4:59:592 DPETW@ "GAZE_LOG_CALI: 605.604	333.296	602.621	339.788	908.492	355.47	904.116	362.14	213.477	336.549	211.334	342.963	517.448	358.655	513.848	365.401	
2.16269	-173.371	303.726	-151.041	-456.339	-167.17	-153.759	-144.71	5.14583	-179.864	308.106	-157.714	-454.195	-173.585	-150.159	-151.457	0.475118	-38.3579	-559.271	67.0285	-33.5429	-561.933	0.12125	-38.9017	-567.044	67.6128	-34.0156	-569.697	1.13601	-39.98	-562.107	68.345	-35.2072	-564.829	0.196864	-0.209192	0.957853	0.144565	-0.235272	0.961118	0.196864	0.0458465	0.979358	0.144565	0.0215009	0.989262	0.196864	0.0458465	0.979358	0.144565	0.0215009	0.989262	11.3657	2.62773	8.314	1.232	11.3657	2.62773	8.314	1.232	227.805	99.991	267.346	91.0792	1270.88	557.83	1491.47	508.113	1385.43	527.449	1	1	1
"
 tid_1820_time_16:4:59:614 DPETW@ "GAZE_LOG_CALI: 604.689	333.517	601.669	339.964	907.635	355.409	903.282	362.187	212.518	336.662	210.294	343.022	516.43	358.576	512.869	365.315	
1.21017	-173.195	302.892	-150.994	-457.379	-167.111	-154.737	-144.797	4.2306	-179.643	307.249	-157.775	-455.155	-173.472	-151.177	-151.536	0.266181	-38.3242	-559.154	66.8227	-33.5371	-561.759	-0.0907159	-38.8676	-566.927	67.4042	-34.0099	-569.523	0.934242	-39.9387	-562.044	68.1297	-35.21	-564.62	0.200871	-0.209925	0.956861	0.142267	-0.235343	0.961443	0.200871	0.044882	0.978589	0.142267	0.0215156	0.989594	0.200871	0.044882	0.978589	0.142267	0.0215156	0.989594	11.5998	2.57241	8.18096	1.23285	11.5998	2.57241	8.18096	1.23285	229.781	99.5567	265.873	91.1302	1281.9	555.407	1483.25	508.397	1387.02	526.135	1	1	1
"
 tid_1820_time_16:4:59:636 DPETW@ "GAZE_LOG_CALI: 603.87	333.714	600.831	340.108	907.019	355.47	902.673	362.193	211.672	336.898	209.552	343.335	515.687	358.666	511.983	365.365	
0.372401	-173.051	302.283	-150.988	-458.121	-166.799	-155.624	-144.746	3.41126	-179.446	306.632	-157.714	-456.001	-173.236	-151.92	-151.446	0.0818472	-38.2821	-559.273	66.6459	-33.5095	-561.397	-0.277576	-38.8248	-567.046	67.2254	-33.9822	-569.161	0.753441	-39.8882	-562.005	67.9735	-35.1835	-564.463	0.196251	-0.202401	0.959437	0.152474	-0.244841	0.957499	0.196251	0.0528161	0.97913	0.152474	0.0113213	0.988243	0.196251	0.0528161	0.97913	0.152474	0.0113213	0.988243	11.3338	3.02755	8.77089	0.648675	11.3338	3.02755	8.77089	0.648675	227.109	103.77	271.148	85.8656	1267	578.909	1512.68	479.027	1395.09	522.238	1	1	1
"
 tid_1820_time_16:4:59:659 DPETW@ "GAZE_LOG_CALI: 603.267	333.968	600.175	340.443	906.506	355.43	902.119	362.137	210.992	337.105	208.868	343.652	515.021	358.609	511.497	365.308	
-0.283406	-172.716	301.728	-151.044	-458.806	-166.482	-156.11	-144.804	2.80868	-179.192	306.119	-157.754	-456.682	-173.03	-152.585	-151.503	-0.0617907	-38.2076	-559.229	66.5336	-33.5271	-561.482	-0.423273	-38.7493	-567.002	67.1114	-34	-569.246	0.620392	-39.8304	-561.906	67.8364	-35.1823	-564.269	0.196412	-0.203467	0.959179	0.140317	-0.228839	0.963298	0.196412	0.0517194	0.979156	0.140317	0.0282787	0.989703	0.196412	0.0517194	0.979156	0.140317	0.0282787	0.989703	11.3426	2.96463	8.06946	1.62047	11.3426	2.96463	8.06946	1.62047	227.042	103.27	264.504	94.7774	1266.62	576.122	1475.62	528.744	1373.05	549.949	1	1	1
"
 tid_1820_time_16:4:59:681 DPETW@ "GAZE_LOG_CALI: 602.926	333.887	599.846	340.363	906.333	355.233	901.905	361.928	210.627	337.082	208.463	343.535	514.758	358.374	511.06	365.084	
-0.612347	-172.796	301.515	-151.253	-459.211	-166.598	-156.547	-145.028	2.46783	-179.273	305.945	-157.95	-457.046	-173.052	-152.849	-151.738	-0.133863	-38.2226	-559.131	66.4532	-33.5585	-561.204	-0.496428	-38.7646	-566.904	67.0301	-34.032	-568.968	0.545021	-39.8397	-561.875	67.7841	-35.2228	-564.148	0.198501	-0.204923	0.958438	0.150163	-0.23715	0.959797	0.198501	0.0501221	0.978818	0.150163	0.0193448	0.988472	0.198501	0.0501221	0.978818	0.150163	0.0193448	0.988472	11.4639	2.87299	8.63801	1.10844	11.4639	2.87299	8.63801	1.10844	228.094	102.437	269.681	90.1059	1272.49	571.477	1504.5	502.683	1392.95	531.428	1	1	1
"
 tid_1820_time_16:4:59:703 DPETW@ "GAZE_LOG_CALI: 602.66	333.718	599.571	340.185	906.056	354.884	901.77	361.716	210.254	336.936	208.006	343.305	514.48	358.072	510.819	364.796	
-0.887817	-172.973	301.379	-151.465	-459.669	-166.829	-156.788	-145.316	2.20158	-179.442	305.669	-158.3	-457.42	-173.198	-153.127	-152.041	-0.194146	-38.2518	-558.901	66.4072	-33.6052	-561.061	-0.557714	-38.7944	-566.674	66.9837	-34.0796	-568.826	0.486259	-39.8649	-561.739	67.7225	-35.295	-564.145	0.202451	-0.207594	0.957036	0.151028	-0.248458	0.956796	0.202451	0.0471792	0.978155	0.151028	0.00764522	0.9885	0.202451	0.0471792	0.978155	0.151028	0.00764522	0.9885	11.6935	2.70417	8.68676	0.438043	11.6935	2.70417	8.68676	0.438043	230.153	100.912	270.067	83.9099	1283.98	562.969	1506.65	468.117	1402.15	506.678	1	1	1
"
 tid_1820_time_16:4:59:725 DPETW@ "GAZE_LOG_CALI: 602.08	333.615	598.937	340.026	905.6	354.487	901.273	361.243	209.584	336.759	207.412	343.144	513.854	357.764	510.177	364.457	
-1.5222	-173.132	300.882	-151.938	-460.262	-166.99	-157.431	-145.655	1.62103	-179.545	305.213	-158.696	-458.09	-173.376	-153.753	-152.348	-0.333563	-38.2906	-558.952	66.2761	-33.6844	-560.886	-0.699064	-38.8337	-566.724	66.8509	-34.16	-568.651	0.358467	-39.8878	-561.622	67.5956	-35.3598	-563.931	0.198938	-0.198289	0.959742	0.151163	-0.243541	0.958038	0.198938	0.0568675	0.978361	0.151163	0.0127163	0.988427	0.198938	0.0568675	0.978361	0.151163	0.0127163	0.988427	11.4937	3.26002	8.69505	0.72861	11.4937	3.26002	8.69505	0.72861	228.133	105.999	269.982	86.5558	1272.71	591.349	1506.18	482.878	1393.98	531.385	1	1	1
"
 tid_1820_time_16:4:59:747 DPETW@ "GAZE_LOG_CALI: 601.45	333.788	598.38	340.198	905.068	354.486	900.765	361.203	208.855	336.874	206.781	343.329	513.186	357.738	509.656	364.462	
-2.07918	-172.96	300.374	-151.978	-460.894	-166.805	-157.951	-145.65	0.991284	-179.372	304.68	-158.698	-458.82	-173.261	-154.421	-152.374	-0.455886	-38.2449	-558.858	66.1619	-33.6871	-560.866	-0.82318	-38.7875	-566.63	66.7352	-34.1628	-568.631	0.219566	-39.847	-561.494	67.4569	-35.3522	-563.758	0.195025	-0.198166	0.96057	0.142439	-0.234721	0.96157	0.195025	0.0572002	0.979129	0.142439	0.0221498	0.989556	0.195025	0.0572002	0.979129	0.142439	0.0221498	0.989556	11.2648	3.27912	8.19103	1.26919	11.2648	3.27912	8.19103	1.26919	225.835	106.216	265.168	91.5289	1259.89	592.56	1479.32	510.621	1371.51	549.137	1	1	1
"
 tid_1820_time_16:4:59:769 DPETW@ "GAZE_LOG_CALI: 600.57	334.105	597.566	340.63	904.402	354.723	900.016	361.482	207.899	337.298	205.792	343.783	512.378	357.936	508.763	364.664	
-2.89284	-172.528	299.625	-151.699	-461.883	-166.351	-158.844	-145.448	0.111825	-179.055	304.013	-158.461	-459.775	-172.837	-155.229	-152.176	-0.634466	-38.1326	-558.636	65.9749	-33.6229	-560.676	-1.00444	-38.6738	-566.409	66.5457	-34.0979	-568.441	0.0256348	-39.7583	-561.395	67.2878	-35.2928	-563.578	0.196863	-0.207265	0.958272	0.146612	-0.23608	0.96061	0.196863	0.0478168	0.979264	0.146612	0.0205886	0.98898	0.196863	0.0478168	0.979264	0.146612	0.0205886	0.98898	11.3668	2.74075	8.43246	1.17972	11.3668	2.74075	8.43246	1.17972	226.577	101.396	267.202	90.8198	1264.03	565.668	1490.67	506.665	1381.05	531.338	1	1	1
"
 tid_1820_time_16:4:59:791 DPETW@ "GAZE_LOG_CALI: 599.973	334.481	596.88	340.936	903.78	354.867	899.525	361.665	207.226	337.604	205.006	344.03	511.71	358.084	508.059	364.833	
-3.57922	-172.223	299.133	-151.516	-462.669	-166.104	-159.548	-145.278	-0.485204	-178.678	303.391	-158.316	-460.45	-172.531	-155.897	-152.028	-0.784269	-38.0629	-558.502	65.8349	-33.5678	-560.405	-1.15645	-38.6032	-566.274	66.404	-34.0423	-568.169	-0.106354	-39.6764	-561.301	67.1427	-35.2567	-563.517	0.202119	-0.206567	0.957329	0.151866	-0.249665	0.956349	0.202119	0.0482467	0.978172	0.151866	0.00636397	0.988381	0.202119	0.0482467	0.978172	0.151866	0.00636397	0.988381	11.6747	2.76541	8.73525	0.364631	11.6747	2.76541	8.73525	0.364631	229.307	101.75	269.844	83.435	1279.26	567.643	1505.41	465.467	1398.84	508.075	1	1	1
"
 tid_1820_time_16:4:59:813 DPETW@ "GAZE_LOG_CALI: 599.48	334.687	596.45	341.145	903.446	354.97	899.013	361.733	206.641	337.841	204.571	344.288	511.247	358.148	507.64	364.883	
-4.00918	-172.013	298.621	-151.448	-463.105	-165.846	-159.967	-145.228	-0.978343	-178.473	303.057	-158.214	-461.035	-172.294	-156.36	-151.964	-0.878959	-38.0112	-558.497	65.7358	-33.5621	-560.526	-1.25249	-38.5508	-566.269	66.3034	-34.0364	-568.291	-0.215225	-39.6195	-561.186	67.0493	-35.228	-563.351	0.195832	-0.201765	0.959657	0.145233	-0.232027	0.961806	0.195832	0.0534874	0.979178	0.145233	0.0248126	0.989086	0.195832	0.0534874	0.979178	0.145233	0.0248126	0.989086	11.3097	3.06607	8.35338	1.4218	11.3097	3.06607	8.35338	1.4218	225.771	104.553	266.204	93.1431	1259.53	583.279	1485.1	519.627	1374.41	548.764	1	1	1
"
 tid_1820_time_16:4:59:834 DPETW@ "GAZE_LOG_CALI: 599.085	334.892	595.982	341.355	903.237	354.989	898.824	361.797	206.176	338.026	203.952	344.528	510.911	358.198	507.217	364.911	
-4.47662	-171.804	298.432	-151.383	-463.723	-165.605	-160.39	-145.201	-1.37376	-178.268	302.848	-158.195	-461.499	-172.108	-156.696	-151.914	-0.981177	-37.949	-558.306	65.6594	-33.5343	-560.227	-1.35629	-38.4879	-566.079	66.2263	-34.0084	-567.992	-0.301872	-39.5699	-561.093	66.984	-35.2105	-563.194	0.202402	-0.207708	0.957022	0.151423	-0.240214	0.958837	0.202402	0.0470654	0.978171	0.151423	0.0161365	0.988337	0.202402	0.0470654	0.978171	0.151423	0.0161365	0.988337	11.6906	2.69765	8.71052	0.924592	11.6906	2.69765	8.71052	0.924592	229.225	101.278	269.411	88.6709	1278.8	565.009	1502.99	494.677	1396.15	523.129	1	1	1
"
 tid_1820_time_16:4:59:856 DPETW@ "GAZE_LOG_CALI: 599.099	334.917	595.965	341.393	903.159	355.004	898.83	361.814	206.11	338.032	203.898	344.599	510.818	358.206	507.166	364.932	
-4.49359	-171.765	298.437	-151.367	-463.778	-165.535	-160.441	-145.179	-1.35972	-178.243	302.77	-158.18	-461.565	-172.102	-156.789	-151.906	-0.984655	-37.9336	-558.257	65.6524	-33.526	-560.158	-1.35985	-38.4724	-566.029	66.2192	-34	-567.923	-0.298477	-39.5594	-560.991	66.9644	-35.2067	-563.173	0.201691	-0.206567	0.957419	0.150316	-0.243388	0.958211	0.201691	0.0482703	0.978259	0.150316	0.0129088	0.988554	0.201691	0.0482703	0.978259	0.150316	0.0129088	0.988554	11.6496	2.76676	8.64594	0.739643	11.6496	2.76676	8.64594	0.739643	228.825	101.94	268.792	86.9908	1276.57	568.702	1499.54	485.304	1393.33	520.186	1	1	1
"
 tid_1820_time_16:4:59:878 DPETW@ "GAZE_LOG_CALI: 599.171	334.961	596.017	341.392	903.328	355.025	898.92	361.844	206.073	338.055	203.908	344.614	510.871	358.267	507.226	364.953	
-4.44183	-171.767	298.528	-151.337	-463.768	-165.52	-160.381	-145.159	-1.28794	-178.199	302.939	-158.159	-461.602	-172.079	-156.736	-151.846	-0.973486	-37.9289	-558.208	65.6676	-33.5178	-560.114	-1.34855	-38.4676	-565.98	66.2347	-33.9918	-567.879	-0.282982	-39.5428	-560.86	66.9848	-35.1889	-563.033	0.199582	-0.201385	0.958964	0.148602	-0.237172	0.960035	0.199582	0.0536753	0.97841	0.148602	0.0193843	0.988707	0.199582	0.0536753	0.97841	0.148602	0.0193843	0.988707	11.5293	3.07685	8.54752	1.11071	11.5293	3.07685	8.54752	1.11071	227.692	104.816	267.885	90.4246	1270.25	584.746	1494.48	504.461	1385.74	540.328	1	1	1
"
 tid_1820_time_16:4:59:900 DPETW@ "GAZE_LOG_CALI: 599.355	334.847	596.255	341.325	903.547	354.995	899.183	361.753	206.179	337.984	203.987	344.491	511.015	358.227	507.458	364.935	
-4.20347	-171.834	298.791	-151.427	-463.689	-165.643	-160.15	-145.177	-1.1036	-178.312	303.158	-158.188	-461.497	-172.151	-156.592	-151.886	-0.920445	-37.936	-558.006	65.7211	-33.5275	-560.079	-1.2949	-38.475	-565.778	66.2889	-34.0017	-567.844	-0.242699	-39.5566	-560.767	67.0217	-35.1901	-562.929	0.201059	-0.206672	0.957529	0.143414	-0.232598	0.961941	0.201059	0.0481965	0.978393	0.143414	0.0242961	0.989364	0.201059	0.0481965	0.978393	0.143414	0.0242961	0.989364	11.6126	2.76253	8.24792	1.3922	11.6126	2.76253	8.24792	1.3922	228.49	101.948	265.147	93.0058	1274.7	568.746	1479.2	518.861	1380	539.885	1	1	1
"
 tid_1820_time_16:4:59:922 DPETW@ "GAZE_LOG_CALI: 599.509	334.727	596.405	341.138	903.745	354.824	899.399	361.629	206.296	337.853	204.028	344.235	511.131	358.048	507.533	364.814	
-4.05423	-172.021	299.007	-151.552	-463.648	-165.898	-160.074	-145.298	-0.950143	-178.433	303.356	-158.36	-461.38	-172.282	-156.476	-152.064	-0.8879	-37.9758	-557.876	65.7479	-33.5439	-559.899	-1.26198	-38.5155	-565.649	66.3163	-34.0184	-567.664	-0.208649	-39.581	-560.72	67.0536	-35.2229	-562.834	0.204469	-0.206825	0.956774	0.146516	-0.239357	0.959813	0.204469	0.0478536	0.977703	0.146516	0.0172171	0.989058	0.204469	0.0478536	0.977703	0.146516	0.0172171	0.989058	11.8121	2.74286	8.42635	0.986517	11.8121	2.74286	8.42635	0.986517	230.378	101.772	266.807	89.3043	1285.23	567.764	1488.47	498.211	1391.53	526.991	1	1	1
"
 tid_1820_time_16:4:59:944 DPETW@ "GAZE_LOG_CALI: 599.517	334.546	596.501	341.015	903.776	354.683	899.52	361.431	206.314	337.732	204.052	344.102	511.144	357.923	507.588	364.655	
-3.95779	-172.143	299.128	-151.75	-463.624	-166.032	-160.019	-145.457	-0.941353	-178.613	303.388	-158.5	-461.361	-172.403	-156.463	-152.189	-0.866192	-37.9975	-557.782	65.7649	-33.5783	-559.817	-1.24003	-38.5376	-565.554	66.3336	-34.0534	-567.582	-0.206604	-39.615	-560.73	67.0578	-35.2507	-562.806	0.204656	-0.213364	0.955297	0.145513	-0.240588	0.959658	0.204656	0.0411551	0.977968	0.145513	0.0159881	0.989227	0.204656	0.0411551	0.977968	0.145513	0.0159881	0.989227	11.8195	2.35868	8.36807	0.916087	11.8195	2.35868	8.36807	0.916087	230.45	98.2144	266.27	88.6411	1285.63	547.918	1485.47	494.511	1391.12	513.898	1	1	1
"
 tid_1820_time_16:4:59:967 DPETW@ "GAZE_LOG_CALI: 599.38	334.361	596.28	340.835	903.67	354.513	899.284	361.225	206.078	337.498	203.914	343.979	510.905	357.734	507.323	364.418	
-4.1793	-172.323	298.892	-151.956	-463.762	-166.155	-160.284	-145.694	-1.07833	-178.799	303.282	-158.67	-461.597	-172.637	-156.702	-152.378	-0.91492	-38.0378	-557.885	65.7088	-33.6252	-559.785	-1.28938	-38.5783	-565.657	66.2767	-34.101	-567.549	-0.23732	-39.6532	-560.614	67.0146	-35.2802	-562.643	0.199927	-0.204269	0.958281	0.144686	-0.23121	0.962085	0.199927	0.0507124	0.978497	0.144686	0.0256747	0.989145	0.199927	0.0507124	0.978497	0.144686	0.0256747	0.989145	11.5478	2.90685	8.32184	1.47121	11.5478	2.90685	8.32184	1.47121	227.856	103.202	265.777	93.7077	1271.16	575.743	1482.72	522.777	1379.54	545.953	1	1	1
"
 tid_1820_time_16:4:59:989 DPETW@ "GAZE_LOG_CALI: 599.029	334.405	595.877	340.911	903.368	354.483	898.953	361.176	205.736	337.557	203.641	343.964	510.594	357.681	506.922	364.434	
-4.58167	-172.247	298.561	-152.004	-464.035	-166.17	-160.685	-145.678	-1.43004	-178.755	302.979	-158.701	-461.939	-172.578	-157.013	-152.432	-1.0033	-38.042	-558.045	65.6255	-33.6237	-559.698	-1.3789	-38.5824	-565.818	66.1924	-34.0996	-567.463	-0.314148	-39.6421	-560.618	66.9464	-35.289	-562.633	0.19673	-0.195798	0.960708	0.149859	-0.236411	0.960027	0.19673	0.0595237	0.978649	0.149859	0.0201176	0.988503	0.196729	0.0595237	0.978649	0.149859	0.0201176	0.988503	11.3662	3.41247	8.62054	1.15273	11.3662	3.41247	8.62054	1.15273	226.087	107.828	268.458	90.8083	1261.3	601.548	1497.67	506.601	1381.87	551.087	1	1	1
"
 tid_1820_time_16:5:0:11 DPETW@ "GAZE_LOG_CALI: 598.605	334.593	595.624	340.99	902.968	354.593	898.616	361.308	205.309	337.697	203.098	344.113	510.173	357.839	506.661	364.538	
-4.83462	-172.169	298.224	-151.873	-464.579	-166.021	-160.946	-145.574	-1.85377	-178.567	302.579	-158.59	-462.367	-172.438	-157.434	-152.273	-1.05817	-37.9925	-557.682	65.5622	-33.6032	-559.788	-1.43479	-38.5326	-565.454	66.1281	-34.0787	-567.553	-0.408028	-39.606	-560.618	66.8544	-35.2572	-562.601	0.202935	-0.212152	0.955933	0.141242	-0.229197	0.963078	0.202935	0.0424904	0.97827	0.141242	0.0278757	0.989582	0.202935	0.0424904	0.97827	0.141242	0.0278757	0.989583	11.7194	2.43526	8.1229	1.59737	11.7194	2.43526	8.1229	1.59737	229.29	98.9414	263.782	94.8819	1279.16	551.974	1471.59	529.327	1378.57	536.503	1	1	1
"
 tid_1820_time_16:5:0:34 DPETW@ "GAZE_LOG_CALI: 598.173	334.846	595.075	341.25	902.526	354.791	898.121	361.598	204.882	337.968	202.84	344.455	509.751	358.008	506.046	364.788	
-5.38379	-171.909	297.728	-151.582	-464.837	-165.679	-161.561	-145.324	-2.28544	-178.314	302.137	-158.392	-462.794	-172.167	-157.856	-152.104	-1.17886	-37.9506	-558.038	65.4354	-33.5344	-559.631	-1.55695	-38.4897	-565.81	65.9997	-34.009	-567.396	-0.503265	-39.5486	-560.624	66.7597	-35.2187	-562.633	0.195233	-0.196202	0.960931	0.152833	-0.243251	0.957847	0.195233	0.0591906	0.978969	0.152833	0.0129471	0.988167	0.195233	0.0591906	0.978969	0.152833	0.0129471	0.988167	11.2784	3.39335	8.79188	0.741837	11.2784	3.39335	8.79188	0.741837	225.086	107.733	269.853	87.1347	1255.71	601.023	1505.46	486.107	1383.91	539.32	1	1	1
"
 tid_1820_time_16:5:0:56 DPETW@ "GAZE_LOG_CALI: 598.088	335.065	594.982	341.525	902.488	354.993	898.015	361.731	204.845	338.187	202.739	344.773	509.682	358.187	505.999	364.867	
-5.47681	-171.633	297.622	-151.45	-464.937	-165.361	-161.609	-145.245	-2.37127	-178.095	302.098	-158.19	-462.831	-171.948	-157.925	-151.925	-1.19981	-37.8851	-558.034	65.4207	-33.5156	-559.708	-1.5782	-38.4233	-565.806	65.9847	-33.9899	-567.473	-0.521706	-39.5041	-560.678	66.7465	-35.1738	-562.59	0.197596	-0.202137	0.959216	0.149915	-0.232961	0.960861	0.197596	0.0530137	0.978849	0.149915	0.0236662	0.988416	0.197596	0.0530137	0.978849	0.149915	0.0236662	0.988416	11.4127	3.03889	8.62444	1.3561	11.4127	3.03889	8.62444	1.3561	226.332	104.532	268.292	92.7846	1262.66	583.162	1496.75	517.627	1382.4	546.986	1	1	1
"
 tid_1820_time_16:5:0:78 DPETW@ "GAZE_LOG_CALI: 598.297	335.217	595.178	341.698	902.633	355.059	898.248	361.786	205.088	338.425	202.914	344.889	509.933	358.239	506.281	364.95	
-5.2813	-171.46	297.855	-151.394	-464.762	-165.245	-161.327	-145.162	-2.1619	-177.942	302.244	-158.124	-462.588	-171.71	-157.675	-151.873	-1.15727	-37.8519	-558.013	65.4792	-33.504	-559.769	-1.53507	-38.3897	-565.785	66.044	-33.9781	-567.534	-0.475494	-39.4638	-560.718	66.7943	-35.1688	-562.72	0.200426	-0.203179	0.958409	0.149598	-0.237397	0.959824	0.200426	0.0517982	0.978339	0.149598	0.0191125	0.988562	0.200426	0.0517982	0.978339	0.149598	0.0191125	0.988562	11.5776	2.96915	8.60524	1.09513	11.5776	2.96915	8.60524	1.09513	227.927	103.94	268.182	90.3787	1271.56	579.859	1496.13	504.205	1387.54	537.341	1	1	1
"
 tid_1820_time_16:5:0:100 DPETW@ "GAZE_LOG_CALI: 598.683	335.309	595.688	341.818	902.963	355.149	898.695	361.86	205.516	338.471	203.506	344.939	510.332	358.291	506.657	364.984	
-4.77052	-171.34	298.303	-151.321	-464.17	-165.194	-160.95	-145.128	-1.77552	-177.851	302.574	-158.034	-462.159	-171.663	-157.275	-151.821	-1.04574	-37.8403	-558.119	65.5672	-33.4866	-559.677	-1.42189	-38.3778	-565.891	66.1333	-33.9605	-567.442	-0.390564	-39.4524	-560.774	66.8777	-35.1585	-562.807	0.193486	-0.201605	0.960166	0.153633	-0.247251	0.956694	0.193486	0.0537738	0.979628	0.153633	0.00878474	0.988089	0.193486	0.0537738	0.979628	0.153633	0.00878474	0.988089	11.1727	3.0825	8.83785	0.503335	11.1727	3.0825	8.83785	0.503335	224.249	104.939	270.424	84.9755	1251.04	585.432	1508.64	474.061	1384.26	523.951	1	1	1
"
 tid_1820_time_16:5:0:122 DPETW@ "GAZE_LOG_CALI: 599.173	335.289	596.012	341.785	903.392	355.086	898.932	361.863	206.084	338.422	203.896	344.949	510.817	358.313	507.13	364.983	
-4.44714	-171.373	298.54	-151.317	-463.779	-165.185	-160.477	-145.129	-1.28592	-177.871	303.003	-158.097	-461.592	-171.712	-156.79	-151.8	-0.974758	-37.8484	-558.202	65.6545	-33.5042	-559.978	-1.34985	-38.386	-565.974	66.2215	-33.9781	-567.743	-0.28231	-39.4665	-560.867	66.981	-35.1673	-562.877	0.200363	-0.202798	0.958503	0.149922	-0.234715	0.960433	0.200363	0.0521912	0.97833	0.149922	0.0218611	0.988456	0.200363	0.0521912	0.978331	0.149922	0.0218611	0.988456	11.5742	2.99169	8.62446	1.25265	11.5742	2.99169	8.62446	1.25265	228.117	104.113	268.569	91.7796	1272.62	580.824	1498.29	512.02	1388.91	542.095	1	1	1
"
 tid_1820_time_16:5:0:143 DPETW@ "GAZE_LOG_CALI: 599.342	335.172	596.224	341.631	903.54	354.949	899.119	361.7	206.341	338.353	204.214	344.804	511.001	358.166	507.383	364.896	
-4.23448	-171.527	298.727	-151.48	-463.462	-165.329	-160.225	-145.216	-1.11641	-177.988	303.151	-158.234	-461.334	-171.781	-156.607	-151.947	-0.927775	-37.8896	-558.328	65.7055	-33.5371	-560.069	-1.30212	-38.4277	-566.1	66.2731	-34.0114	-567.833	-0.245193	-39.4949	-560.979	67.0193	-35.2019	-562.928	0.19805	-0.199973	0.959576	0.146263	-0.233334	0.961334	0.19805	0.055198	0.978636	0.146263	0.0234283	0.988968	0.19805	0.055198	0.978636	0.146263	0.0234283	0.988968	11.4406	3.16422	8.41275	1.34247	11.4406	3.16422	8.41275	1.34247	226.929	105.631	266.662	92.5463	1265.99	589.293	1487.65	516.297	1379.12	549.885	3	1	1
"