
 tid_11240_time_14:14:39:97 DPETW@ "GAZE_LOG_CALI: 658.404	552.191	659.528	556.955	915.101	532.875	915.173	537.996	330.074	542.836	331.902	547.592	583.797	525.725	584.74	530.761	
45.4335	32.5635	301.27	13.6124	-343.859	42.8825	-90.7978	26.0253	44.3091	27.7995	301.198	8.48847	-345.69	38.1239	-91.7415	20.9887	11.4623	7.37457	-643.578	75.8128	3.09864	-642.437	11.294	7.4648	-651.376	76.4299	3.13651	-650.212	11.2263	6.19392	-646.333	76.087	1.821	-644.918	-0.0130135	-0.24435	0.9696	-0.0627344	-0.240679	0.968575	-0.0130135	0.0149267	0.999804	-0.0627344	0.0182077	0.997864	-0.0130134	0.0149267	0.999804	-0.0627344	0.0182077	0.997864	-0.74572	0.855271	-3.59737	1.04328	-0.74572	0.855271	-3.59737	1.04328	125.264	105.158	159.479	103.304	698.823	586.654	889.703	576.312	794.263	581.483	1	0	0
"
 tid_11240_time_14:14:39:121 DPETW@ "GAZE_LOG_CALI: 661.526	552.368	661.919	557.388	918.193	533.214	917.421	538.535	333.253	543.174	334.368	547.967	586.866	526.041	586.909	531.287	
47.8239	32.9973	303.522	14.1522	-341.389	43.258	-88.6285	26.5511	47.4307	27.9764	304.295	8.82723	-342.505	38.4613	-88.6715	21.3046	12.0675	7.48141	-643.74	76.3661	3.23484	-642.33	11.9066	7.57291	-651.538	76.99	3.27437	-650.105	12.0187	6.26412	-646.481	76.8677	1.90706	-644.9	0.021452	-0.250497	0.96788	-0.0227271	-0.254011	0.966934	0.021452	0.00854367	0.999733	-0.0227271	0.00490502	0.99973	0.021452	0.00854367	0.999733	-0.0227271	0.00490502	0.99973	1.22925	0.489522	-1.30229	0.281038	1.22925	0.489522	-1.30229	0.281038	147.36	101.244	184.958	95.1825	822.094	564.822	1031.84	531.004	926.969	547.913	1	0	0
"
 tid_11240_time_14:14:39:144 DPETW@ "GAZE_LOG_CALI: 663.497	551.716	663.077	556.764	919.809	532.614	918.174	538.131	335.243	542.446	335.491	547.355	588.664	525.47	587.799	530.879	
48.9822	32.3733	304.276	13.7475	-340.263	42.6454	-87.7387	26.1424	49.4028	27.3242	305.914	8.22709	-340.512	37.7328	-86.8732	20.7331	12.3591	7.32568	-643.705	76.5843	3.13432	-642.569	12.2018	7.41529	-651.503	77.2107	3.17261	-650.344	12.5195	6.09135	-646.548	77.3156	1.76144	-645.227	0.0618239	-0.25763	0.964264	0.0197566	-0.265843	0.963814	0.0618239	0.000717998	0.998087	0.0197566	-0.00733076	0.999778	0.0618239	0.000717998	0.998087	0.0197566	-0.00733076	0.999778	3.54451	0.0411382	1.13207	-0.420025	3.54451	0.0411382	1.13207	-0.420025	172.883	96.2229	211.562	87.4235	964.481	536.809	1180.26	487.718	1072.37	512.263	1	0	0
"
 tid_11240_time_14:14:39:167 DPETW@ "GAZE_LOG_CALI: 663.841	551.183	663.276	556.271	920.135	532.202	918.432	537.646	335.487	541.845	335.716	546.86	588.937	525.209	588.074	530.443	
49.1811	31.8803	304.535	13.2625	-340.038	42.1499	-87.4635	25.7064	49.7461	26.7913	306.241	7.81527	-340.267	37.1311	-86.5999	20.472	12.4098	7.20154	-643.765	76.6537	3.01848	-642.605	12.2531	7.28962	-651.563	77.2809	3.05536	-650.38	12.6038	5.94586	-646.39	77.3884	1.67619	-645.145	0.065472	-0.250884	0.9658	0.0198631	-0.254727	0.966809	0.065472	0.00763175	0.997825	0.0198631	0.00418079	0.999794	0.065472	0.00763175	0.997825	0.0198631	0.00418079	0.999794	3.75406	0.437271	1.13816	0.239542	3.75406	0.437271	1.13816	0.239542	175.225	100.404	211.698	94.4507	977.544	560.136	1181.02	526.922	1079.28	543.529	1	0	0
"
 tid_11240_time_14:14:39:191 DPETW@ "GAZE_LOG_CALI: 663.977	550.838	663.475	555.902	920.345	531.944	918.716	537.369	335.673	541.415	335.936	546.481	589.205	524.875	588.446	530.129	
49.3806	31.5107	304.819	12.9859	-339.818	41.7701	-87.0915	25.3923	49.882	26.4462	306.451	7.55711	-340.081	36.7012	-86.3324	20.1382	12.4615	7.10728	-643.796	76.7433	2.94498	-642.752	12.3055	7.19421	-651.594	77.3714	2.98095	-650.527	12.6403	5.84834	-646.474	77.4536	1.60167	-645.245	0.0631152	-0.253711	0.965219	0.0150469	-0.252648	0.967441	0.0631152	0.00475112	0.997995	0.0150469	0.00635272	0.999867	0.0631152	0.00475112	0.997995	0.0150469	0.00635272	0.999867	3.61868	0.27222	0.862175	0.363987	3.61868	0.27222	0.862175	0.363987	173.799	98.5044	208.798	95.6902	969.589	549.536	1164.84	533.837	1067.22	541.687	1	0	0
"
 tid_11240_time_14:14:39:212 DPETW@ "GAZE_LOG_CALI: 664.066	550.745	663.65	555.835	920.521	531.894	918.905	537.369	335.88	541.513	336.018	546.454	589.377	524.836	588.61	530.144	
49.5559	31.444	305.009	12.9857	-339.735	41.7438	-86.9275	25.4072	49.9709	26.3534	306.627	7.50654	-339.874	36.7993	-86.1605	20.0992	12.5023	7.09399	-643.654	76.7863	2.94681	-642.712	12.3467	7.18077	-651.452	77.4149	2.9828	-650.487	12.6663	5.85124	-646.678	77.4977	1.59048	-645.245	0.064353	-0.267719	0.961346	0.0152684	-0.256691	0.966373	0.064353	-0.00978218	0.997879	0.0152684	0.00217094	0.999881	0.064353	-0.00978218	0.997879	0.0152684	0.00217094	0.999881	3.68988	-0.560487	0.874849	0.124386	3.68988	-0.560487	0.874849	0.124386	174.609	89.4534	208.979	93.1048	974.106	499.043	1165.85	519.413	1069.98	509.228	1	0	0
"
 tid_11240_time_14:14:39:235 DPETW@ "GAZE_LOG_CALI: 664.056	550.985	663.691	556.063	920.53	532.057	919.019	537.528	335.809	541.671	336.083	546.654	589.364	525.059	588.765	530.342	
49.5961	31.672	305.123	13.1442	-339.671	41.9438	-86.7719	25.6058	49.9615	26.5939	306.637	7.67004	-339.945	36.9577	-86.1729	20.3221	12.5132	7.14864	-643.693	76.8231	2.99245	-642.781	12.3577	7.23608	-651.491	77.4521	3.029	-650.556	12.6621	5.90079	-646.569	77.4956	1.6394	-645.207	0.0595791	-0.261394	0.963392	0.00785969	-0.251457	0.967836	0.0595791	-0.00314353	0.998219	0.00785969	0.00760573	0.99994	0.0595791	-0.00314353	0.998219	0.00785969	0.00760573	0.99994	3.41567	-0.180112	0.450345	0.435781	3.41567	-0.180112	0.450345	0.435781	171.629	93.6425	204.414	96.5075	957.485	522.413	1140.39	538.396	1048.94	530.405	1	0	0
"
 tid_11240_time_14:14:39:258 DPETW@ "GAZE_LOG_CALI: 664.077	551.29	663.695	556.4	920.53	532.363	919.093	537.839	335.717	542.038	336.028	546.988	589.43	525.37	588.717	530.598	
49.6	32.0086	305.197	13.4556	-339.726	42.2779	-86.8202	25.8616	49.9825	26.8985	306.637	7.97628	-340.037	37.3248	-86.1072	20.6332	12.5124	7.23218	-643.585	76.817	3.06294	-642.572	12.3569	7.32066	-651.383	77.4462	3.10036	-650.347	12.663	5.98433	-646.388	77.5082	1.7181	-645.315	0.0590997	-0.258002	0.964335	0.0118732	-0.264853	0.964216	0.0590997	0.000377789	0.998252	0.0118732	-0.00627105	0.99991	0.0590997	0.000377789	0.998252	0.0118732	-0.00627105	0.99991	3.38814	0.0216457	0.680313	-0.359307	3.38814	0.0216457	0.680313	-0.359307	171.323	95.9502	206.9	88.0117	955.777	535.287	1154.25	491	1055.01	513.143	1	0	0
"
 tid_11240_time_14:14:39:280 DPETW@ "GAZE_LOG_CALI: 664.138	551.572	663.724	556.633	920.635	532.648	919.149	538.072	335.675	542.311	335.939	547.319	589.515	525.54	588.756	530.882	
49.6297	32.2417	305.253	13.6892	-339.815	42.6087	-86.7818	26.1452	50.043	27.1805	306.742	8.26175	-340.079	37.5974	-86.0218	20.8032	12.5159	7.30111	-643.386	76.8273	3.12816	-642.54	12.3604	7.39046	-651.184	77.4566	3.16638	-650.314	12.6752	6.05301	-646.211	77.5305	1.77578	-645.277	0.0610162	-0.259238	0.963884	0.0141402	-0.266058	0.963853	0.0610162	-0.000932992	0.998136	0.0141402	-0.00752902	0.999872	0.0610162	-0.000932992	0.998136	0.0141402	-0.00752902	0.999872	3.49814	-0.0534565	0.810225	-0.431385	3.49814	-0.0534565	0.810225	-0.431385	172.516	95.2512	208.318	87.3026	962.435	531.388	1162.16	487.044	1062.3	509.216	1	0	0
"
 tid_11240_time_14:14:39:303 DPETW@ "GAZE_LOG_CALI: 664.182	551.896	663.781	557.023	920.753	532.818	919.276	538.365	335.596	542.608	335.889	547.596	589.381	525.78	588.762	531.08	
49.6862	32.632	305.381	13.9818	-339.865	42.8866	-86.7751	26.3434	50.0876	27.5051	306.86	8.43142	-340.158	37.8953	-86.1562	21.0435	12.5269	7.38331	-643.201	76.8353	3.18901	-642.338	12.3715	7.4737	-650.999	77.465	3.22798	-650.112	12.6825	6.1299	-646	77.5102	1.82629	-644.859	0.0599659	-0.259136	0.963978	0.00831979	-0.257762	0.966173	0.0599659	-0.000810057	0.9982	0.00831979	0.00108485	0.999965	0.0599659	-0.000810057	0.9982	0.00831979	0.00108485	0.999965	3.43786	-0.0464129	0.476694	0.0621573	3.43786	-0.0464129	0.476694	0.0621573	171.86	95.4561	204.71	92.7635	958.775	532.531	1142.03	517.509	1050.4	525.02	1	0	0
"
 tid_11240_time_14:14:39:325 DPETW@ "GAZE_LOG_CALI: 663.542	552.122	663.442	557.162	920.241	532.913	919.021	538.395	334.889	542.83	335.476	547.871	588.742	525.864	588.252	531.051	
49.3476	32.7708	305.126	14.0118	-340.279	43.1617	-87.2858	26.3151	49.4472	27.7303	306.347	8.52613	-340.866	38.1175	-86.7953	21.1272	12.4386	7.43378	-643.077	76.7203	3.18637	-641.912	12.2821	7.5248	-650.875	77.3489	3.22534	-649.687	12.5183	6.1847	-645.875	77.355	1.84755	-644.65	0.0455807	-0.258599	0.964909	0.00116595	-0.263857	0.964561	0.0455807	-5.06341e-05	0.998961	0.00116595	-0.00521922	0.999986	0.0455807	-5.06341e-05	0.998961	0.00116595	-0.00521922	0.999986	2.61249	-0.00290112	0.0668047	-0.299041	2.61249	-0.00290112	0.0668047	-0.299041	162.77	96.0115	200.152	88.9599	908.063	535.629	1116.61	496.289	1012.34	515.959	1	0	0
"
 tid_11240_time_14:14:39:348 DPETW@ "GAZE_LOG_CALI: 660.382	551.971	662.165	557.027	916.335	532.963	917.062	538.221	331.848	542.634	334.23	547.68	584.859	525.832	586.402	531.047	
48.0701	32.636	303.163	13.8377	-341.527	42.9702	-89.136	26.3105	46.2872	27.5799	302.434	8.57603	-343.913	37.9214	-90.6788	21.0958	12.1177	7.3916	-643.108	76.246	3.16288	-642.072	11.9573	7.4821	-650.906	76.8687	3.20155	-649.847	11.7216	6.13908	-646.026	76.3669	1.84586	-644.645	-0.0465202	-0.265099	0.963098	-0.0929284	-0.251073	0.963497	-0.0465202	-0.00679806	0.998894	-0.0929284	0.0068537	0.995649	-0.0465202	-0.00679806	0.998894	-0.0929284	0.0068537	0.995649	-2.66643	-0.389503	-5.33222	0.392691	-2.66643	-0.389503	-5.33222	0.392691	105.041	91.7565	141.035	96.4043	586.001	511.891	786.807	537.82	686.404	524.856	1	0	0
"
 tid_11240_time_14:14:39:371 DPETW@ "GAZE_LOG_CALI: 659.57	552.023	661.996	557.047	915.549	532.999	917.169	538.215	330.965	542.779	333.97	547.631	584.093	525.913	586.32	531.078	
47.901	32.656	303.27	13.8319	-341.787	42.9211	-89.2178	26.342	45.4752	27.632	301.647	8.61265	-344.797	38.0665	-91.4452	21.1769	12.0722	7.38582	-642.957	76.2363	3.16441	-641.768	11.9112	7.47627	-650.755	76.8592	3.20313	-649.543	11.5135	6.162	-645.9	76.1708	1.86007	-644.664	-0.0788299	-0.260493	0.962252	-0.134791	-0.262983	0.955338	-0.0788299	-0.00256796	0.996885	-0.134791	-0.00676277	0.990851	-0.0788299	-0.00256796	0.996885	-0.134791	-0.00676277	0.990851	-4.52133	-0.147134	-7.74672	-0.387481	-4.52133	-0.147134	-7.74672	-0.387481	84.7681	94.4239	114.57	87.9803	472.904	526.772	639.162	490.825	551.023	501.713	1	0	0
"
 tid_11240_time_14:14:39:392 DPETW@ "GAZE_LOG_CALI: 659.753	552.023	662.156	557.034	915.979	533.169	917.589	538.404	331.007	542.811	334.056	547.722	584.356	526.055	586.585	531.22	
48.0609	32.6429	303.69	14.0208	-341.701	43.0124	-88.9526	26.4835	45.6582	27.6319	302.077	8.78245	-344.755	38.0985	-91.1816	21.3188	12.1099	7.39444	-642.841	76.3119	3.20497	-641.518	11.9493	7.48501	-650.638	76.9359	3.24419	-649.293	11.556	6.16375	-645.664	76.2476	1.89892	-644.398	-0.0762098	-0.255985	0.963672	-0.134372	-0.262599	0.955503	-0.0762098	0.00215444	0.99709	-0.134372	-0.00634904	0.990911	-0.0762098	0.00215444	0.997089	-0.134372	-0.00634904	0.990911	-4.37075	0.12344	-7.72248	-0.363776	-4.37075	0.12344	-7.72248	-0.363776	86.4605	97.4106	114.945	88.3455	482.346	543.434	641.256	492.862	557.953	512.719	1	0	0
"
 tid_11240_time_14:14:39:415 DPETW@ "GAZE_LOG_CALI: 660.004	552.334	662.384	557.328	916.451	533.567	917.914	538.646	331.102	543.104	334.15	547.927	584.681	526.421	586.899	531.547	
48.2895	32.9368	304.016	14.2629	-341.607	43.2177	-88.639	26.8112	45.9087	27.943	302.55	9.18055	-344.659	38.3917	-90.8572	21.6846	12.1635	7.45484	-642.612	76.3912	3.27705	-641.494	12.0035	7.54618	-650.41	77.0162	3.31716	-649.269	11.6145	6.23796	-645.411	76.338	1.99513	-644.154	-0.0750776	-0.252455	0.964692	-0.127329	-0.24821	0.960302	-0.0750776	0.00582813	0.997161	-0.127329	0.00879163	0.991822	-0.0750776	0.00582813	0.997161	-0.127329	0.00879163	0.991822	-4.30575	0.333929	-7.31554	0.50373	-4.30575	0.333929	-7.31554	0.50373	87.2401	99.8203	119.506	97.8898	486.695	556.878	666.7	546.108	576.422	551.113	1	0	0
"
 tid_11240_time_14:14:39:438 DPETW@ "GAZE_LOG_CALI: 660.125	552.6	662.422	557.529	916.627	533.884	918.142	538.984	331.145	543.369	334.178	548.286	584.948	526.738	587.016	531.898	
48.3278	33.1376	304.245	14.6014	-341.579	43.5773	-88.5215	27.1621	46.0305	28.2089	302.727	9.49796	-344.617	38.6569	-90.5895	22.0017	12.1721	7.52562	-642.604	76.4265	3.36303	-641.306	12.0122	7.61784	-650.402	77.0522	3.4042	-649.081	11.643	6.30401	-645.277	76.4002	2.0763	-644.303	-0.0696201	-0.24774	0.966322	-0.130342	-0.265492	0.955262	-0.0696201	0.0108042	0.997515	-0.130342	-0.00920604	0.991426	-0.0696202	0.0108042	0.997515	-0.130342	-0.00920604	0.991426	-3.9924	0.619047	-7.48965	-0.527475	-3.9924	0.619047	-7.48965	-0.527475	90.6686	102.994	117.647	86.772	505.822	574.584	656.33	484.083	579.329	526.795	1	0	0
"
 tid_11240_time_14:14:39:460 DPETW@ "GAZE_LOG_CALI: 660.198	553.07	662.506	558.046	916.834	534.39	918.345	539.54	331.156	543.826	334.152	548.723	585.007	527.256	587.018	532.475	
48.4114	33.6549	304.448	15.1577	-341.606	44.0142	-88.5194	27.7391	46.1029	28.6785	302.934	10.0046	-344.606	39.1146	-90.5313	22.5193	12.1901	7.64364	-642.407	76.4375	3.50392	-640.973	12.0304	7.73733	-650.205	77.0636	3.54684	-648.748	11.6595	6.42049	-645.168	76.4228	2.20509	-644.05	-0.0710581	-0.252299	0.965037	-0.130048	-0.272275	0.953391	-0.0710581	0.00606769	0.997454	-0.130048	-0.0162417	0.991375	-0.0710581	0.00606769	0.997454	-0.130048	-0.0162417	0.991375	-4.07484	0.347655	-7.47338	-0.930624	-4.07484	0.347655	-7.47338	-0.930624	89.7985	100.206	117.875	82.6015	500.968	559.027	657.601	460.817	575.904	504.861	1	0	0
"
 tid_11240_time_14:14:39:483 DPETW@ "GAZE_LOG_CALI: 660.158	553.416	662.486	558.394	916.914	534.833	918.398	539.955	331.05	544.223	334.012	549.04	585.018	527.672	587.092	532.85	
48.3912	34.0033	304.501	15.5729	-341.746	44.3318	-88.4459	28.1142	46.063	29.0248	303.014	10.4474	-344.712	39.5119	-90.5203	22.9354	12.1811	7.72506	-642.205	76.4543	3.60373	-641.002	12.0212	7.81977	-650.002	77.0806	3.64787	-648.777	11.6471	6.51355	-645.057	76.4292	2.31337	-643.936	-0.0729582	-0.254715	0.96426	-0.128654	-0.263547	0.956029	-0.0729582	0.00353311	0.997329	-0.128654	-0.00712806	0.991664	-0.0729582	0.00353311	0.997329	-0.128654	-0.00712806	0.991664	-4.18394	0.202433	-7.392	-0.408411	-4.18394	0.202433	-7.392	-0.408411	88.6115	98.7567	118.78	88.3878	494.346	550.944	662.649	493.098	576.024	518.403	1	0	0
"
 tid_11240_time_14:14:39:505 DPETW@ "GAZE_LOG_CALI: 660.082	553.57	662.362	558.548	916.86	534.991	918.354	540.201	330.947	544.388	333.854	549.224	584.995	527.894	587.008	533.024	
48.2678	34.1567	304.457	15.8189	-341.904	44.5159	-88.5302	28.2879	45.9867	29.1789	302.961	10.6057	-344.816	39.6772	-90.543	23.1572	12.1494	7.76665	-642.136	76.4348	3.65604	-640.927	11.9891	7.86189	-649.934	77.061	3.70082	-648.702	11.6266	6.55349	-645.015	76.421	2.36167	-643.979	-0.0710322	-0.256416	0.963953	-0.129254	-0.270493	0.954006	-0.0710322	0.00181077	0.997472	-0.129254	-0.0143609	0.991507	-0.0710322	0.00181077	0.997472	-0.129254	-0.0143609	0.991508	-4.07328	0.10375	-7.42724	-0.822848	-4.07328	0.10375	-7.42724	-0.822848	89.7905	97.741	118.38	83.9388	500.923	545.277	660.42	468.278	577.128	501.423	1	0	0
"
 tid_11240_time_14:14:39:528 DPETW@ "GAZE_LOG_CALI: 659.577	553.745	662.161	558.587	916.281	535.064	917.953	540.242	330.486	544.465	333.687	549.222	584.361	528.011	586.635	532.996	
48.0667	34.1957	304.055	15.8601	-342.071	44.5139	-88.903	28.2594	45.4822	29.3536	302.38	10.6786	-345.277	39.7539	-91.1767	23.2742	12.0993	7.77192	-642.199	76.3395	3.65756	-640.982	11.9384	7.86721	-649.996	76.9645	3.70236	-648.757	11.5005	6.58551	-645.077	76.2634	2.3847	-643.888	-0.085818	-0.251168	0.964132	-0.137658	-0.258741	0.956087	-0.085818	0.00692555	0.996287	-0.137658	-0.00247125	0.990477	-0.085818	0.00692555	0.996287	-0.137658	-0.00247125	0.990477	-4.92318	0.396808	-7.91236	-0.141593	-4.92318	0.396808	-7.91236	-0.141593	80.454	100.924	112.936	91.3533	448.837	563.034	630.046	509.642	535.516	531.263	1	0	0
"
 tid_11240_time_14:14:39:551 DPETW@ "GAZE_LOG_CALI: 659.436	553.473	662.06	558.328	916.304	534.684	917.992	539.846	330.435	544.263	333.585	548.984	584.373	527.669	586.703	532.644	
47.9649	33.9367	304.094	15.4641	-342.173	44.2752	-88.8349	27.9076	45.3408	29.0812	302.403	10.2988	-345.328	39.5518	-91.1654	22.9323	12.0737	7.70901	-642.2	76.3555	3.56372	-641.032	11.9125	7.80352	-649.998	76.9805	3.60737	-648.806	11.4676	6.52687	-645.223	76.2675	2.29331	-643.873	-0.0896574	-0.257269	0.962172	-0.138316	-0.254911	0.957021	-0.0896574	0.000525281	0.995973	-0.138316	0.00147022	0.990387	-0.0896574	0.000525281	0.995973	-0.138316	0.00147022	0.990387	-5.1439	0.0300964	-7.9504	0.0842376	-5.1439	0.0300964	-7.9504	0.0842376	78.0154	96.8672	112.529	93.7143	435.232	540.403	627.778	522.813	526.583	525.309	1	0	0
"
 tid_11240_time_14:14:39:573 DPETW@ "GAZE_LOG_CALI: 659.393	553.246	662.076	558.095	916.251	534.501	917.946	539.693	330.326	544.065	333.56	548.805	584.268	527.376	586.677	532.403	
47.9814	33.7038	304.049	15.311	-342.199	44.0967	-88.8613	27.6664	45.2982	28.8549	302.35	10.1151	-345.437	39.3532	-91.2704	22.6397	12.0767	7.65623	-642.131	76.3479	3.51415	-641.06	11.9156	7.75011	-649.929	76.9728	3.55719	-648.835	11.4548	6.47176	-645.117	76.2444	2.23255	-643.791	-0.0921411	-0.255651	0.962368	-0.138326	-0.251556	0.957907	-0.0921411	0.00213943	0.995744	-0.138326	0.00494039	0.990374	-0.0921411	0.00213943	0.995744	-0.138326	0.00494039	0.990374	-5.2868	0.122581	-7.95108	0.283065	-5.2868	0.122581	-7.95108	0.283065	76.462	97.8414	112.512	95.8295	426.566	545.838	627.683	534.614	522.589	534.57	1	0	0
"
 tid_11240_time_14:14:39:595 DPETW@ "GAZE_LOG_CALI: 659.317	552.791	661.946	557.577	916.171	533.806	917.862	539	330.227	543.471	333.529	548.313	584.333	526.773	586.593	531.842	
47.8512	33.186	303.964	14.617	-342.23	43.6044	-88.945	27.1062	45.2223	28.3999	302.27	9.41995	-345.537	38.7593	-91.205	22.037	12.0467	7.53086	-642.308	76.3281	3.35619	-641.078	11.8852	7.62318	-650.105	76.9528	3.39729	-648.853	11.4349	6.33829	-645.088	76.2533	2.06932	-644.036	-0.0866184	-0.247143	0.9651	-0.138634	-0.263183	0.954733	-0.0866184	0.011064	0.99618	-0.138634	-0.00711206	0.990318	-0.0866184	0.011064	0.99618	-0.138634	-0.00711206	0.990318	-4.9694	0.633933	-7.96899	-0.407494	-4.9694	0.633933	-7.96899	-0.407494	79.8918	103.244	112.298	88.1299	445.7	575.979	626.487	491.659	531.708	528.168	1	0	0
"
 tid_11240_time_14:14:39:618 DPETW@ "GAZE_LOG_CALI: 659.194	552.475	661.852	557.359	915.978	533.444	917.682	538.548	330.112	543.299	333.453	547.99	584.171	526.312	586.507	531.337	
47.7572	32.9678	303.784	14.1656	-342.305	43.2811	-89.031	26.6007	45.0993	28.0832	302.077	9.0582	-345.652	38.5869	-91.3673	21.5751	12.0243	7.46265	-642.33	76.3016	3.23633	-641.232	11.8625	7.55413	-650.128	76.9258	3.27595	-649.007	11.4038	6.2764	-645.105	76.2108	1.96502	-644.086	-0.0881486	-0.245553	0.965367	-0.139038	-0.254937	0.956909	-0.0881486	0.0126694	0.996027	-0.139038	0.00141573	0.990286	-0.0881486	0.0126694	0.996027	-0.139038	0.00141573	0.990286	-5.05751	0.725922	-7.9922	0.0811154	-5.05751	0.725922	-7.9922	0.0811154	78.905	104.175	111.999	93.3084	440.195	581.172	624.817	520.549	529.273	546.859	1	0	0
"
 tid_11240_time_14:14:39:641 DPETW@ "GAZE_LOG_CALI: 659.039	552.389	661.708	557.259	915.904	533.181	917.62	538.411	330.03	543.134	333.343	547.898	584.066	526.15	586.432	531.154	
47.6135	32.8682	303.721	14.0278	-342.416	43.1885	-89.1061	26.4178	44.9439	27.9973	302.003	8.79479	-345.733	38.4217	-91.4723	21.4136	11.9892	7.43891	-642.383	76.2834	3.19569	-641.21	11.827	7.53009	-650.181	76.9075	3.23482	-648.985	11.3672	6.24559	-645.218	76.1863	1.91099	-644.037	-0.0893402	-0.249586	0.964222	-0.139418	-0.255938	0.956587	-0.0893402	0.00847732	0.995965	-0.139418	0.000365898	0.990234	-0.0893402	0.00847732	0.995965	-0.139418	0.000365898	0.990234	-5.12583	0.48572	-8.01417	0.0209644	-5.12583	0.48572	-8.01417	0.0209644	78.118	101.522	111.742	92.6175	435.805	566.368	623.389	516.694	525.363	536.235	1	0	0
"
 tid_11240_time_14:14:39:664 DPETW@ "GAZE_LOG_CALI: 658.957	552.272	661.554	557.104	915.862	533.184	917.549	538.383	329.897	543.074	333.163	547.77	584.002	526.102	586.346	531.159	
47.4596	32.7128	303.651	14.0001	-342.596	43.0607	-89.192	26.4223	44.8619	27.8805	301.96	8.79808	-345.867	38.3624	-91.5363	21.3658	11.949	7.40261	-642.352	76.2629	3.1926	-641.191	11.7863	7.49335	-650.15	76.8867	3.23169	-648.966	11.3445	6.22236	-645.14	76.1713	1.90514	-643.998	-0.0851599	-0.245014	0.965772	-0.137809	-0.255542	0.956926	-0.0851599	0.0132949	0.996279	-0.137809	0.000835806	0.990458	-0.0851599	0.0132949	0.996279	-0.137809	0.000835806	0.990458	-4.88565	0.761763	-7.92109	0.0478882	-4.88565	0.761763	-7.92109	0.0478882	80.7078	104.499	112.751	92.9132	450.253	582.98	629.013	518.344	536.906	547.228	1	0	0
"
 tid_11240_time_14:14:39:686 DPETW@ "GAZE_LOG_CALI: 658.923	552.286	661.473	557.096	915.842	533.293	917.55	538.467	329.819	543.07	333.037	547.745	583.959	526.222	586.286	531.28	
47.378	32.7048	303.651	14.0842	-342.723	43.0357	-89.2513	26.5433	44.8282	27.8945	301.94	8.90704	-345.946	38.3579	-91.5787	21.486	11.9271	7.3974	-642.276	76.2511	3.21785	-641.09	11.7641	7.48809	-650.074	76.8748	3.25726	-648.865	11.3354	6.22261	-645.056	76.162	1.934	-643.969	-0.0825604	-0.243693	0.966332	-0.139174	-0.258358	0.955972	-0.0825604	0.0147154	0.996477	-0.139174	-0.0021311	0.990266	-0.0825604	0.0147154	0.996477	-0.139174	-0.0021311	0.990266	-4.73627	0.84316	-8.00007	-0.122103	-4.73627	0.84316	-8.00007	-0.122103	82.3248	105.398	111.881	91.1079	459.273	587.993	624.161	508.273	538.931	544.59	1	0	0
"
 tid_11240_time_14:14:39:709 DPETW@ "GAZE_LOG_CALI: 658.831	552.348	661.43	557.151	915.877	533.481	917.512	538.608	329.69	543.123	332.956	547.849	583.876	526.357	586.18	531.463	
47.3351	32.7594	303.614	14.2251	-342.803	43.14	-89.3573	26.7268	44.7365	27.957	301.975	9.09527	-346.074	38.4113	-91.6624	21.6201	11.9156	7.41651	-642.204	76.2277	3.25797	-640.97	11.7525	7.50744	-650.001	76.8513	3.29788	-648.745	11.3102	6.23667	-645.007	76.1478	1.97401	-643.776	-0.0854888	-0.245663	0.965578	-0.135554	-0.255086	0.95737	-0.0854888	0.012618	0.996259	-0.135554	0.0013915	0.990769	-0.0854887	0.012618	0.996259	-0.135554	0.0013915	0.990769	-4.90452	0.72298	-7.79064	0.0797271	-4.90452	0.72298	-7.79064	0.0797271	80.4797	104.127	114.18	93.3815	448.98	580.905	636.986	520.957	540.517	547.801	1	0	0
"
 tid_11240_time_14:14:39:732 DPETW@ "GAZE_LOG_CALI: 658.77	552.441	661.379	557.339	915.836	533.602	917.5	538.75	329.503	543.253	332.713	548	583.74	526.526	586.109	531.61	
47.2841	32.9478	303.602	14.3677	-343.047	43.2905	-89.429	26.8739	44.6755	28.0496	301.934	9.21559	-346.262	38.5408	-91.7985	21.7894	11.8968	7.45515	-641.882	76.2129	3.29386	-640.872	11.7333	7.54661	-649.68	76.8364	3.33422	-648.647	11.2914	6.26247	-644.792	76.1184	2.00994	-643.609	-0.0871118	-0.253121	0.963505	-0.136551	-0.251847	0.958085	-0.0871118	0.00487684	0.996187	-0.136551	0.00470513	0.990622	-0.0871118	0.00487684	0.996187	-0.136551	0.00470513	0.990622	-4.99753	0.279423	-7.8484	0.269585	-4.99753	0.279423	-7.8484	0.269585	79.4699	99.4158	113.54	95.5136	443.347	554.621	633.419	532.851	534.993	539.425	1	0	0
"
 tid_11240_time_14:14:39:754 DPETW@ "GAZE_LOG_CALI: 658.644	552.636	661.295	557.493	915.803	533.701	917.467	538.891	329.395	543.422	332.587	548.117	583.748	526.671	586.025	531.734	
47.2001	33.1019	303.569	14.5082	-343.173	43.4083	-89.5124	26.9978	44.549	28.2445	301.902	9.31483	-346.37	38.71	-91.79	21.9347	11.8746	7.48838	-641.806	76.1943	3.32657	-640.783	11.7108	7.58025	-649.603	76.8177	3.36733	-648.558	11.2601	6.30874	-644.816	76.1177	2.04113	-643.671	-0.0906097	-0.255621	0.962522	-0.136931	-0.259435	0.956004	-0.0906097	0.00220798	0.995884	-0.136931	-0.00316311	0.990575	-0.0906097	0.00220798	0.995884	-0.136931	-0.00316311	0.990575	-5.1987	0.126508	-7.87035	-0.181233	-5.1987	0.126508	-7.87035	-0.181233	77.2541	97.8034	113.291	90.6493	430.985	545.626	632.025	505.715	526.081	518.653	1	0	0
"
 tid_11240_time_14:14:39:777 DPETW@ "GAZE_LOG_CALI: 658.442	552.779	661.117	557.642	915.682	533.745	917.331	538.943	329.193	543.518	332.454	548.329	583.509	526.757	585.856	531.781	
47.0228	33.2509	303.433	14.5609	-343.306	43.6207	-89.6817	27.0447	44.3469	28.3878	301.78	9.35917	-346.573	38.8061	-92.0286	22.0209	11.8307	7.53483	-641.884	76.1533	3.33862	-640.726	11.6664	7.62726	-649.682	76.7762	3.37953	-648.501	11.2094	6.33872	-644.804	76.0644	2.05674	-643.485	-0.0902167	-0.254355	0.962894	-0.135962	-0.252648	0.957958	-0.0902167	0.0035273	0.995916	-0.135962	0.00389859	0.990706	-0.0902167	0.0035273	0.995916	-0.135962	0.00389859	0.990706	-5.17611	0.2021	-7.8143	0.223373	-5.17611	0.2021	-7.8143	0.223373	77.4487	98.652	113.874	95.0903	432.071	550.36	635.278	530.49	529.659	535.343	1	0	0
"
 tid_11240_time_14:14:39:800 DPETW@ "GAZE_LOG_CALI: 658.06	553.116	660.719	558.025	915.432	533.893	917.016	539.12	328.723	543.917	331.969	548.61	583.171	526.877	585.445	531.982	
46.6243	33.634	303.117	14.737	-343.793	43.9019	-90.0926	27.2461	43.9653	28.7241	301.529	9.5072	-347.043	39.2061	-92.3675	22.1407	11.7283	7.61607	-641.719	76.055	3.38484	-640.569	11.5627	7.70951	-649.517	76.6769	3.42633	-648.344	11.1099	6.43003	-644.654	75.9834	2.0897	-643.333	-0.0896908	-0.253418	0.96319	-0.13252	-0.255441	0.9577	-0.0896908	0.00450885	0.995959	-0.13252	0.00113426	0.99118	-0.0896908	0.00450885	0.995959	-0.13252	0.00113426	0.99118	-5.14587	0.258339	-7.61524	0.0649884	-5.14587	0.258339	-7.61524	0.0649884	77.6881	99.3859	115.984	93.4477	433.406	554.454	647.05	521.326	536.489	533.061	1	0	0
"
 tid_11240_time_14:14:39:822 DPETW@ "GAZE_LOG_CALI: 657.789	553.516	660.373	558.378	915.087	534.114	916.745	539.363	328.296	544.253	331.554	549.024	582.734	527.111	585.083	532.105	
46.278	33.9872	302.846	14.9803	-344.208	44.3159	-90.4554	27.3691	43.694	29.125	301.184	9.72846	-347.471	39.5422	-92.8038	22.3742	11.6388	7.71093	-641.599	75.9681	3.42957	-640.403	11.4721	7.80556	-649.396	76.589	3.47162	-648.178	11.0372	6.52007	-644.383	75.8781	2.14618	-643.177	-0.0837323	-0.24749	0.965266	-0.136139	-0.253801	0.957628	-0.0837323	0.010772	0.99643	-0.136139	0.00269938	0.990686	-0.0837323	0.010772	0.99643	-0.136139	0.00269938	0.990686	-4.80341	0.617204	-7.8245	0.154663	-4.80341	0.617204	-7.8245	0.154663	81.3471	103.413	113.614	94.5125	453.819	576.921	633.828	527.266	541.511	549.16	1	0	0
"
 tid_11240_time_14:14:39:845 DPETW@ "GAZE_LOG_CALI: 657.485	553.933	660.148	558.831	914.846	534.444	916.474	539.586	328.05	544.619	331.301	549.451	582.447	527.377	584.826	532.406	
46.0537	34.4401	302.574	15.2037	-344.461	44.7434	-90.7122	27.6699	43.3897	29.542	300.943	10.0587	-347.717	39.9086	-93.0909	22.6408	11.5815	7.82099	-641.542	75.902	3.49545	-640.422	11.4141	7.91698	-649.34	76.5222	3.53831	-648.198	10.962	6.61993	-644.467	75.8075	2.22097	-643.092	-0.0893007	-0.256211	0.962487	-0.134299	-0.247547	0.959523	-0.0893007	0.00162965	0.996003	-0.134299	0.00923091	0.990898	-0.0893007	0.00162965	0.996003	-0.134299	0.00923091	0.990898	-5.12338	0.0933721	-7.7184	0.5289	-5.12338	0.0933721	-7.7184	0.5289	77.7958	97.8357	114.709	98.6516	434.007	545.806	639.941	550.358	533.841	544.142	1	0	0
"
 tid_11240_time_14:14:39:867 DPETW@ "GAZE_LOG_CALI: 657.26	554.523	659.901	559.391	914.611	534.757	916.314	539.91	327.841	545.24	331.13	550.015	582.281	527.666	584.595	532.806	
45.806	34.9997	302.413	15.5285	-344.633	45.3079	-90.943	28.0696	43.1652	30.1318	300.707	10.3718	-347.927	40.5295	-93.2576	22.9292	11.521	7.96413	-641.665	75.8474	3.58573	-640.303	11.3529	8.06185	-649.462	76.467	3.6297	-648.078	10.905	6.77338	-644.492	75.7608	2.29728	-643.204	-0.0868827	-0.249978	0.964346	-0.138395	-0.26113	0.955331	-0.0868827	0.00813092	0.996185	-0.138395	-0.00497468	0.990365	-0.0868827	0.00813092	0.996185	-0.138395	-0.00497468	0.990365	-4.98446	0.465873	-7.9551	-0.285029	-4.98446	0.465873	-7.9551	-0.285029	79.239	101.999	112.061	89.8957	442.059	569.033	625.168	501.51	529.162	529.584	1	0	0
"
 tid_11240_time_14:14:39:891 DPETW@ "GAZE_LOG_CALI: 657.256	554.771	659.954	559.659	914.6	534.946	916.308	540.194	327.829	545.551	331.058	550.321	582.255	527.939	584.548	533.007	
45.8588	35.2683	302.407	15.812	-344.705	45.6138	-90.9902	28.2712	43.1608	30.3793	300.696	10.5605	-347.939	40.8411	-93.283	23.2028	11.531	8.03369	-641.445	75.8372	3.64623	-640.226	11.363	8.13231	-649.243	76.4568	3.69094	-648.002	10.9038	6.84399	-644.471	75.7548	2.35563	-643.176	-0.0925055	-0.259532	0.961294	-0.138838	-0.264109	0.954448	-0.0925055	-0.00188793	0.99571	-0.138838	-0.00808021	0.990282	-0.0925055	-0.00188793	0.99571	-0.138838	-0.00808022	0.990282	-5.30777	-0.108171	-7.9809	-0.462967	-5.30777	-0.108171	-7.9809	-0.462967	75.7323	95.8745	111.775	88.0341	422.495	534.864	623.572	491.125	515.841	503.661	1	0	0
"
 tid_11240_time_14:14:39:914 DPETW@ "GAZE_LOG_CALI: 657.41	554.815	660.03	559.751	914.661	535.085	916.422	540.35	327.986	545.568	331.252	550.429	582.42	527.983	584.734	533.091	
45.9354	35.3598	302.521	15.9686	-344.511	45.7222	-90.8038	28.3545	43.3146	30.4236	300.758	10.6995	-347.782	40.8577	-93.1181	23.2466	11.5532	8.06175	-641.648	75.8805	3.6774	-640.36	11.3855	8.16068	-649.446	76.5005	3.72249	-648.135	10.9424	6.852	-644.484	75.7904	2.37957	-643.346	-0.0860218	-0.254093	0.963347	-0.141346	-0.267299	0.953191	-0.0860218	0.00389725	0.996286	-0.141346	-0.0114869	0.989894	-0.0860218	0.00389725	0.996286	-0.141346	-0.0114869	0.989894	-4.93482	0.223297	-8.12627	-0.658166	-4.93482	0.223297	-8.12627	-0.658166	79.8132	99.4579	110.198	85.8968	445.262	554.856	614.772	479.201	523.74	508.81	1	0	0
"
 tid_11240_time_14:14:39:937 DPETW@ "GAZE_LOG_CALI: 657.602	554.826	660.244	559.712	914.861	535.095	916.622	540.35	328.202	545.582	331.522	550.324	582.601	528.054	584.99	533.066	
46.1495	35.3211	302.722	15.9682	-344.241	45.6171	-90.5479	28.3296	43.5072	30.4345	300.958	10.7096	-347.566	40.8723	-92.9369	23.3179	11.609	8.04506	-641.741	75.9414	3.67495	-640.439	11.442	8.14377	-649.539	76.562	3.72	-648.214	10.9921	6.85585	-644.52	75.8374	2.38996	-643.317	-0.0864948	-0.247614	0.96499	-0.141385	-0.259497	0.955339	-0.0864948	0.0105807	0.996196	-0.141385	-0.00339483	0.989949	-0.0864948	0.0105807	0.996196	-0.141385	-0.00339483	0.989949	-4.96226	0.606238	-8.12805	-0.19451	-4.96226	0.606238	-8.12805	-0.19451	79.5624	103.587	110.229	90.9337	443.863	577.894	614.945	507.301	525.245	537.407	1	0	0
"
 tid_11240_time_14:14:39:959 DPETW@ "GAZE_LOG_CALI: 658.038	554.719	660.653	559.55	915.37	535.143	916.992	540.332	328.793	545.515	332.006	550.219	583.085	528.078	585.495	533.139	
46.5582	35.1589	303.093	15.9499	-343.756	45.5112	-90.043	28.4027	43.9428	30.3273	301.468	10.7577	-346.973	40.8052	-92.4534	23.3413	11.714	8.01351	-641.877	76.0613	3.68385	-640.67	11.5483	8.11181	-649.674	76.6831	3.72899	-648.445	11.1064	6.83736	-644.787	75.9612	2.3993	-643.275	-0.0871659	-0.251388	0.963953	-0.134012	-0.246844	0.959744	-0.0871659	0.00666706	0.996171	-0.134012	0.00996694	0.99093	-0.0871659	0.00666706	0.996171	-0.134012	0.00996694	0.99093	-5.0007	0.381997	-7.70189	0.571073	-5.0007	0.381997	-7.70189	0.571073	79.238	101.081	115.013	99.2342	442.053	563.911	641.634	553.608	539.937	556.382	1	0	0
"
 tid_11240_time_14:14:39:983 DPETW@ "GAZE_LOG_CALI: 658.376	554.586	660.982	559.503	915.624	535.234	917.374	540.45	329.163	545.3	332.48	550.142	583.566	528.151	585.886	533.23	
46.8874	35.1117	303.476	16.0689	-343.28	45.434	-89.6519	28.4938	44.2814	30.1944	301.722	10.8493	-346.603	40.5893	-91.972	23.4144	11.8015	8.00144	-642.12	76.1594	3.71079	-640.686	11.6369	8.09956	-649.917	76.7824	3.75626	-648.461	11.1934	6.79404	-644.838	76.0696	2.4222	-643.65	-0.0842547	-0.248037	0.96508	-0.141339	-0.264541	0.953961	-0.0842547	0.0101962	0.996392	-0.141339	-0.00862423	0.989924	-0.0842547	0.0101962	0.996392	-0.141339	-0.00862423	0.989924	-4.83342	0.584208	-8.12567	-0.494138	-4.83342	0.584208	-8.12567	-0.494138	81.1352	103.209	110.44	87.6324	452.637	575.784	616.124	488.884	529.74	526.363	1	0	0
"
 tid_11240_time_14:14:40:5 DPETW@ "GAZE_LOG_CALI: 658.553	554.572	661.136	559.442	915.715	535.273	917.435	540.447	329.428	545.327	332.591	550.066	583.71	528.186	586.075	533.235	
47.0417	35.0513	303.537	16.0653	-343.169	45.3584	-89.4629	28.4994	44.4581	30.1809	301.813	10.8876	-346.337	40.6167	-91.8278	23.4496	11.8391	7.98346	-642.049	76.1998	3.71256	-640.898	11.675	8.08136	-649.847	76.8231	3.75804	-648.673	11.2404	6.79779	-644.991	76.103	2.43203	-643.739	-0.0861964	-0.254596	0.963198	-0.139571	-0.256998	0.95628	-0.0861964	0.00337295	0.996272	-0.139571	-0.00073795	0.990212	-0.0861964	0.00337295	0.996272	-0.139571	-0.00073795	0.990212	-4.94485	0.193256	-8.02303	-0.0422814	-4.94485	0.193256	-8.02303	-0.0422814	79.9614	98.9518	111.584	92.513	446.089	552.032	622.503	516.111	529.795	528.3	1	0	0
"
 tid_11240_time_14:14:40:27 DPETW@ "GAZE_LOG_CALI: 658.517	554.478	661.097	559.394	915.67	535.079	917.423	540.383	329.487	545.282	332.619	550.024	583.722	528.113	586.068	533.177	
47.0022	35.003	303.525	16.0009	-343.142	45.316	-89.4704	28.4408	44.4225	30.0868	301.768	10.6941	-346.279	40.5712	-91.8165	23.3767	11.8315	7.97343	-642.156	76.198	3.69714	-640.91	11.6673	8.07119	-649.954	76.8212	3.74243	-648.685	11.2338	6.78194	-645.153	76.1028	2.39879	-643.837	-0.0868678	-0.258353	0.962137	-0.141377	-0.264404	0.953993	-0.0868678	-0.000530928	0.99622	-0.141377	-0.00848344	0.989919	-0.0868678	-0.000530928	0.99622	-0.141377	-0.00848344	0.989919	-4.98344	-0.03042	-8.12784	-0.486071	-4.98344	-0.03042	-8.12784	-0.486071	79.523	96.4778	110.425	87.6474	443.643	538.23	616.037	488.967	523.255	504.928	1	0	0
"
 tid_11240_time_14:14:40:50 DPETW@ "GAZE_LOG_CALI: 658.251	554.47	660.891	559.281	915.36	534.891	917.112	540.07	329.241	545.18	332.535	549.94	583.459	527.859	585.898	532.894	
46.7963	34.8901	303.213	15.6886	-343.225	45.2324	-89.6394	28.1583	44.156	30.0789	301.458	10.5053	-346.525	40.4697	-92.0787	23.1222	11.7826	7.9513	-642.37	76.1474	3.62345	-641.14	11.6179	8.04876	-650.168	76.7699	3.66782	-648.915	11.1674	6.76805	-645.177	76.0338	2.34273	-643.915	-0.0870974	-0.247602	0.964939	-0.14088	-0.25363	0.956987	-0.0870974	0.0105798	0.996144	-0.14088	0.00269899	0.990023	-0.0870975	0.0105798	0.996144	-0.14088	0.00269899	0.990023	-4.99693	0.606189	-8.09878	0.154641	-4.99693	0.606189	-8.09878	0.154641	79.3085	103.339	110.665	94.5143	442.447	576.507	617.379	527.276	526.571	547.788	1	0	0
"
 tid_11240_time_14:14:40:72 DPETW@ "GAZE_LOG_CALI: 657.964	554.336	660.613	559.182	915.063	534.599	916.838	539.766	329.067	545.057	332.376	549.858	583.289	527.59	585.566	532.64	
46.5183	34.7914	302.938	15.3837	-343.385	45.1507	-89.9721	27.9036	43.8693	29.9445	301.16	10.2131	-346.699	40.3469	-92.2492	22.8536	11.7162	7.93085	-642.563	76.0672	3.55206	-641.046	11.5507	8.02803	-650.361	76.6887	3.59556	-648.821	11.0982	6.73723	-645.358	75.9832	2.2724	-644.119	-0.0872544	-0.248898	0.964591	-0.142948	-0.268094	0.952728	-0.0872544	0.00923741	0.996143	-0.142948	-0.0123746	0.989653	-0.0872544	0.00923741	0.996143	-0.142948	-0.0123746	0.989653	-5.00589	0.529272	-8.2191	-0.709032	-5.00589	0.529272	-8.2191	-0.709032	79.1274	102.432	109.272	85.0317	441.436	571.449	609.604	474.375	519.385	515.045	1	0	0
"
 tid_11240_time_14:14:40:94 DPETW@ "GAZE_LOG_CALI: 657.681	554.246	660.333	559.086	914.684	534.447	916.45	539.56	328.933	545.003	332.143	549.736	582.876	527.305	585.312	532.404	
46.2382	34.6945	302.549	15.1777	-343.618	45.0282	-90.2264	27.6683	43.5863	29.8542	300.781	10.0618	-346.833	40.2929	-92.6618	22.5688	11.6471	7.90384	-642.639	75.9955	3.49747	-641.264	11.4808	8.00068	-650.436	76.616	3.54029	-649.039	11.0305	6.72152	-645.607	75.8809	2.21646	-644.063	-0.089771	-0.255015	0.962761	-0.141321	-0.254525	0.956684	-0.089771	0.00285532	0.995958	-0.141321	0.00175555	0.989962	-0.089771	0.00285532	0.995958	-0.141321	0.00175555	0.989962	-5.15045	0.163598	-8.12433	0.100586	-5.15045	0.163598	-8.12433	0.100586	77.4692	98.4003	110.217	93.7686	432.185	548.956	614.877	523.116	518.356	529.587	1	0	0
"
 tid_11240_time_14:14:40:116 DPETW@ "GAZE_LOG_CALI: 657.431	554.393	660.031	559.286	914.431	534.478	916.181	539.614	328.715	545.162	331.954	549.935	582.665	527.359	584.997	532.411	
45.9362	34.8946	302.28	15.2314	-343.808	45.2276	-90.5412	27.6749	43.3363	30.0017	300.527	10.0927	-347.051	40.4517	-92.8735	22.6226	11.5746	7.95636	-642.813	75.9184	3.50424	-641.182	11.4075	8.05381	-650.611	76.538	3.54715	-648.957	10.9681	6.76069	-645.654	75.8245	2.22723	-644.127	-0.0854509	-0.251514	0.964074	-0.141056	-0.260939	0.954994	-0.0854509	0.00657731	0.996321	-0.141056	-0.00487696	0.98999	-0.0854509	0.00657731	0.996321	-0.141056	-0.00487696	0.98999	-4.90206	0.376855	-8.10904	-0.27943	-4.90206	0.376855	-8.10904	-0.27943	80.099	100.732	110.319	89.6444	446.856	561.962	615.445	500.108	526.153	524.638	1	0	0
"
 tid_11240_time_14:14:40:140 DPETW@ "GAZE_LOG_CALI: 657.483	554.586	660.034	559.496	914.521	534.487	916.201	539.695	328.697	545.43	331.96	550.149	582.615	527.472	585.03	532.503	
45.9397	35.1049	302.3	15.3134	-343.801	45.442	-90.5085	27.7665	43.3877	30.1951	300.617	10.1017	-347.069	40.7194	-92.9233	22.736	11.5758	8.00999	-642.81	75.926	3.5263	-641.207	11.4087	8.1081	-650.608	76.5457	3.56948	-648.982	10.979	6.81796	-645.54	75.8203	2.24183	-643.902	-0.0819059	-0.245892	0.965831	-0.13684	-0.250457	0.958408	-0.0819059	0.0124622	0.996562	-0.13684	0.00613126	0.990574	-0.0819059	0.0124622	0.996562	-0.13684	0.00613126	0.990574	-4.69849	0.714052	-7.8652	0.351298	-4.69849	0.714052	-7.8652	0.351298	82.3265	104.46	113.012	96.5485	459.283	582.762	630.469	538.625	543.336	558.767	1	0	0
"
 tid_11240_time_14:14:40:163 DPETW@ "GAZE_LOG_CALI: 657.588	554.77	660.216	559.622	914.516	534.638	916.357	539.786	328.882	545.445	332.153	550.266	582.865	527.62	585.17	532.578	
46.1215	35.2306	302.456	15.4034	-343.608	45.5583	-90.3675	27.8417	43.493	30.3789	300.612	10.2525	-346.884	40.7349	-92.6731	22.884	11.6212	8.04118	-642.842	75.9626	3.54716	-641.188	11.4547	8.13967	-650.64	76.5827	3.5906	-648.963	11.0083	6.84476	-645.666	75.868	2.28155	-644.311	-0.0865327	-0.250999	0.964112	-0.146302	-0.26795	0.95226	-0.0865327	0.00708394	0.996224	-0.146302	-0.0123569	0.989163	-0.0865327	0.00708394	0.996224	-0.146302	-0.0123569	0.989163	-4.96429	0.405883	-8.41335	-0.708018	-4.96429	0.405883	-8.41335	-0.708018	79.4607	101.125	107	84.9957	443.295	564.153	596.931	474.174	513.21	510.363	1	0	0
"
 tid_11240_time_14:14:40:185 DPETW@ "GAZE_LOG_CALI: 658.08	554.854	660.676	559.626	915.062	534.661	916.842	539.802	329.225	545.505	332.557	550.295	583.29	527.586	585.63	532.579	
46.5811	35.2348	302.942	15.4205	-343.204	45.5872	-89.9081	27.8427	43.9855	30.4625	301.159	10.2753	-346.54	40.7952	-92.2482	22.8494	11.7357	8.0446	-642.752	76.0797	3.5496	-641.14	11.5705	8.14315	-650.549	76.7013	3.59307	-648.915	11.1286	6.8607	-645.427	75.9831	2.2797	-644.117	-0.0833895	-0.242004	0.966685	-0.14291	-0.26133	0.954612	-0.0833895	0.0164389	0.996381	-0.14291	-0.0053532	0.989721	-0.0833895	0.0164389	0.996381	-0.14291	-0.0053532	0.989721	-4.78407	0.941924	-8.21637	-0.306717	-4.78407	0.941924	-8.21637	-0.306717	81.5562	106.994	109.301	89.4007	454.985	596.899	609.77	498.749	528.882	543.474	1	0	0
"
 tid_11240_time_14:14:40:208 DPETW@ "GAZE_LOG_CALI: 658.62	554.719	661.247	559.575	915.734	534.657	917.422	539.91	329.763	545.491	333.015	550.268	583.809	527.697	586.124	532.661	
47.1522	35.1837	303.523	15.5279	-342.745	45.5605	-89.4142	27.9252	44.5252	30.3276	301.832	10.2715	-346.002	40.7809	-91.7289	22.9602	11.8764	8.0329	-642.569	76.2097	3.57325	-641.013	11.7128	8.13133	-650.367	76.833	3.61702	-648.787	11.265	6.84247	-645.434	76.124	2.29285	-643.876	-0.0875123	-0.251834	0.963806	-0.138046	-0.257831	0.956277	-0.0875123	0.00619869	0.996144	-0.138046	-0.0015426	0.990425	-0.0875123	0.00619869	0.996144	-0.138046	-0.0015426	0.990425	-5.0206	0.355161	-7.93479	-0.0883844	-5.0206	0.355161	-7.93479	-0.0883844	79.1257	100.633	112.556	91.8437	441.426	561.409	627.928	512.378	530.442	531.486	1	0	0
"
 tid_11240_time_14:14:40:230 DPETW@ "GAZE_LOG_CALI: 659.096	554.668	661.782	559.491	916.191	534.808	917.974	539.999	330.208	545.457	333.509	550.139	584.347	527.752	586.663	532.755	
47.6871	35.1004	304.076	15.6174	-342.25	45.4309	-88.8749	28.0189	45.0007	30.2767	302.29	10.4232	-345.556	40.7461	-91.1913	23.0158	12.0099	8.00576	-642.513	76.3463	3.59675	-640.989	11.848	8.10387	-650.311	76.9713	3.64081	-648.764	11.3845	6.83159	-645.391	76.2556	2.32014	-644.012	-0.0908391	-0.24935	0.964143	-0.143604	-0.264999	0.953495	-0.0908391	0.00868474	0.995828	-0.143604	-0.00918695	0.989592	-0.0908391	0.00868474	0.995828	-0.143604	-0.00918695	0.989592	-5.21208	0.497605	-8.25683	-0.526381	-5.21208	0.497605	-8.25683	-0.526381	77.1702	102.175	109.144	87.086	430.517	570.013	608.892	485.835	513.524	520.174	1	0	0
"
 tid_11240_time_14:14:40:252 DPETW@ "GAZE_LOG_CALI: 659.795	554.604	662.373	559.451	916.859	535.017	918.731	540.275	330.745	545.354	334.03	550.068	584.977	527.961	587.347	533.004	
48.278	35.0597	304.835	15.8937	-341.728	45.3604	-88.1908	28.2683	45.7004	30.2129	302.959	10.6314	-345.018	40.6431	-90.5605	23.2242	12.1563	7.99091	-642.411	76.523	3.66297	-640.877	11.9962	8.08885	-650.209	77.1503	3.70784	-648.651	11.5568	6.80811	-645.133	76.4175	2.3733	-643.955	-0.0836297	-0.2438	0.966213	-0.148415	-0.270313	0.951264	-0.0836297	0.0145815	0.99639	-0.148415	-0.0148972	0.988813	-0.0836297	0.0145815	0.99639	-0.148415	-0.0148972	0.988813	-4.79774	0.835491	-8.53603	-0.853577	-4.79774	0.835491	-8.53603	-0.853577	81.8611	105.864	106.252	83.5989	456.686	590.597	592.757	466.382	518.999	521.238	1	0	0
"
 tid_11240_time_14:14:40:274 DPETW@ "GAZE_LOG_CALI: 660.105	554.603	662.755	559.473	917.333	535.151	919.002	540.42	331.043	545.391	334.343	550.123	585.312	528.174	587.631	533.198	
48.66	35.0824	305.107	16.0389	-341.414	45.4152	-87.907	28.462	46.0102	30.2116	303.434	10.7657	-344.719	40.6803	-90.2253	23.4376	12.2507	7.99955	-642.296	76.5935	3.70609	-640.894	12.0917	8.09761	-650.094	77.2216	3.75149	-648.669	11.6348	6.81282	-645.118	76.5106	2.41675	-643.733	-0.0885457	-0.249031	0.964439	-0.137738	-0.25858	0.95612	-0.0885457	0.00907004	0.996031	-0.137738	-0.00230664	0.990466	-0.0885457	0.00907004	0.996031	-0.137738	-0.00230664	0.990466	-5.08016	0.519682	-7.91699	-0.132161	-5.08016	0.519682	-7.91699	-0.132161	78.8769	102.463	113.152	91.5266	440.038	571.618	631.253	510.609	531.836	536.275	1	0	0
"
 tid_11240_time_14:14:40:296 DPETW@ "GAZE_LOG_CALI: 660.068	555.108	662.802	559.939	917.479	535.668	919.104	540.818	330.961	545.745	334.252	550.5	585.292	528.612	587.664	533.668	
48.7075	35.548	305.208	16.4371	-341.506	45.7926	-87.8733	28.9316	45.9729	30.7169	303.58	11.283	-344.802	41.0348	-90.2462	23.8758	12.2585	8.1027	-642.055	76.6056	3.8148	-640.789	12.0995	8.20207	-649.853	77.234	3.86154	-648.563	11.6243	6.92072	-645.032	76.5141	2.53635	-643.448	-0.0948214	-0.255692	0.962097	-0.134981	-0.248493	0.959183	-0.0948214	0.00202985	0.995492	-0.134981	0.00822906	0.990814	-0.0948214	0.00202985	0.995492	-0.134981	0.00822906	0.990814	-5.44105	0.116302	-7.75778	0.471496	-5.44105	0.116302	-7.75778	0.471496	74.9532	98.2296	114.928	98.2475	418.149	548.003	641.162	548.103	525.974	543.502	1	0	0
"
 tid_11240_time_14:14:40:319 DPETW@ "GAZE_LOG_CALI: 659.834	555.445	662.446	560.227	917.136	535.983	918.894	541.184	330.615	546.126	333.863	550.902	584.988	528.904	587.378	533.959	
48.3515	35.8363	304.998	16.8026	-341.895	46.1946	-88.16	29.2232	45.7394	31.0539	303.237	11.5983	-345.148	41.4156	-90.5503	24.1674	12.1675	8.18871	-641.997	76.5365	3.8963	-640.645	12.0074	8.28914	-649.795	77.1642	3.94405	-648.419	11.5615	7.00927	-644.844	76.4344	2.61304	-643.505	-0.0868658	-0.249345	0.964511	-0.141903	-0.258797	0.955452	-0.0868658	0.00878507	0.996181	-0.141903	-0.00268954	0.989877	-0.0868658	0.00878507	0.996181	-0.141903	-0.00268954	0.989877	-4.98352	0.503354	-8.15798	-0.1541	-4.98352	0.503354	-8.15798	-0.1541	79.8707	102.544	110.464	91.5372	445.583	572.073	616.258	510.668	526.775	536.167	1	0	0
"
 tid_11240_time_14:14:40:340 DPETW@ "GAZE_LOG_CALI: 659.352	555.587	661.987	560.5	916.6	536.079	918.455	541.32	330.078	546.383	333.422	551.099	584.434	529.014	586.832	534.067	
47.8921	36.1089	304.558	16.9386	-342.337	46.3923	-88.7059	29.331	45.2573	31.1955	302.699	11.6948	-345.686	41.6735	-91.1038	24.2776	12.0525	8.24781	-642.015	76.4046	3.92525	-640.466	11.891	8.34896	-649.813	77.0308	3.97336	-648.241	11.4377	7.05832	-644.748	76.2949	2.63847	-643.473	-0.0864073	-0.246016	0.965406	-0.147023	-0.266678	0.952506	-0.0864073	0.0122322	0.996185	-0.147023	-0.0110646	0.989071	-0.0864073	0.0122322	0.996185	-0.147023	-0.0110646	0.989071	-4.95732	0.700868	-8.45494	-0.633967	-4.95732	0.700868	-8.45494	-0.633967	80.0379	104.749	107.077	86.3681	446.515	584.374	597.363	481.831	516.385	526.169	1	0	0
"
 tid_11240_time_14:14:40:362 DPETW@ "GAZE_LOG_CALI: 660.786	555.234	662.406	560.398	918.095	535.462	918.775	540.896	331.308	545.987	333.606	551.019	585.752	528.339	587.056	533.768	
48.3114	36.007	304.878	16.5145	-342.152	46.3121	-88.4821	29.0317	46.6917	30.8423	304.197	11.0777	-344.454	41.2773	-89.7856	23.6026	12.1505	8.21998	-641.636	76.4669	3.83349	-640.314	11.9901	8.32086	-649.433	77.094	3.88049	-648.089	11.7942	6.96109	-644.438	76.6407	2.47522	-643.209	-0.0378178	-0.262444	0.964206	-0.0889242	-0.275649	0.957136	-0.0378178	-0.00394629	0.999277	-0.0889242	-0.0185312	0.995866	-0.0378178	-0.00394629	0.999277	-0.0889242	-0.0185312	0.995866	-2.16733	-0.226106	-5.1026	-1.06182	-2.16733	-0.226106	-5.1026	-1.06182	110.552	94.731	143.904	81.7262	616.75	528.486	802.812	455.934	709.781	492.21	1	0	0
"
 tid_11240_time_14:14:40:385 DPETW@ "GAZE_LOG_CALI: 660.972	554.986	662.243	560.348	918.289	535.227	918.609	540.693	331.538	545.632	333.559	550.967	585.97	528.119	587.001	533.521	
48.1488	35.9567	304.713	16.3113	-342.2	46.2602	-88.5364	28.7847	46.8772	30.5948	304.392	10.8423	-344.223	40.9215	-89.5675	23.3828	12.1131	8.20958	-641.827	76.4471	3.77788	-640.492	11.9523	8.3103	-649.625	77.0738	3.82419	-648.267	11.8429	6.88567	-644.512	76.6947	2.41807	-643.247	-0.0205991	-0.26834	0.963104	-0.0725328	-0.269045	0.960393	-0.0205991	-0.00992653	0.999739	-0.0725328	-0.0113095	0.997302	-0.0205991	-0.00992653	0.999739	-0.0725328	-0.0113095	0.997302	-1.18039	-0.568758	-4.15974	-0.647998	-1.18039	-0.568758	-4.15974	-0.647998	121.225	90.9534	154.125	86.1227	676.287	507.411	859.834	480.461	768.061	493.936	1	0	0
"
 tid_11240_time_14:14:40:408 DPETW@ "GAZE_LOG_CALI: 661.197	554.925	662.107	559.983	918.351	534.447	918.678	539.936	331.887	545.604	333.533	550.599	586.307	527.304	587.276	532.81	
48.0121	35.5924	304.782	15.5544	-342.226	45.8913	-88.2619	28.0739	47.1025	30.5334	304.454	10.0617	-343.874	40.8934	-89.2309	22.5679	12.0823	8.11947	-642.011	76.5064	3.59557	-640.85	11.9212	8.21905	-649.809	77.1335	3.63962	-648.624	11.9036	6.87702	-644.719	76.7652	2.21846	-643.704	-0.00333537	-0.254975	0.966942	-0.0717372	-0.276795	0.958248	-0.00333537	0.00397599	0.999987	-0.0717372	-0.0193506	0.997236	-0.00333537	0.00397599	0.999987	-0.0717372	-0.0193506	0.997236	-0.191105	0.227808	-4.11454	-1.10878	-0.191105	0.227808	-4.11454	-1.10878	131.927	99.4617	154.654	80.8533	735.996	554.877	862.786	451.064	799.391	502.971	2	0	0
"
 tid_11240_time_14:14:40:431 DPETW@ "GAZE_LOG_CALI: 663.774	557.118	661.59	559.187	919.304	535.096	918.718	539.31	334.521	547.872	333.201	549.777	587.137	527.755	587.366	532.162	
47.4952	34.7963	304.822	14.9274	-342.558	45.0693	-88.1719	27.426	49.6793	32.7273	305.408	10.7114	-341.235	43.1625	-88.4002	23.0186	11.9582	7.91886	-642.319	76.5274	3.43559	-640.942	11.7957	8.01593	-650.117	77.1546	3.47768	-648.717	12.556	7.4467	-644.832	76.9824	2.35765	-643.512	0.141589	-0.106008	0.984233	-0.0323358	-0.210258	0.977111	0.141589	0.152343	0.978133	-0.0323358	0.0498011	0.998236	0.141589	0.152343	0.978133	-0.0323358	0.0498011	0.998236	8.23662	8.76273	-1.85533	2.85457	8.23662	8.76273	-1.85533	2.85457	223.913	193.589	179.168	123.597	1249.17	1080	999.543	689.525	1124.35	884.76	1	1	1
"
 tid_11240_time_14:14:40:453 DPETW@ "GAZE_LOG_CALI: 663.755	564.285	658.399	557.744	922.996	539.13	919.065	538.466	334.489	553.694	333.365	547.69	589.122	531.563	587.331	531.489	
44.3038	33.3531	305.17	14.083	-342.394	42.9809	-88.2066	26.7529	49.6607	39.8947	309.108	14.748	-341.269	48.9883	-86.4149	26.8264	11.254	7.54011	-647.878	76.5412	3.24106	-640.33	11.0843	7.63173	-655.676	77.1692	3.28079	-648.104	12.5529	9.09056	-644.669	77.5752	3.33588	-640.706	0.131121	0.130254	0.982772	0.0547846	0.00743484	0.99847	0.131121	0.380176	0.915573	0.0547846	0.265605	0.962524	0.131121	0.380176	0.915573	0.0547846	0.265605	0.962524	8.15001	22.3446	3.25763	15.4029	8.15001	22.3446	3.25763	15.4029	222.997	355.367	234.472	263.424	1244.05	1080	1308.07	1080	1276.06	1080	1	1	1
"
 tid_11240_time_14:14:40:589 DPETW@ "GAZE_LOG_CALI: 661.429	559.833	662.041	560.938	922.139	536.92	918.909	541.036	330.123	546.633	333.16	551.568	584.603	528.834	586.968	533.789	
47.9467	36.5472	305.013	16.6552	-342.599	46.8614	-88.57	29.053	47.3345	35.4417	308.249	12.5364	-345.642	41.923	-90.9351	24.0982	12.0561	8.35497	-641.49	76.457	3.85135	-639.946	11.8945	8.45752	-649.287	77.0843	3.8986	-647.721	11.9144	7.58259	-641.197	76.6494	2.6812	-634.813	0.00245303	-0.107514	0.994201	-0.0335224	-0.0938444	0.995022	0.00245303	0.153468	0.988151	-0.0335224	0.166884	0.985406	0.00245303	0.153468	0.988151	-0.0335224	0.166884	0.985406	0.142233	8.82793	-1.94838	9.6067	0.142233	8.82793	-1.94838	9.6067	135.517	193.85	178.12	198.123	756.021	1080	993.694	1080	874.857	1080	1	1	1
"
 tid_11240_time_14:14:40:612 DPETW@ "GAZE_LOG_CALI: 660.167	556.488	662.564	561.431	918.101	536.601	919.607	541.596	330.366	547.213	333.582	552.113	585.553	529.462	587.576	534.45	
48.4696	37.0399	305.713	17.2153	-342.177	47.4069	-87.9621	29.714	46.0723	32.0968	304.204	12.2171	-345.398	42.5041	-89.9848	24.7258	12.1841	8.4841	-641.326	76.6144	4.0046	-639.796	12.0241	8.58826	-649.124	77.2438	4.05374	-647.571	11.6279	7.26783	-643.878	76.6001	2.75937	-642.849	-0.0730272	-0.243436	0.967164	-0.13037	-0.262147	0.956181	-0.0730272	0.0151793	0.997214	-0.13037	-0.00573708	0.991449	-0.0730272	0.0151793	0.997214	-0.13037	-0.00573708	0.991449	-4.18836	0.869742	-7.49109	-0.328712	-4.18836	0.869742	-7.49109	-0.328712	88.6137	106.979	117.993	89.9664	494.358	596.814	658.257	501.905	575.845	548.719	1	1	1
"
 tid_11240_time_14:14:40:634 DPETW@ "GAZE_LOG_CALI: 660.39	556.615	662.92	561.627	918.456	536.763	919.988	541.89	330.648	547.422	333.704	552.234	585.692	529.658	587.859	534.686	
48.8258	37.2364	306.094	17.5095	-342.054	47.5281	-87.6787	29.9498	46.2953	32.2243	304.559	12.3787	-345.115	42.7125	-89.8456	24.9213	12.2662	8.51899	-640.944	76.6911	4.07048	-639.644	12.1071	8.62364	-648.742	77.3216	4.12044	-647.418	11.6857	7.3119	-643.981	76.6476	2.80296	-642.499	-0.0850382	-0.264698	0.960575	-0.131211	-0.256499	0.957597	-0.0850382	-0.0070636	0.996353	-0.131211	8.53688e-05	0.991354	-0.0850382	-0.0070636	0.996353	-0.131211	8.53688e-05	0.991354	-4.87835	-0.404718	-7.53959	0.00489127	-4.87835	-0.404718	-7.53959	0.00489127	81.1996	93.2553	117.555	93.7027	452.996	520.252	655.816	522.749	550.326	515.882	1	1	1
"
 tid_11240_time_14:14:40:657 DPETW@ "GAZE_LOG_CALI: 660.59	556.718	663.187	561.595	918.626	536.774	920.2	541.864	330.893	547.446	333.989	552.238	585.87	529.666	588.067	534.651	
49.0921	37.2044	306.307	17.4836	-341.769	47.5312	-87.4702	29.9153	46.4957	32.3271	304.729	12.3899	-344.87	42.7373	-89.6681	24.9293	12.3339	8.51607	-640.975	76.7438	4.06304	-639.637	12.1756	8.62069	-648.772	77.375	4.11291	-647.411	11.7382	7.32905	-644.047	76.6921	2.80562	-642.512	-0.088936	-0.262642	0.960786	-0.133469	-0.255505	0.957551	-0.088936	-0.0050225	0.996025	-0.133469	0.00103372	0.991052	-0.0889359	-0.0050225	0.996025	-0.133469	0.00103372	0.991052	-5.10246	-0.287769	-7.6701	0.059228	-5.10246	-0.287769	-7.6701	0.059228	78.8187	94.5151	116.176	94.289	439.714	527.281	648.122	526.019	539.514	520.794	1	1	1
"
 tid_11240_time_14:14:40:680 DPETW@ "GAZE_LOG_CALI: 660.76	556.728	663.274	561.65	918.736	536.757	920.279	541.833	330.934	547.54	334.114	552.305	585.964	529.674	588.188	534.669	
49.1794	37.2591	306.386	17.4524	-341.644	47.5991	-87.3498	29.9329	46.665	32.3372	304.84	12.373	-344.828	42.8311	-89.5736	24.938	12.3569	8.53257	-641.041	76.7718	4.06194	-639.705	12.1989	8.63737	-648.839	77.4032	4.11179	-647.479	11.7765	7.33991	-643.848	76.717	2.80459	-642.489	-0.0816375	-0.250779	0.964596	-0.131876	-0.251204	0.958909	-0.0816375	0.00742166	0.996634	-0.131876	0.00553967	0.991251	-0.0816375	0.00742166	0.996634	-0.131876	0.00553967	0.991251	-4.68283	0.425234	-7.57811	0.317401	-4.68283	0.425234	-7.57811	0.317401	83.4168	102.269	117.206	97.0815	465.366	570.536	653.869	541.598	558.676	554.836	1	1	1
"
 tid_11240_time_14:14:40:702 DPETW@ "GAZE_LOG_CALI: 660.724	556.858	663.278	561.723	918.691	536.747	920.31	541.825	330.95	547.661	334.093	552.399	585.94	529.672	588.184	534.701	
49.1833	37.3321	306.416	17.4444	-341.665	47.6925	-87.3538	29.9648	46.6297	32.4664	304.795	12.3631	-344.813	42.9525	-89.5979	24.9353	12.3569	8.55296	-641.001	76.7729	4.06461	-639.653	12.1989	8.65803	-648.798	77.4044	4.11449	-647.427	11.7692	7.37258	-643.927	76.7096	2.80314	-642.523	-0.0849632	-0.254212	0.963409	-0.13559	-0.255938	0.957137	-0.0849632	0.0037985	0.996377	-0.13559	0.000508651	0.990765	-0.0849632	0.0037985	0.996377	-0.13559	0.000508651	0.990765	-4.87394	0.217639	-7.79272	0.0291436	-4.87394	0.217639	-7.79272	0.0291436	81.334	100.042	114.855	93.9589	453.746	558.115	640.755	524.178	544.282	537.271	1	1	1
"
 tid_11240_time_14:14:40:724 DPETW@ "GAZE_LOG_CALI: 661.452	556.866	663.668	561.843	919.55	536.69	920.814	541.864	331.501	547.546	334.43	552.467	586.895	529.531	588.655	534.634	
49.5739	37.4518	306.921	17.4836	-341.328	47.7608	-86.8828	29.8981	47.3574	32.4753	305.655	12.3066	-344.261	42.8366	-88.6431	24.795	12.4533	8.57582	-640.917	76.8934	4.06123	-639.602	12.2964	8.68117	-648.715	77.5264	4.11108	-647.376	11.9478	7.3562	-643.645	76.9464	2.78005	-642.695	-0.0663935	-0.252289	0.965371	-0.118368	-0.271607	0.955101	-0.0663935	0.0061637	0.997774	-0.118368	-0.0151538	0.992854	-0.0663936	0.0061637	0.997774	-0.118368	-0.0151538	0.992854	-3.80694	0.353156	-6.79871	-0.868283	-3.80694	0.353156	-6.79871	-0.868283	93.0662	101.554	125.888	84.2136	519.198	566.55	702.303	469.811	609.744	516.562	1	1	1
"
 tid_11240_time_14:14:40:746 DPETW@ "GAZE_LOG_CALI: 668.656	556.82	667.439	561.88	925.803	536.463	923.414	541.813	338.615	547.475	338.063	552.536	593.177	529.249	591.4	534.636	
53.3446	37.4888	309.527	17.4331	-337.688	47.8296	-84.1376	29.9002	54.5618	32.4292	311.919	12.079	-337.134	42.7645	-82.3592	24.5121	13.3962	8.59054	-640.75	77.5779	4.05975	-639.865	13.2509	8.69611	-648.548	78.219	4.10956	-647.639	13.763	7.34811	-643.609	78.5367	2.72247	-642.803	0.0995444	-0.262	0.95992	0.0630295	-0.275186	0.959323	0.0995444	-0.00462672	0.995022	0.0630295	-0.0175184	0.997858	0.0995444	-0.00462672	0.995022	0.0630295	-0.0175184	0.997858	5.713	-0.265093	3.61428	-1.00378	5.713	-0.265093	3.61428	-1.00378	197.423	94.8907	239.372	82.7217	1101.38	529.376	1335.41	461.488	1218.4	495.432	1	1	1
"
 tid_11240_time_14:14:40:769 DPETW@ "GAZE_LOG_CALI: 671.932	557.073	668.828	562.172	928.49	536.849	924.388	541.936	341.968	547.874	339.45	552.648	595.767	529.513	592.444	534.715	
54.7343	37.7816	310.502	17.5556	-336.298	47.9409	-83.0931	29.9786	57.8386	32.6821	314.611	12.4655	-333.776	43.1635	-79.7691	24.7763	13.746	8.64279	-640.752	77.8371	4.08687	-639.982	13.6049	8.749	-648.55	78.4813	4.137	-647.755	14.5928	7.43614	-643.781	79.1972	2.80657	-642.659	0.195841	-0.260279	0.945463	0.134716	-0.250326	0.958743	0.195841	-0.00670585	0.980613	0.134716	0.00634512	0.990864	0.195841	-0.00670585	0.980613	0.134716	0.00634512	0.990864	11.2941	-0.38422	7.74236	0.363551	11.2941	-0.38422	7.74236	0.363551	259.642	93.5829	284.681	97.5402	1448.49	522.08	1588.18	544.157	1536.7	515.134	1	1	1
"
 tid_11240_time_14:14:40:791 DPETW@ "GAZE_LOG_CALI: 671.599	557.333	668.523	562.36	928.545	537.054	924.471	542.206	341.617	547.972	339.252	552.973	595.758	529.703	592.543	534.957	
54.4287	37.9694	310.585	17.8265	-336.497	48.2659	-82.9939	30.2212	57.5055	32.942	314.666	12.6704	-334.127	43.2617	-79.7786	24.9669	13.6726	8.70969	-640.926	77.8614	4.15178	-640.016	13.5307	8.8167	-648.724	78.5058	4.2027	-647.789	14.5084	7.48051	-643.739	79.1979	2.85601	-642.553	0.186125	-0.254365	0.949029	0.126973	-0.247056	0.960646	0.186125	-7.04676e-05	0.982526	0.126973	0.00999542	0.991856	0.186125	-7.04676e-05	0.982526	0.126973	0.00999542	0.991856	10.7267	-0.0040375	7.29505	0.572705	10.7267	-0.0040375	7.29505	0.572705	253.224	97.8031	279.797	99.8684	1412.68	545.624	1560.93	557.146	1499.49	538.659	1	1	1
"
 tid_11240_time_14:14:40:813 DPETW@ "GAZE_LOG_CALI: 671.334	557.671	668.466	562.613	928.501	537.364	924.556	542.497	341.368	548.389	339.171	553.296	595.786	530	592.583	535.298	
54.372	38.2219	310.67	18.1173	-336.578	48.5893	-82.9539	30.562	57.2397	33.2797	314.623	12.9807	-334.377	43.6794	-79.7508	25.2635	13.6571	8.78162	-640.886	77.8728	4.23068	-639.928	13.515	8.88952	-648.684	78.5174	4.28258	-647.701	14.4412	7.57623	-643.768	79.2009	2.93324	-642.666	0.179069	-0.253912	0.950507	0.130002	-0.25667	0.957716	0.179069	0.000748679	0.983836	0.130002	-4.9457e-05	0.991514	0.179069	0.000748679	0.983836	0.130002	-4.9457e-05	0.991514	10.3156	0.0428962	7.46974	-0.00283368	10.3156	0.0428962	7.46974	-0.00283368	248.595	98.4008	281.718	93.702	1386.86	548.958	1571.65	522.745	1492.52	521.956	1	1	1
"
 tid_11240_time_14:14:40:836 DPETW@ "GAZE_LOG_CALI: 671.27	557.987	668.491	562.925	928.519	537.678	924.656	542.814	341.144	548.777	338.961	553.621	595.691	530.386	592.612	535.643	
54.3974	38.5342	310.771	18.4349	-336.789	48.9152	-82.9247	30.9074	57.1757	33.5964	314.641	13.2956	-334.601	44.0677	-79.8454	25.6495	13.655	8.85624	-640.496	77.8835	4.31328	-639.811	13.5127	8.96512	-648.294	78.5284	4.3662	-647.584	14.4192	7.66189	-643.497	79.182	3.02075	-642.476	0.179378	-0.2579	0.949374	0.122803	-0.252776	0.9597	0.179378	-0.00339581	0.983774	0.122803	0.00422585	0.992422	0.179378	-0.00339581	0.983774	0.122803	0.00422585	0.992422	10.3336	-0.194566	7.05399	0.242124	10.3336	-0.194566	7.05399	0.242124	248.73	95.9605	277.156	96.4779	1387.61	535.344	1546.2	538.231	1478.69	524.159	1	1	1
"
 tid_11240_time_14:14:40:859 DPETW@ "GAZE_LOG_CALI: 671.219	558.404	668.375	563.398	928.507	538.092	924.685	543.229	341.025	549.006	338.791	553.979	595.675	530.734	592.585	535.971	
54.2808	39.007	310.799	18.8496	-336.96	49.2734	-82.9524	31.2351	57.1253	34.013	314.628	13.7092	-334.72	44.2967	-79.8616	25.9973	13.6242	8.95912	-640.392	77.8791	4.40589	-639.717	13.4816	9.06929	-648.19	78.524	4.45995	-647.49	14.4047	7.7417	-643.365	79.1777	3.1168	-642.469	0.181387	-0.260863	0.948182	0.124781	-0.256377	0.958489	0.181387	-0.00656711	0.98339	0.124781	0.000434443	0.992184	0.181387	-0.00656711	0.98339	0.124781	0.000434443	0.992184	10.4508	-0.37627	7.16813	0.0248918	10.4508	-0.37627	7.16813	0.0248918	249.997	94.0866	278.395	94.2295	1394.68	524.89	1553.11	525.688	1487.54	510.566	1	1	1
"
 tid_11240_time_14:14:40:881 DPETW@ "GAZE_LOG_CALI: 671.148	558.635	668.331	563.565	928.514	538.317	924.675	543.555	340.93	549.303	338.659	554.246	595.612	531.023	592.571	536.31	
54.2369	39.174	310.79	19.1757	-337.091	49.5407	-82.9657	31.5742	57.0545	34.2446	314.635	13.9348	-334.815	44.5934	-79.9248	26.286	13.6097	9.01165	-640.251	77.8755	4.48946	-639.708	13.4668	9.12248	-648.048	78.5203	4.54455	-647.481	14.3848	7.80812	-643.339	79.1649	3.18108	-642.349	0.184525	-0.264209	0.946649	0.120506	-0.254919	0.959424	0.184525	-0.0101957	0.982775	0.120506	0.00208388	0.99271	0.184525	-0.0101957	0.982775	0.120506	0.00208388	0.99271	10.634	-0.584182	6.9213	0.119398	10.634	-0.584182	6.9213	0.119398	252.011	91.8827	275.687	95.3413	1405.92	512.595	1538	531.89	1485.67	507.309	1	1	1
"
 tid_11240_time_14:14:40:904 DPETW@ "GAZE_LOG_CALI: 671.029	558.977	668.218	563.984	928.406	538.793	924.598	543.975	340.724	549.65	338.483	554.575	595.493	531.493	592.494	536.693	
54.1243	39.593	310.713	19.5962	-337.268	49.8693	-83.0435	31.9572	56.935	34.5862	314.528	14.4105	-335.023	44.9409	-80.0437	26.7566	13.5792	9.10387	-640.138	77.855	4.59029	-639.694	13.4359	9.21585	-647.936	78.4996	4.64662	-647.468	14.3518	7.89304	-643.182	79.1345	3.30027	-642.321	0.182482	-0.263576	0.947221	0.118494	-0.251292	0.960631	0.182482	-0.00943574	0.983164	0.118494	0.0059005	0.992937	0.182482	-0.00943574	0.983164	0.118494	0.0059005	0.992937	10.5149	-0.540636	6.80531	0.338076	10.5149	-0.540636	6.80531	0.338076	250.63	92.4849	274.398	97.8207	1398.22	515.955	1530.81	545.722	1476.59	517.696	1	1	1
"
 tid_11240_time_14:14:40:926 DPETW@ "GAZE_LOG_CALI: 670.216	559.354	667.706	564.307	927.526	539.023	924.132	544.244	339.885	549.981	338.018	554.899	594.538	531.666	591.959	537.071	
53.6122	39.9165	310.245	19.8654	-337.733	50.1934	-83.5785	32.3349	56.1219	34.9634	313.645	14.641	-335.863	45.2727	-80.9982	26.9295	13.4523	9.18581	-640.202	77.7233	4.67024	-639.578	13.3075	9.2988	-648	78.3665	4.72756	-647.351	14.1457	7.98101	-643.121	78.8963	3.34945	-642.188	0.163624	-0.257249	0.952392	0.0986552	-0.25661	0.961467	0.163624	-0.00198665	0.986521	0.0986552	0.000980005	0.995121	0.163624	-0.00198665	0.986521	0.0986552	0.000980005	0.995121	9.41734	-0.113827	5.66174	0.0561501	9.41734	-0.113827	5.66174	0.0561501	238.268	97.2517	261.762	94.8622	1329.25	542.548	1460.32	529.217	1399.84	529.558	1	1	1
"
 tid_11240_time_14:14:40:950 DPETW@ "GAZE_LOG_CALI: 669.91	559.529	667.369	564.484	927.236	539.182	923.839	544.524	339.487	550.161	337.613	555.113	594.273	531.92	591.649	537.271	
53.2747	40.0929	309.953	20.1459	-338.139	50.4079	-83.8885	32.5353	55.816	35.1377	313.355	14.8	-336.261	45.4528	-81.264	27.1837	13.3653	9.23282	-640.081	77.6459	4.73008	-639.545	13.2194	9.3464	-647.879	78.2881	4.78814	-647.318	14.0654	8.02335	-642.962	78.8274	3.40158	-642.221	0.163875	-0.256307	0.952603	0.101569	-0.261122	0.959947	0.163875	-0.00102222	0.986481	0.101569	-0.00377174	0.994821	0.163875	-0.00102222	0.986481	0.101569	-0.00377174	0.994821	9.43188	-0.0585689	5.8296	-0.216105	9.43188	-0.0585689	5.8296	-0.216105	238.325	97.9353	263.512	91.9753	1329.56	546.362	1470.08	513.112	1405.81	522.248	1	1	1
"
 tid_11240_time_14:14:40:973 DPETW@ "GAZE_LOG_CALI: 669.58	559.587	667.091	564.555	926.896	539.191	923.437	544.476	339.168	550.232	337.36	555.15	593.968	531.881	591.385	537.301	
52.9971	40.1642	309.55	20.0975	-338.393	50.4452	-84.152	32.5649	55.4859	35.1964	313.015	14.8093	-336.581	45.5237	-81.5684	27.1442	13.2967	9.24665	-640.111	77.5718	4.72919	-639.761	13.15	9.3604	-647.909	78.2129	4.78722	-647.535	13.9826	8.03952	-642.972	78.7486	3.39776	-642.278	0.160773	-0.25507	0.953463	0.0980674	-0.254321	0.962135	0.160773	0.000395656	0.986991	0.0980674	0.0033634	0.995174	0.160773	0.000395656	0.986991	0.0980674	0.0033634	0.995174	9.25174	0.0226694	5.62793	0.192709	9.25174	0.0226694	5.62793	0.192709	236.258	98.8324	261.258	96.3542	1318.04	551.366	1457.51	537.541	1391.56	539.711	1	1	1
"
 tid_11240_time_14:14:40:995 DPETW@ "GAZE_LOG_CALI: 669.213	559.683	666.702	564.599	926.545	539.227	923.195	544.492	338.859	550.356	337.047	555.29	593.667	531.875	591.111	537.311	
52.6083	40.2082	309.308	20.1133	-338.706	50.5857	-84.4259	32.5753	55.1188	35.2925	312.663	14.8456	-336.891	45.6473	-81.8699	27.1385	13.201	9.27153	-640.241	77.5045	4.7318	-639.709	13.0532	9.38555	-648.039	78.1448	4.78986	-647.482	13.8916	8.06825	-643.068	78.6697	3.40174	-642.355	0.160929	-0.252844	0.954029	0.0983331	-0.260057	0.960573	0.160929	0.00269276	0.986962	0.0983331	-0.00258118	0.99515	0.160929	0.00269276	0.986962	0.0983331	-0.00258118	0.99515	9.26085	0.154284	5.64321	-0.147891	9.26085	0.154284	5.64321	-0.147891	236.284	100.267	261.352	92.6748	1318.18	559.369	1458.03	517.014	1392.44	532.702	1	1	1
"
 tid_11240_time_14:14:41:18 DPETW@ "GAZE_LOG_CALI: 668.825	559.911	666.264	564.892	926.142	539.23	922.743	544.55	338.541	550.553	336.647	555.472	593.276	531.946	590.633	537.304	
52.17	40.5018	308.855	20.1711	-339.107	50.7671	-84.9038	32.5679	54.7311	35.5198	312.259	14.8481	-337.209	45.8447	-82.2611	27.2097	13.0924	9.3316	-640.291	77.3854	4.73725	-639.662	12.9432	9.44636	-648.089	78.0243	4.79539	-647.436	13.7964	8.12294	-643.172	78.5702	3.41081	-642.378	0.165251	-0.256315	0.952363	0.103527	-0.262585	0.959339	0.165251	-0.0010917	0.986251	0.103527	-0.0053428	0.994612	0.165251	-0.0010917	0.986251	0.103527	-0.0053428	0.994612	9.51182	-0.06255	5.94238	-0.306121	9.51182	-0.06255	5.94238	-0.306121	238.976	97.9335	264.49	90.9739	1333.2	546.351	1475.54	507.525	1410.98	518.716	1	1	1
"
 tid_11240_time_14:14:41:40 DPETW@ "GAZE_LOG_CALI: 668.677	559.985	666.123	564.979	926.039	539.188	922.496	544.431	338.227	550.637	336.54	555.564	593.145	531.869	590.535	537.248	
52.0285	40.5888	308.607	20.0528	-339.214	50.8592	-85.0027	32.512	54.5832	35.5939	312.156	14.806	-337.524	45.9289	-82.392	27.1326	13.058	9.35484	-640.345	77.3524	4.71714	-639.901	12.9084	9.46988	-648.143	77.9907	4.77501	-647.675	13.753	8.13906	-642.9	78.5384	3.39532	-642.328	0.154255	-0.243065	0.957666	0.0987037	-0.248642	0.963553	0.154255	0.0130793	0.987944	0.0987037	0.00921613	0.995074	0.154255	0.0130793	0.987944	0.0987037	0.00921613	0.995074	8.87436	0.749412	5.66477	0.528053	8.87436	0.749412	5.66477	0.528053	231.867	106.843	261.451	99.9464	1293.54	596.057	1458.58	557.581	1376.36	576.453	1	1	1
"
 tid_11240_time_14:14:41:64 DPETW@ "GAZE_LOG_CALI: 668.742	559.869	666.24	564.843	926.092	538.96	922.693	544.205	338.402	550.447	336.668	555.468	593.369	531.704	590.667	537.026	
52.1457	40.4522	308.804	19.8265	-339.086	50.7631	-84.8704	32.29	54.6474	35.4777	312.209	14.5783	-337.348	45.7393	-82.1675	26.9674	13.0877	9.32603	-640.367	77.3896	4.66009	-639.798	12.9385	9.44071	-648.164	78.0284	4.71727	-647.572	13.7735	8.10291	-643.078	78.5863	3.34755	-642.608	0.15681	-0.251236	0.955139	0.107713	-0.264439	0.958368	0.15681	0.00453249	0.987618	0.107713	-0.00738475	0.994155	0.15681	0.00453249	0.987618	0.107713	-0.00738475	0.994155	9.02186	0.259693	6.18369	-0.423119	9.02186	0.259693	6.18369	-0.423119	233.536	101.443	267.141	89.5903	1302.85	565.929	1490.33	499.807	1402.04	526.032	1	1	1
"
 tid_11240_time_14:14:41:87 DPETW@ "GAZE_LOG_CALI: 669.162	559.649	666.647	564.561	926.477	538.691	923.189	543.851	339.003	550.301	337.134	555.208	593.811	531.396	591.248	536.655	
52.5529	40.1707	309.301	19.4723	-338.62	50.503	-84.2894	31.9186	55.0676	35.2584	312.595	14.3092	-336.747	45.5927	-81.726	26.6594	13.1922	9.25987	-640.469	77.5325	4.57064	-639.957	13.0443	9.37371	-648.267	78.1729	4.62671	-647.73	13.8857	8.06131	-643.387	78.6957	3.27565	-642.709	0.164237	-0.256187	0.952573	0.10003	-0.258503	0.960817	0.164237	-0.000913322	0.986421	0.10003	-0.00101721	0.994984	0.164237	-0.000913322	0.986421	0.10003	-0.00101721	0.994984	9.4529	-0.0523295	5.74092	-0.058282	9.4529	-0.0523295	5.74092	-0.058282	238.447	97.9295	262.466	93.425	1330.25	546.329	1464.24	521.199	1402.68	526.979	1	1	1
"
 tid_11240_time_14:14:41:109 DPETW@ "GAZE_LOG_CALI: 669.68	559.303	667.202	564.302	926.966	538.415	923.611	543.605	339.383	550.027	337.608	554.92	594.33	531.173	591.675	536.461	
53.1075	39.9113	309.724	19.2263	-338.145	50.2152	-83.8626	31.7251	55.5863	34.9118	313.084	14.033	-336.366	45.3186	-81.2068	26.4368	13.3287	9.18971	-640.352	77.6402	4.51592	-639.97	13.1824	9.30272	-648.15	78.2819	4.57131	-647.743	14.0115	7.98051	-643.175	78.826	3.21351	-642.766	0.159004	-0.253575	0.954158	0.104886	-0.261745	0.959421	0.159004	0.00201964	0.987276	0.104886	-0.00450951	0.994474	0.159004	0.00201964	0.987276	0.104886	-0.00450951	0.994474	9.14909	0.115717	6.02069	-0.258377	9.14909	0.115717	6.02069	-0.258377	235.185	99.7349	265.628	91.1946	1312.05	556.401	1481.89	508.757	1402.48	525.676	1	1	1
"
 tid_11240_time_14:14:41:132 DPETW@ "GAZE_LOG_CALI: 670.442	559.041	668	563.983	927.792	538.218	924.431	543.447	340.204	549.695	338.461	554.558	595.188	530.986	592.563	536.311	
53.9065	39.5923	310.546	19.0679	-337.29	49.8527	-82.9742	31.5751	56.3476	34.6502	313.912	13.8358	-335.543	44.9858	-80.348	26.2493	13.5314	9.10633	-640.456	77.8609	4.47891	-640.089	13.3876	9.21829	-648.254	78.5051	4.53384	-647.862	14.2062	7.90755	-643.283	79.0422	3.16613	-642.831	0.157231	-0.251779	0.954927	0.102455	-0.260942	0.959902	0.157231	0.00395338	0.987554	0.102455	-0.00360934	0.994731	0.157231	0.00395338	0.987554	0.102455	-0.00360934	0.994731	9.04629	0.226513	5.8806	-0.206801	9.04629	0.226513	5.8806	-0.206801	234.261	100.841	264.333	91.688	1306.9	562.573	1474.66	511.509	1395.42	531.192	1	1	1
"
 tid_11240_time_14:14:41:155 DPETW@ "GAZE_LOG_CALI: 671.208	558.857	668.711	563.821	928.517	538.188	925.245	543.444	341.031	549.595	339.165	554.418	595.986	530.964	593.342	536.327	
54.6172	39.4307	311.36	19.0653	-336.585	49.712	-82.1949	31.5904	57.1145	34.4663	314.639	13.805	-334.715	44.8863	-79.5503	26.2276	13.7098	9.06899	-640.456	78.0594	4.48098	-640.045	13.5683	9.18049	-648.253	78.7061	4.53594	-647.818	14.4015	7.87409	-643.4	79.2408	3.16101	-642.96	0.163537	-0.256406	0.952634	0.105315	-0.270825	0.95685	0.163537	-0.00110939	0.986537	0.105315	-0.0139461	0.994341	0.163537	-0.00110939	0.986537	0.105315	-0.0139461	0.994341	9.41223	-0.0635635	6.04589	-0.799076	9.41223	-0.0635635	6.04589	-0.799076	238.508	97.623	266.334	85.2673	1330.59	544.619	1485.82	475.689	1416.61	499.471	1	1	1
"
 tid_11240_time_14:14:41:177 DPETW@ "GAZE_LOG_CALI: 672.156	559	669.625	563.96	929.456	538.433	926.196	543.629	341.794	549.701	340.021	554.586	596.849	531.302	594.299	536.526	
55.5308	39.5697	312.314	19.25	-335.728	49.8804	-81.2378	31.7895	58.0617	34.6093	315.579	14.0508	-333.95	44.9919	-78.6872	26.5659	13.9372	9.10735	-640.372	78.3	4.5303	-640.053	13.7984	9.21934	-648.17	78.9496	4.58586	-647.826	14.6339	7.90255	-643.106	79.4627	3.23509	-642.838	0.157685	-0.248527	0.955704	0.0987978	-0.260111	0.960511	0.157685	0.00729592	0.987463	0.0987978	-0.00264893	0.995104	0.157685	0.00729592	0.987463	0.0987978	-0.00264893	0.995104	9.07277	0.418029	5.66997	-0.151773	9.07277	0.418029	5.66997	-0.151773	234.953	102.964	262.476	92.3459	1310.76	574.416	1464.3	515.179	1391.27	540.115	1	1	1
"
 tid_11240_time_14:14:41:200 DPETW@ "GAZE_LOG_CALI: 672.807	559.192	670.285	564.28	930.146	538.887	926.867	544.025	342.32	549.94	340.581	554.886	597.537	531.662	594.951	536.918	
56.1909	39.8895	312.985	19.6463	-335.166	50.1804	-80.5859	32.182	58.7136	34.8012	316.27	14.5047	-333.423	45.2307	-77.9989	26.9256	14.0993	9.18357	-640.213	78.465	4.63003	-640.03	13.9625	9.29652	-648.011	79.1167	4.68681	-647.803	14.7932	7.95507	-642.912	79.6367	3.33855	-642.838	0.155629	-0.251317	0.955311	0.100562	-0.260765	0.96015	0.155629	0.00449961	0.987805	0.100562	-0.00337476	0.994925	0.155629	0.00449961	0.987805	0.100562	-0.00337476	0.994925	8.95338	0.25781	5.77155	-0.19336	8.95338	0.25781	5.77155	-0.19336	233.771	101.321	263.752	91.9977	1304.16	565.251	1471.42	513.237	1392.01	533.902	1	1	1
"
 tid_11240_time_14:14:41:223 DPETW@ "GAZE_LOG_CALI: 673.745	559.634	671.203	564.594	931.063	539.195	927.772	544.444	343.164	550.403	341.373	555.272	598.465	532.025	595.857	537.359	
57.1094	40.2034	313.892	20.0655	-334.373	50.5664	-79.6794	32.6234	59.6514	35.2432	317.189	14.8134	-332.578	45.6938	-77.0715	27.2886	14.3247	9.26962	-640.021	78.6928	4.73924	-640.032	14.1906	9.38367	-647.819	79.3473	4.79736	-647.804	15.0262	8.06835	-642.76	79.8704	3.4245	-642.854	0.157861	-0.248477	0.955688	0.101313	-0.265899	0.958662	0.157861	0.00733948	0.987434	0.101313	-0.00871871	0.994816	0.157861	0.00733948	0.987434	0.101313	-0.00871871	0.994816	9.08302	0.420525	5.815	-0.499552	9.08302	0.420525	5.815	-0.499552	235.411	103.239	264.46	88.779	1313.31	575.949	1475.37	495.28	1399.38	529.296	1	1	1
"
 tid_11240_time_14:14:41:246 DPETW@ "GAZE_LOG_CALI: 674.283	560.035	671.785	565.076	931.636	539.455	928.347	544.725	343.533	550.751	341.882	555.662	599.071	532.273	596.436	537.636	
57.6914	40.6851	314.468	20.3471	-333.863	50.9564	-79.1005	32.8996	60.1893	35.6441	317.763	15.0734	-332.209	46.0424	-76.4653	27.5366	14.4683	9.37791	-639.899	78.8383	4.81008	-640.041	14.3359	9.49331	-647.697	79.4945	4.86906	-647.813	15.155	8.15981	-642.489	80.0218	3.48964	-642.909	0.150609	-0.245194	0.957704	0.102965	-0.269354	0.957521	0.150609	0.0110323	0.988532	0.102965	-0.0123512	0.994608	0.150609	0.0110323	0.988532	0.102965	-0.0123512	0.994608	8.66273	0.63212	5.91037	-0.70769	8.66273	0.63212	5.91037	-0.70769	230.883	105.687	265.651	86.584	1288.05	589.606	1482.01	483.035	1389.29	530.87	1	1	1
"
 tid_11240_time_14:14:41:268 DPETW@ "GAZE_LOG_CALI: 674.602	560.57	672.146	565.499	931.953	539.851	928.69	545.009	343.939	551.153	342.128	556.163	599.33	532.606	596.693	537.914	
58.0522	41.1087	314.812	20.6317	-333.616	51.4584	-78.8432	33.1782	60.5089	36.179	318.081	15.4699	-331.802	46.4441	-76.2059	27.8692	14.554	9.49185	-639.719	78.9071	4.88007	-639.902	14.4226	9.60869	-647.517	79.5643	4.93992	-647.674	15.2391	8.28025	-642.624	80.09	3.58143	-642.814	0.159001	-0.258692	0.952784	0.103591	-0.26772	0.957912	0.159001	-0.00327876	0.987273	0.103591	-0.0106722	0.994563	0.159001	-0.00327876	0.987273	0.103591	-0.0106722	0.994563	9.14895	-0.18786	5.94633	-0.611486	9.14895	-0.18786	5.94633	-0.611486	236.338	96.8664	266.101	87.7341	1318.48	540.398	1484.53	489.451	1408.91	505.445	1	1	1
"
 tid_11240_time_14:14:41:291 DPETW@ "GAZE_LOG_CALI: 674.899	560.919	672.326	565.959	932.17	540.023	928.928	545.32	344.046	551.643	342.29	556.584	599.602	532.872	597.025	538.259	
58.2327	41.5687	315.051	20.9423	-333.455	51.8791	-78.5111	33.5233	60.8055	36.5285	318.299	15.6417	-331.695	46.9345	-75.9343	28.1355	14.5991	9.60204	-639.674	78.9855	4.96411	-640.05	14.4682	9.72024	-647.472	79.6435	5.02498	-647.822	15.3061	8.38234	-642.315	80.156	3.63769	-642.907	0.15537	-0.248097	0.956194	0.0998516	-0.270327	0.957577	0.15537	0.00783771	0.987825	0.0998516	-0.0132767	0.994914	0.15537	0.00783771	0.987825	0.0998516	-0.0132767	0.994914	8.93856	0.449072	5.73113	-0.760721	8.93856	0.449072	5.73113	-0.760721	234.047	103.963	263.849	86.1583	1305.7	579.988	1471.96	480.66	1393.89	523.842	1	1	1
"
 tid_11240_time_14:14:41:313 DPETW@ "GAZE_LOG_CALI: 675.128	561.172	672.609	566.284	932.398	540.155	929.211	545.441	344.242	551.935	342.493	556.892	599.91	532.973	597.288	538.32	
58.5155	41.8941	315.334	21.0632	-333.251	52.1874	-78.2489	33.5843	61.0347	36.7815	318.527	15.7741	-331.499	47.2267	-75.6264	28.2366	14.6665	9.67999	-639.549	79.0525	4.98696	-640.016	14.5365	9.79918	-647.348	79.7114	5.04811	-647.788	15.3622	8.45071	-642.265	80.2298	3.6683	-643.039	0.155135	-0.253357	0.954852	0.104244	-0.277456	0.955066	0.155135	0.00240983	0.98789	0.104244	-0.0208126	0.994334	0.155135	0.00240983	0.98789	0.104244	-0.0208126	0.994334	8.92468	0.138073	5.98494	-1.19256	8.92468	0.138073	5.98494	-1.19256	233.946	100.665	266.685	81.4936	1305.14	561.589	1487.78	454.637	1404.03	498.189	1	1	1
"
 tid_11240_time_14:14:41:335 DPETW@ "GAZE_LOG_CALI: 675.324	561.461	672.836	566.459	932.627	540.18	929.328	545.436	344.445	552.066	342.73	557.063	600.121	532.967	597.546	538.303	
58.7421	42.0688	315.451	21.0586	-333.014	52.3584	-77.9905	33.567	61.2303	37.0704	318.756	15.7995	-331.296	47.3575	-75.4146	28.2306	14.7241	9.72385	-639.561	79.1111	4.98646	-640.257	14.5948	9.84358	-647.359	79.7704	5.04759	-648.029	15.412	8.50394	-642.273	80.2843	3.6708	-643.011	0.153551	-0.251708	0.955544	0.0982947	-0.263337	0.959683	0.153551	0.00418223	0.988132	0.0982947	-0.00597966	0.995139	0.153551	0.00418223	0.988132	0.0982947	-0.00597966	0.995139	8.83286	0.239625	5.64108	-0.342611	8.83286	0.239625	5.64108	-0.342611	232.99	101.816	263.013	90.6662	1299.81	568.012	1467.3	505.808	1387.65	531.653	1	1	1
"
 tid_11240_time_14:14:41:358 DPETW@ "GAZE_LOG_CALI: 675.418	561.527	673.006	566.54	932.743	540.167	929.465	545.442	344.588	552.14	342.924	557.184	600.279	532.995	597.644	538.301	
58.9122	42.1501	315.589	21.0649	-332.82	52.4798	-77.8928	33.5645	61.3244	37.1365	318.873	15.7864	-331.152	47.432	-75.2568	28.2587	14.767	9.75038	-639.613	79.1375	4.98648	-640.19	14.6382	9.87042	-647.411	79.7973	5.04761	-647.962	15.4378	8.52294	-642.352	80.3221	3.67328	-643.078	0.150969	-0.25443	0.955235	0.102896	-0.269433	0.957506	0.150969	0.00147274	0.988537	0.102896	-0.0124316	0.994614	0.150969	0.00147274	0.988537	0.102896	-0.0124316	0.994614	8.68308	0.0843819	5.90641	-0.712295	8.68308	0.0843819	5.90641	-0.712295	231.384	100.129	265.93	86.6656	1290.84	558.598	1483.57	483.49	1392.92	513.566	1	1	1
"
 tid_11240_time_14:14:41:381 DPETW@ "GAZE_LOG_CALI: 676.008	561.399	673.473	566.438	933.166	539.883	929.896	545.11	345.159	552.06	343.427	557.058	600.777	532.707	598.215	538.063	
59.3795	42.0478	316.021	20.7323	-332.316	52.3539	-77.3216	33.3271	61.9151	37.0082	319.296	15.502	-330.58	47.3516	-74.7586	27.9706	14.886	9.72314	-639.674	79.2757	4.91738	-640.436	14.7587	9.84284	-647.472	79.9368	4.97763	-648.208	15.5859	8.49686	-642.328	80.4454	3.60223	-643.212	0.153731	-0.250141	0.955927	0.0976782	-0.264168	0.959518	0.153731	0.00579488	0.988096	0.0976782	-0.00682499	0.995195	0.153731	0.00579488	0.988096	0.0976782	-0.00682499	0.995195	8.84336	0.332024	5.60562	-0.391046	8.84336	0.332024	5.60562	-0.391046	233.287	102.799	262.808	90.0254	1301.46	573.492	1466.15	502.234	1387.85	532.695	1	1	1
"
 tid_11240_time_14:14:41:404 DPETW@ "GAZE_LOG_CALI: 676.581	560.878	674.148	565.917	933.745	539.479	930.464	544.654	345.86	551.591	344.159	556.51	601.421	532.262	598.797	537.562	
60.0541	41.5266	316.589	20.276	-331.582	51.8046	-76.7397	32.8256	62.4877	36.4876	319.876	15.0976	-329.878	46.8828	-74.1152	27.5255	15.058	9.59091	-639.779	79.4221	4.79756	-640.46	14.9328	9.70896	-647.577	80.085	4.85635	-648.232	15.7352	8.3758	-642.56	80.606	3.49614	-643.327	0.152733	-0.25377	0.95513	0.10183	-0.265869	0.958616	0.152733	0.00208236	0.988265	0.10183	-0.00870182	0.994764	0.152733	0.00208236	0.988265	0.10183	-0.00870182	0.994764	8.78536	0.119311	5.84481	-0.498584	8.78536	0.119311	5.84481	-0.498584	232.829	100.313	265.567	88.7317	1298.91	559.624	1481.54	495.016	1395.65	520.358	1	1	1
"
 tid_11240_time_14:14:41:426 DPETW@ "GAZE_LOG_CALI: 677.159	560.518	674.64	565.468	934.274	539.17	931.052	544.489	346.406	551.175	344.7	556.175	602.053	532.052	599.404	537.361	
60.5469	41.0773	317.179	20.111	-331.041	51.4694	-76.1319	32.6245	63.0656	36.1271	320.406	14.789	-329.331	46.4658	-73.4829	27.3157	15.1831	9.49439	-639.88	79.5749	4.75238	-640.499	15.0595	9.61123	-647.678	80.2396	4.81061	-648.27	15.8797	8.27759	-642.519	80.7619	3.43232	-643.508	0.152144	-0.247383	0.956898	0.104762	-0.276465	0.955297	0.152144	0.00871031	0.98832	0.104762	-0.0197958	0.9943	0.152144	0.00871031	0.98832	0.104762	-0.0197958	0.9943	8.75153	0.49907	6.01464	-1.13429	8.75153	0.49907	6.01464	-1.13429	232.592	104.351	267.58	81.764	1297.59	582.151	1492.77	456.145	1401.7	510.751	1	1	1
"
 tid_11240_time_14:14:41:449 DPETW@ "GAZE_LOG_CALI: 677.816	559.986	675.308	565.057	934.881	539.076	931.589	544.343	347.087	550.785	345.341	555.691	602.682	531.982	600.12	537.314	
61.2149	40.6663	317.716	19.9655	-330.399	50.9854	-75.4164	32.5773	63.7224	35.5959	321.014	14.6948	-328.649	46.0761	-72.8532	27.2458	15.3501	9.38193	-639.846	79.7473	4.73127	-640.802	15.2285	9.49739	-647.644	80.4137	4.78922	-648.573	16.0462	8.16282	-642.578	80.9204	3.41245	-643.545	0.154198	-0.251676	0.955449	0.0967438	-0.262874	0.959968	0.154198	0.00418809	0.988031	0.0967438	-0.00545904	0.995294	0.154198	0.00418809	0.988031	0.0967438	-0.00545904	0.995294	8.87037	0.239961	5.55178	-0.312782	8.87037	0.239961	5.55178	-0.312782	234.069	101.413	262.727	90.5977	1305.82	565.761	1465.7	505.426	1390.14	529.997	1	1	1
"
 tid_11240_time_14:14:41:472 DPETW@ "GAZE_LOG_CALI: 678.199	559.741	675.689	564.688	935.321	539.09	932.031	544.381	347.461	550.409	345.773	555.47	603.16	531.902	600.561	537.257	
61.5955	40.2981	318.159	20.0028	-329.966	50.7643	-74.9746	32.5211	64.1056	35.3502	321.455	14.7082	-328.274	45.6997	-72.3754	27.165	15.4472	9.30986	-639.948	79.8589	4.72932	-640.804	15.3269	9.42442	-647.747	80.5267	4.78723	-648.575	16.1426	8.0845	-642.571	81.0398	3.40473	-643.608	0.150837	-0.247784	0.957001	0.0990447	-0.266851	0.958635	0.150837	0.0083493	0.988523	0.0990447	-0.00964557	0.995036	0.150837	0.0083493	0.988523	0.0990447	-0.00964557	0.995036	8.67573	0.478385	5.68443	-0.552659	8.67573	0.478385	5.68443	-0.552659	232.023	103.925	264.288	87.9872	1294.41	579.776	1474.41	490.863	1388.71	529.804	1	1	1
"
 tid_11240_time_14:14:41:494 DPETW@ "GAZE_LOG_CALI: 678.45	559.692	675.979	564.648	935.59	539.342	932.307	544.564	347.951	550.422	346.096	555.388	603.452	532.217	600.862	537.503	
61.8859	40.2574	318.436	20.1863	-329.642	50.6815	-74.6738	32.7662	64.3566	35.3013	321.725	14.9606	-327.783	45.7127	-72.084	27.4807	15.5215	9.29554	-640.008	79.9333	4.78396	-640.844	15.4021	9.40991	-647.806	80.602	4.84255	-648.615	16.2157	8.08567	-642.969	81.1126	3.47717	-643.651	0.160112	-0.260623	0.952071	0.0986809	-0.263888	0.959492	0.160112	-0.00532788	0.987084	0.0986809	-0.00656159	0.995097	0.160112	-0.00532788	0.987085	0.098681	-0.00656159	0.995098	9.21352	-0.305267	5.66334	-0.375954	9.21352	-0.305267	5.66334	-0.375954	238.071	95.311	264.139	89.9506	1328.15	531.721	1473.58	501.817	1408.06	507.58	1	1	1
"
 tid_11240_time_14:14:41:517 DPETW@ "GAZE_LOG_CALI: 678.35	559.847	675.913	564.887	935.497	539.679	932.202	544.836	347.659	550.622	345.892	555.557	603.343	532.507	600.628	537.748	
61.8202	40.4967	318.331	20.4584	-329.847	50.8505	-74.9086	33.0119	64.2569	35.4564	321.632	15.2978	-328.076	45.9128	-72.1923	27.7707	15.4992	9.34323	-639.78	79.8797	4.84719	-640.627	15.3795	9.45823	-647.578	80.548	4.90657	-648.398	16.1825	8.12612	-642.65	81.0856	3.55625	-643.626	0.155388	-0.257772	0.953629	0.107756	-0.270679	0.95662	0.155388	-0.00217159	0.987851	0.107756	-0.0138648	0.994081	0.155388	-0.00217159	0.987851	0.107756	-0.0138648	0.994081	8.93931	-0.124423	6.18655	-0.794418	8.93931	-0.124423	6.18655	-0.794418	234.972	97.401	269.784	85.5143	1310.86	543.381	1505.07	477.067	1416.34	499.571	1	1	1
"
 tid_11240_time_14:14:41:540 DPETW@ "GAZE_LOG_CALI: 678.082	560.002	675.537	565.064	935.112	539.72	931.85	545.001	347.264	550.705	345.589	555.664	603.008	532.604	600.409	537.857	
61.4435	40.6735	317.978	20.6236	-330.15	50.9577	-75.1272	33.1212	63.9886	35.6114	321.246	15.3385	-328.471	45.996	-72.5278	27.8677	15.4082	9.38014	-639.882	79.8184	4.88331	-640.85	15.2874	9.49557	-647.68	80.4857	4.9431	-648.621	16.11	8.15286	-642.429	80.9977	3.57379	-643.698	0.150061	-0.244939	0.957855	0.0996969	-0.266622	0.958631	0.150061	0.0113179	0.988612	0.0996969	-0.00942487	0.994973	0.150061	0.0113179	0.988612	0.0996969	-0.00942487	0.994973	8.63102	0.648483	5.72198	-0.540013	8.63102	0.648483	5.72198	-0.540013	231.481	105.872	264.666	88.262	1291.39	590.638	1476.52	492.396	1387.7	536.758	1	1	1
"
 tid_11240_time_14:14:41:563 DPETW@ "GAZE_LOG_CALI: 677.646	559.986	675.097	565.016	934.687	539.597	931.388	544.803	346.875	550.749	345.103	555.644	602.487	532.426	599.864	537.691	
61.0034	40.6255	317.515	20.4255	-330.637	50.9381	-75.6718	32.9546	63.5525	35.5958	320.82	15.2163	-328.861	46.0397	-73.0483	27.6893	15.2963	9.36983	-639.795	79.6846	4.83564	-640.702	15.174	9.48516	-647.593	80.3504	4.89487	-648.473	16.0014	8.1571	-642.511	80.8703	3.53423	-643.536	0.155607	-0.249759	0.955723	0.101001	-0.264331	0.959129	0.155607	0.00611071	0.9878	0.101001	-0.0070833	0.994861	0.155607	0.00611071	0.9878	0.101001	-0.0070833	0.994861	8.95214	0.35012	5.79697	-0.405846	8.95214	0.35012	5.79697	-0.405846	234.912	102.621	265.334	89.7128	1310.53	572.503	1480.25	500.49	1400.44	530.193	1	1	1
"
 tid_11240_time_14:14:41:586 DPETW@ "GAZE_LOG_CALI: 677.201	560.005	674.685	565.109	934.227	539.455	931.053	544.699	346.549	550.721	344.728	555.678	602.101	532.26	599.452	537.58	
60.5921	40.7191	317.18	20.321	-331.012	50.9727	-76.0843	32.8439	63.1076	35.6147	320.359	15.0741	-329.187	46.012	-73.4348	27.5239	15.1941	9.38646	-639.855	79.5844	4.80709	-640.574	15.0706	9.50198	-647.653	80.2491	4.86598	-648.345	15.8946	8.15801	-642.691	80.7691	3.49563	-643.657	0.158262	-0.258123	0.953061	0.10587	-0.279014	0.954433	0.158262	-0.00265764	0.987394	0.10587	-0.0224809	0.994126	0.158262	-0.00265764	0.987394	0.10587	-0.0224809	0.994126	9.10604	-0.152272	6.07886	-1.28817	9.10604	-0.152272	6.07886	-1.28817	236.526	97.1179	268.301	80.121	1319.53	541.801	1496.79	446.979	1417.96	481.591	1	1	1
"
 tid_11240_time_14:14:41:608 DPETW@ "GAZE_LOG_CALI: 676.932	559.967	674.362	565.018	933.93	539.182	930.644	544.512	346.185	550.732	344.419	555.665	601.746	532.082	599.18	537.388	
60.2682	40.6275	316.77	20.1344	-331.322	50.9595	-76.356	32.652	62.8389	35.5765	320.062	14.8006	-329.552	46.0229	-73.79	27.345	15.1132	9.37335	-639.878	79.5092	4.76088	-640.793	14.9887	9.4887	-647.676	80.1728	4.81919	-648.564	15.8229	8.15213	-642.533	80.6822	3.43751	-643.562	0.155082	-0.248482	0.956141	0.097687	-0.26496	0.959299	0.155082	0.00745259	0.987873	0.097687	-0.0076465	0.995188	0.155082	0.00745259	0.987873	0.097687	-0.0076465	0.995188	8.92182	0.427006	5.60616	-0.438117	8.92182	0.427006	5.60616	-0.438117	234.404	103.445	263.079	89.2664	1307.69	577.101	1467.67	498	1392.04	532.022	1	1	1
"
 tid_11240_time_14:14:41:630 DPETW@ "GAZE_LOG_CALI: 676.836	559.879	674.296	564.921	933.913	539.044	930.597	544.269	346.071	550.618	344.345	555.528	601.708	531.87	599.064	537.266	
60.2026	40.5305	316.722	19.8905	-331.397	50.8221	-76.4725	32.5298	62.7425	35.4882	320.044	14.6622	-329.667	45.9084	-73.8276	27.1333	15.0962	9.34362	-639.869	79.4837	4.7139	-640.689	14.9716	9.45861	-647.667	80.1471	4.77164	-648.46	15.7977	8.12605	-642.508	80.6738	3.39296	-643.529	0.153226	-0.247153	0.956785	0.102309	-0.267816	0.958023	0.153226	0.00890251	0.988151	0.102309	-0.0107357	0.994695	0.153226	0.00890251	0.988151	0.102309	-0.0107357	0.994695	8.81429	0.510083	5.87249	-0.61512	8.81429	0.510083	5.87249	-0.61512	233.192	104.327	265.952	87.3218	1300.93	582.02	1483.69	487.151	1397.28	528.318	1	1	1
"
 tid_11240_time_14:14:41:652 DPETW@ "GAZE_LOG_CALI: 676.91	559.817	674.319	564.814	933.978	538.857	930.636	544.112	346.107	550.497	344.358	555.436	601.703	531.709	599.137	536.99	
60.2257	40.4238	316.762	19.7335	-331.383	50.7306	-76.3996	32.2533	62.8171	35.4268	320.11	14.4757	-329.63	45.7879	-73.8328	26.9725	15.1022	9.31836	-639.844	79.5009	4.65978	-640.747	14.9776	9.43304	-647.642	80.1644	4.71685	-648.519	15.8153	8.10224	-642.442	80.6764	3.34843	-643.421	0.15419	-0.244932	0.957201	0.0965375	-0.258044	0.961298	0.15419	0.0111562	0.987978	0.0965375	-0.000449583	0.995329	0.15419	0.0111562	0.987978	0.0965375	-0.000449583	0.995329	8.8704	0.639214	5.53982	-0.0257592	8.8704	0.639214	5.53982	-0.0257592	233.815	105.724	262.34	93.6607	1304.41	589.811	1463.54	522.514	1386.51	553.031	1	1	1
"
 tid_11240_time_14:14:41:674 DPETW@ "GAZE_LOG_CALI: 676.999	559.747	674.427	564.716	934.106	538.789	930.8	544.028	346.206	550.486	344.426	555.389	601.752	531.637	599.222	536.919	
60.3333	40.3252	316.926	19.6502	-331.315	50.6835	-76.3146	32.1831	62.9055	35.3562	320.237	14.4072	-329.532	45.7772	-73.7841	26.9005	15.1274	9.29925	-639.786	79.5261	4.63951	-640.615	15.0031	9.41371	-647.584	80.1901	4.69634	-648.386	15.8374	8.09248	-642.472	80.6925	3.32998	-643.292	0.156052	-0.247133	0.956333	0.0948244	-0.257882	0.961512	0.156052	0.00880547	0.98771	0.0948244	-0.000237495	0.995494	0.156052	0.00880547	0.98771	0.0948244	-0.000237495	0.995494	8.97814	0.504523	5.44122	-0.0136074	8.97814	0.504523	5.44122	-0.0136074	235.026	104.246	261.277	93.8073	1311.16	581.567	1457.61	523.332	1387.26	548.88	1	1	1
"
 tid_11240_time_14:14:41:697 DPETW@ "GAZE_LOG_CALI: 677.167	559.555	674.647	564.562	934.323	538.708	931.053	543.943	346.295	550.252	344.526	555.203	602	531.505	599.401	536.773	
60.5533	40.1717	317.18	19.5648	-331.215	50.4973	-76.1351	32.0372	63.0737	35.1641	320.456	14.3258	-329.442	45.5422	-73.5356	26.7681	15.1782	9.25368	-639.589	79.5753	4.60967	-640.5	15.0545	9.36761	-647.388	80.24	4.66615	-648.271	15.8776	8.03677	-642.329	80.7542	3.30346	-643.344	0.155447	-0.251344	0.955334	0.10007	-0.265203	0.958986	0.155447	0.00447927	0.987834	0.10007	-0.0079627	0.994949	0.155447	0.00447927	0.987834	0.10007	-0.0079627	0.994949	8.94284	0.256644	5.7434	-0.456234	8.94284	0.256644	5.7434	-0.456234	234.654	101.536	264.613	88.9989	1309.09	566.448	1476.22	496.507	1397.91	524.81	1	1	1
"
 tid_11240_time_14:14:41:720 DPETW@ "GAZE_LOG_CALI: 677.428	559.389	675.004	564.419	934.72	538.639	931.386	543.864	346.454	549.988	344.742	555.057	602.347	531.435	599.634	536.721	
60.9104	40.0284	317.513	19.4854	-330.998	50.3514	-75.9019	31.9847	63.3351	34.9985	320.853	14.2576	-329.282	45.2785	-73.1889	26.6981	15.2623	9.21423	-639.366	79.6391	4.59209	-640.342	15.1396	9.32771	-647.164	80.3048	4.64837	-648.113	15.9393	7.98066	-642.172	80.8445	3.28589	-643.264	0.152823	-0.257436	0.954134	0.106533	-0.268957	0.957242	0.152823	-0.00171651	0.988252	0.106533	-0.0120395	0.994236	0.152823	-0.00171651	0.988252	0.106533	-0.0120395	0.994236	8.79057	-0.0983488	6.11594	-0.689832	8.79057	-0.0983488	6.11594	-0.689832	233.017	97.6689	268.732	86.4815	1299.95	544.875	1499.2	482.463	1406.93	504.196	1	1	1
"
 tid_11240_time_14:14:41:742 DPETW@ "GAZE_LOG_CALI: 677.726	559.396	675.197	564.488	934.973	538.866	931.627	544.141	346.731	550.111	344.899	555.17	602.431	531.707	599.831	537.048	
61.1036	40.0974	317.755	19.7632	-330.841	50.4641	-75.705	32.3116	63.6329	35.0051	321.107	14.4844	-329.005	45.4017	-73.1043	26.9705	15.3087	9.23652	-639.318	79.6903	4.66784	-640.264	15.1866	9.35029	-647.116	80.3566	4.72505	-648.036	16.0129	7.99709	-642.149	80.8734	3.34754	-642.986	0.158477	-0.259516	0.952647	0.0982571	-0.261905	0.960079	0.158477	-0.00410971	0.987354	0.0982571	-0.00449391	0.995151	0.158477	-0.00410971	0.987354	0.0982571	-0.00449391	0.995151	9.11859	-0.23547	5.63887	-0.257483	9.11859	-0.23547	5.63887	-0.257483	236.692	96.2008	263.568	91.2777	1320.46	536.685	1470.39	509.22	1401.63	515.01	1	1	1
"
 tid_11240_time_14:14:41:765 DPETW@ "GAZE_LOG_CALI: 677.84	559.675	675.26	564.68	935.138	539.136	931.783	544.489	346.753	550.389	344.91	555.403	602.568	531.993	599.945	537.351	
61.1666	40.29	317.911	20.1113	-330.83	50.6969	-75.5916	32.6146	63.7467	35.2844	321.272	14.7547	-328.983	45.6796	-72.9676	27.2568	15.3227	9.28863	-639.226	79.7204	4.7493	-640.191	15.2007	9.40305	-647.024	80.3872	4.80751	-647.962	16.0379	8.06543	-641.995	80.909	3.41776	-642.938	0.158844	-0.253799	0.954125	0.0995937	-0.265261	0.959019	0.158844	0.00179526	0.987302	0.0995937	-0.00801012	0.994996	0.158844	0.00179526	0.987302	0.0995937	-0.00801012	0.994996	9.13979	0.102861	5.71596	-0.458951	9.13979	0.102861	5.71596	-0.458951	236.929	99.9803	264.435	89.1883	1321.78	557.77	1475.23	497.563	1404.56	520.039	1	1	1
"
 tid_11240_time_14:14:41:788 DPETW@ "GAZE_LOG_CALI: 677.834	560.039	675.293	565.12	935.242	539.591	931.909	544.912	346.635	550.755	344.838	555.712	602.543	532.428	599.938	537.689	
61.1997	40.7292	318.038	20.5342	-330.902	51.0062	-75.5977	32.9532	63.7406	35.6486	321.376	15.2104	-329.101	46.0463	-72.993	27.6917	15.3271	9.37978	-639.043	79.7247	4.84331	-639.972	15.2051	9.49537	-646.841	80.3918	4.9027	-647.743	16.0321	8.15494	-641.799	80.9084	3.52903	-642.73	0.156548	-0.253731	0.954523	0.0988866	-0.262959	0.959726	0.156548	0.00196332	0.987668	0.0988866	-0.00560386	0.995083	0.156548	0.00196332	0.987668	0.0988866	-0.00560386	0.995083	9.0066	0.11249	5.67515	-0.321079	9.0066	0.11249	5.67515	-0.321079	235.433	100.221	263.975	90.8354	1313.43	559.115	1472.67	506.753	1398.22	526.407	1	1	1
"
 tid_11240_time_14:14:41:811 DPETW@ "GAZE_LOG_CALI: 677.737	560.326	675.227	565.372	935.129	539.858	931.817	545.122	346.524	551.006	344.698	555.996	602.409	532.638	599.806	538.002	
61.1342	40.9814	317.945	20.7443	-331.043	51.2908	-75.7303	33.2654	63.6436	35.9354	321.263	15.4774	-329.213	46.2974	-73.1271	27.9016	15.3079	9.44506	-638.911	79.6929	4.9084	-639.906	15.1856	9.56147	-646.71	80.3597	4.9686	-647.677	16.0071	8.2223	-641.769	80.8748	3.58887	-642.687	0.158447	-0.258318	0.952978	0.0990139	-0.265196	0.959097	0.158447	-0.00286733	0.987363	0.0990139	-0.00792696	0.995054	0.158447	-0.00286733	0.987363	0.0990139	-0.00792696	0.995054	9.11683	-0.164286	5.68257	-0.454186	9.11683	-0.164286	5.68257	-0.454186	236.617	97.2905	264.019	89.4716	1320.04	542.764	1472.91	499.144	1402.94	512.673	1	1	1
"
 tid_11240_time_14:14:41:834 DPETW@ "GAZE_LOG_CALI: 677.489	560.473	674.93	565.491	934.895	539.86	931.554	545.126	346.227	551.201	344.394	556.128	602.142	532.672	599.497	537.968	
60.8371	41.1008	317.682	20.7487	-331.347	51.4231	-76.0394	33.2316	63.3954	36.0828	321.028	15.479	-329.511	46.4921	-73.394	27.9354	15.2323	9.47634	-638.91	79.617	4.90369	-639.824	15.1091	9.59314	-646.708	80.283	4.96384	-647.595	15.9422	8.2641	-641.689	80.8089	3.59276	-642.634	0.158433	-0.25275	0.954472	0.101631	-0.264968	0.958887	0.158433	0.00289784	0.987365	0.101631	-0.00776094	0.994792	0.158433	0.00289784	0.987366	0.101631	-0.00776094	0.994792	9.11599	0.166034	5.83329	-0.444674	9.11599	0.166034	5.83329	-0.444674	236.533	100.937	265.579	89.5908	1319.57	563.105	1481.61	499.809	1406.49	524.11	1	1	1
"
 tid_11240_time_14:14:41:856 DPETW@ "GAZE_LOG_CALI: 677.214	560.414	674.718	565.441	934.707	539.678	931.402	544.969	346.047	551.128	344.293	556.072	601.925	532.468	599.352	537.763	
60.6245	41.0506	317.529	20.5914	-331.448	51.367	-76.1839	33.0269	63.1211	36.0238	320.84	15.2967	-329.69	46.4196	-73.6105	27.7311	15.1839	9.46553	-639.082	79.5804	4.85808	-639.835	15.0601	9.58216	-646.88	80.2458	4.91767	-647.606	15.8769	8.24939	-641.844	80.7553	3.54338	-642.579	0.154882	-0.252732	0.955059	0.097309	-0.262475	0.96002	0.154882	0.00306745	0.987928	0.097309	-0.00506015	0.995241	0.154882	0.00306745	0.987928	0.097309	-0.00506015	0.995241	8.91002	0.175752	5.5843	-0.289927	8.91002	0.175752	5.5843	-0.289927	234.228	100.987	262.826	91.2248	1306.71	563.386	1466.25	508.925	1390.87	530.564	3	1	1
"